~o
<STREAMINFO> 1 72
<VECSIZE> 72<NULLD><USER><DIAGC>
~h "bunny"
<BEGINHMM>
<NUMSTATES> 8
<STATE> 2
<MEAN> 72
 7.330416e-01 7.341357e-01 7.319475e-01 7.308534e-01 7.264770e-01 6.980307e-01 7.013129e-01 7.024070e-01 7.450766e-01 7.472647e-01 7.472647e-01 7.461707e-01 7.330416e-01 7.231948e-01 7.253829e-01 7.417943e-01 7.910284e-01 7.768052e-01 7.811816e-01 7.636762e-01 7.330416e-01 7.669584e-01 7.680525e-01 7.363238e-01 8.446389e-01 8.380744e-01 8.216630e-01 7.855580e-01 8.096280e-01 8.107221e-01 7.866521e-01 7.833698e-01 8.960612e-01 8.763676e-01 8.326039e-01 8.369803e-01 8.446389e-01 8.380744e-01 8.183808e-01 8.172867e-01 9.299781e-01 8.971553e-01 8.730853e-01 8.894967e-01 8.785558e-01 8.610503e-01 8.533917e-01 8.468271e-01 9.343545e-01 9.179431e-01 9.146608e-01 9.212254e-01 9.190372e-01 9.004377e-01 8.982494e-01 8.971553e-01 9.463895e-01 9.332604e-01 9.540482e-01 9.463895e-01 9.266958e-01 9.223195e-01 9.201313e-01 9.256017e-01 2.614880e-01 9.737418e-01 9.726477e-01 9.638950e-01 9.452954e-01 9.649891e-01 9.398249e-01 9.606127e-01
<VARIANCE> 72
 1.956916e-01 1.951805e-01 1.962004e-01 1.967067e-01 1.987081e-01 2.107838e-01 2.094731e-01 2.090314e-01 1.899375e-01 1.888602e-01 1.888602e-01 1.894000e-01 1.956916e-01 2.001841e-01 1.992026e-01 1.915355e-01 1.653025e-01 1.733789e-01 1.709369e-01 1.804749e-01 1.956916e-01 1.787332e-01 1.781479e-01 1.941511e-01 1.312240e-01 1.357057e-01 1.465329e-01 1.684566e-01 1.541305e-01 1.534518e-01 1.678306e-01 1.697016e-01 9.313552e-02 1.083474e-01 1.393746e-01 1.364443e-01 1.312240e-01 1.357057e-01 1.486337e-01 1.493292e-01 6.511879e-02 9.226765e-02 1.108074e-01 9.829226e-02 1.066955e-01 1.196427e-01 1.251143e-01 1.297109e-01 6.133618e-02 7.532354e-02 7.805643e-02 7.256920e-02 7.440778e-02 8.964967e-02 9.139738e-02 9.226765e-02 5.073642e-02 6.228545e-02 4.384026e-02 5.073642e-02 6.793069e-02 7.164627e-02 7.348974e-02 6.886321e-02 1.931120e-01 2.556876e-02 2.660410e-02 3.480147e-02 5.171202e-02 3.378516e-02 5.655403e-02 3.783590e-02
<GCONST> -2.455579e+01
<STATE> 3
<MEAN> 72
 7.330416e-01 7.341357e-01 7.319475e-01 7.308534e-01 7.264770e-01 6.980307e-01 7.013129e-01 7.024070e-01 7.450766e-01 7.472647e-01 7.472647e-01 7.461707e-01 7.330416e-01 7.231948e-01 7.253829e-01 7.417943e-01 7.910284e-01 7.768052e-01 7.811816e-01 7.636762e-01 7.330416e-01 7.669584e-01 7.680525e-01 7.363238e-01 8.446389e-01 8.380744e-01 8.216630e-01 7.855580e-01 8.096280e-01 8.107221e-01 7.866521e-01 7.833698e-01 8.960612e-01 8.763676e-01 8.326039e-01 8.369803e-01 8.446389e-01 8.380744e-01 8.183808e-01 8.172867e-01 9.299781e-01 8.971553e-01 8.730853e-01 8.894967e-01 8.785558e-01 8.610503e-01 8.533917e-01 8.468271e-01 9.343545e-01 9.179431e-01 9.146608e-01 9.212254e-01 9.190372e-01 9.004377e-01 8.982494e-01 8.971553e-01 9.463895e-01 9.332604e-01 9.540482e-01 9.463895e-01 9.266958e-01 9.223195e-01 9.201313e-01 9.256017e-01 2.614880e-01 9.737418e-01 9.726477e-01 9.638950e-01 9.452954e-01 9.649891e-01 9.398249e-01 9.606127e-01
<VARIANCE> 72
 1.956916e-01 1.951805e-01 1.962004e-01 1.967067e-01 1.987081e-01 2.107838e-01 2.094731e-01 2.090314e-01 1.899375e-01 1.888602e-01 1.888602e-01 1.894000e-01 1.956916e-01 2.001841e-01 1.992026e-01 1.915355e-01 1.653025e-01 1.733789e-01 1.709369e-01 1.804749e-01 1.956916e-01 1.787332e-01 1.781479e-01 1.941511e-01 1.312240e-01 1.357057e-01 1.465329e-01 1.684566e-01 1.541305e-01 1.534518e-01 1.678306e-01 1.697016e-01 9.313552e-02 1.083474e-01 1.393746e-01 1.364443e-01 1.312240e-01 1.357057e-01 1.486337e-01 1.493292e-01 6.511879e-02 9.226765e-02 1.108074e-01 9.829226e-02 1.066955e-01 1.196427e-01 1.251143e-01 1.297109e-01 6.133618e-02 7.532354e-02 7.805643e-02 7.256920e-02 7.440778e-02 8.964967e-02 9.139738e-02 9.226765e-02 5.073642e-02 6.228545e-02 4.384026e-02 5.073642e-02 6.793069e-02 7.164627e-02 7.348974e-02 6.886321e-02 1.931120e-01 2.556876e-02 2.660410e-02 3.480147e-02 5.171202e-02 3.378516e-02 5.655403e-02 3.783590e-02
<GCONST> -2.455579e+01
<STATE> 4
<MEAN> 72
 7.330416e-01 7.341357e-01 7.319475e-01 7.308534e-01 7.264770e-01 6.980307e-01 7.013129e-01 7.024070e-01 7.450766e-01 7.472647e-01 7.472647e-01 7.461707e-01 7.330416e-01 7.231948e-01 7.253829e-01 7.417943e-01 7.910284e-01 7.768052e-01 7.811816e-01 7.636762e-01 7.330416e-01 7.669584e-01 7.680525e-01 7.363238e-01 8.446389e-01 8.380744e-01 8.216630e-01 7.855580e-01 8.096280e-01 8.107221e-01 7.866521e-01 7.833698e-01 8.960612e-01 8.763676e-01 8.326039e-01 8.369803e-01 8.446389e-01 8.380744e-01 8.183808e-01 8.172867e-01 9.299781e-01 8.971553e-01 8.730853e-01 8.894967e-01 8.785558e-01 8.610503e-01 8.533917e-01 8.468271e-01 9.343545e-01 9.179431e-01 9.146608e-01 9.212254e-01 9.190372e-01 9.004377e-01 8.982494e-01 8.971553e-01 9.463895e-01 9.332604e-01 9.540482e-01 9.463895e-01 9.266958e-01 9.223195e-01 9.201313e-01 9.256017e-01 2.614880e-01 9.737418e-01 9.726477e-01 9.638950e-01 9.452954e-01 9.649891e-01 9.398249e-01 9.606127e-01
<VARIANCE> 72
 1.956916e-01 1.951805e-01 1.962004e-01 1.967067e-01 1.987081e-01 2.107838e-01 2.094731e-01 2.090314e-01 1.899375e-01 1.888602e-01 1.888602e-01 1.894000e-01 1.956916e-01 2.001841e-01 1.992026e-01 1.915355e-01 1.653025e-01 1.733789e-01 1.709369e-01 1.804749e-01 1.956916e-01 1.787332e-01 1.781479e-01 1.941511e-01 1.312240e-01 1.357057e-01 1.465329e-01 1.684566e-01 1.541305e-01 1.534518e-01 1.678306e-01 1.697016e-01 9.313552e-02 1.083474e-01 1.393746e-01 1.364443e-01 1.312240e-01 1.357057e-01 1.486337e-01 1.493292e-01 6.511879e-02 9.226765e-02 1.108074e-01 9.829226e-02 1.066955e-01 1.196427e-01 1.251143e-01 1.297109e-01 6.133618e-02 7.532354e-02 7.805643e-02 7.256920e-02 7.440778e-02 8.964967e-02 9.139738e-02 9.226765e-02 5.073642e-02 6.228545e-02 4.384026e-02 5.073642e-02 6.793069e-02 7.164627e-02 7.348974e-02 6.886321e-02 1.931120e-01 2.556876e-02 2.660410e-02 3.480147e-02 5.171202e-02 3.378516e-02 5.655403e-02 3.783590e-02
<GCONST> -2.455579e+01
<STATE> 5
<MEAN> 72
 7.330416e-01 7.341357e-01 7.319475e-01 7.308534e-01 7.264770e-01 6.980307e-01 7.013129e-01 7.024070e-01 7.450766e-01 7.472647e-01 7.472647e-01 7.461707e-01 7.330416e-01 7.231948e-01 7.253829e-01 7.417943e-01 7.910284e-01 7.768052e-01 7.811816e-01 7.636762e-01 7.330416e-01 7.669584e-01 7.680525e-01 7.363238e-01 8.446389e-01 8.380744e-01 8.216630e-01 7.855580e-01 8.096280e-01 8.107221e-01 7.866521e-01 7.833698e-01 8.960612e-01 8.763676e-01 8.326039e-01 8.369803e-01 8.446389e-01 8.380744e-01 8.183808e-01 8.172867e-01 9.299781e-01 8.971553e-01 8.730853e-01 8.894967e-01 8.785558e-01 8.610503e-01 8.533917e-01 8.468271e-01 9.343545e-01 9.179431e-01 9.146608e-01 9.212254e-01 9.190372e-01 9.004377e-01 8.982494e-01 8.971553e-01 9.463895e-01 9.332604e-01 9.540482e-01 9.463895e-01 9.266958e-01 9.223195e-01 9.201313e-01 9.256017e-01 2.614880e-01 9.737418e-01 9.726477e-01 9.638950e-01 9.452954e-01 9.649891e-01 9.398249e-01 9.606127e-01
<VARIANCE> 72
 1.956916e-01 1.951805e-01 1.962004e-01 1.967067e-01 1.987081e-01 2.107838e-01 2.094731e-01 2.090314e-01 1.899375e-01 1.888602e-01 1.888602e-01 1.894000e-01 1.956916e-01 2.001841e-01 1.992026e-01 1.915355e-01 1.653025e-01 1.733789e-01 1.709369e-01 1.804749e-01 1.956916e-01 1.787332e-01 1.781479e-01 1.941511e-01 1.312240e-01 1.357057e-01 1.465329e-01 1.684566e-01 1.541305e-01 1.534518e-01 1.678306e-01 1.697016e-01 9.313552e-02 1.083474e-01 1.393746e-01 1.364443e-01 1.312240e-01 1.357057e-01 1.486337e-01 1.493292e-01 6.511879e-02 9.226765e-02 1.108074e-01 9.829226e-02 1.066955e-01 1.196427e-01 1.251143e-01 1.297109e-01 6.133618e-02 7.532354e-02 7.805643e-02 7.256920e-02 7.440778e-02 8.964967e-02 9.139738e-02 9.226765e-02 5.073642e-02 6.228545e-02 4.384026e-02 5.073642e-02 6.793069e-02 7.164627e-02 7.348974e-02 6.886321e-02 1.931120e-01 2.556876e-02 2.660410e-02 3.480147e-02 5.171202e-02 3.378516e-02 5.655403e-02 3.783590e-02
<GCONST> -2.455579e+01
<STATE> 6
<MEAN> 72
 7.330416e-01 7.341357e-01 7.319475e-01 7.308534e-01 7.264770e-01 6.980307e-01 7.013129e-01 7.024070e-01 7.450766e-01 7.472647e-01 7.472647e-01 7.461707e-01 7.330416e-01 7.231948e-01 7.253829e-01 7.417943e-01 7.910284e-01 7.768052e-01 7.811816e-01 7.636762e-01 7.330416e-01 7.669584e-01 7.680525e-01 7.363238e-01 8.446389e-01 8.380744e-01 8.216630e-01 7.855580e-01 8.096280e-01 8.107221e-01 7.866521e-01 7.833698e-01 8.960612e-01 8.763676e-01 8.326039e-01 8.369803e-01 8.446389e-01 8.380744e-01 8.183808e-01 8.172867e-01 9.299781e-01 8.971553e-01 8.730853e-01 8.894967e-01 8.785558e-01 8.610503e-01 8.533917e-01 8.468271e-01 9.343545e-01 9.179431e-01 9.146608e-01 9.212254e-01 9.190372e-01 9.004377e-01 8.982494e-01 8.971553e-01 9.463895e-01 9.332604e-01 9.540482e-01 9.463895e-01 9.266958e-01 9.223195e-01 9.201313e-01 9.256017e-01 2.614880e-01 9.737418e-01 9.726477e-01 9.638950e-01 9.452954e-01 9.649891e-01 9.398249e-01 9.606127e-01
<VARIANCE> 72
 1.956916e-01 1.951805e-01 1.962004e-01 1.967067e-01 1.987081e-01 2.107838e-01 2.094731e-01 2.090314e-01 1.899375e-01 1.888602e-01 1.888602e-01 1.894000e-01 1.956916e-01 2.001841e-01 1.992026e-01 1.915355e-01 1.653025e-01 1.733789e-01 1.709369e-01 1.804749e-01 1.956916e-01 1.787332e-01 1.781479e-01 1.941511e-01 1.312240e-01 1.357057e-01 1.465329e-01 1.684566e-01 1.541305e-01 1.534518e-01 1.678306e-01 1.697016e-01 9.313552e-02 1.083474e-01 1.393746e-01 1.364443e-01 1.312240e-01 1.357057e-01 1.486337e-01 1.493292e-01 6.511879e-02 9.226765e-02 1.108074e-01 9.829226e-02 1.066955e-01 1.196427e-01 1.251143e-01 1.297109e-01 6.133618e-02 7.532354e-02 7.805643e-02 7.256920e-02 7.440778e-02 8.964967e-02 9.139738e-02 9.226765e-02 5.073642e-02 6.228545e-02 4.384026e-02 5.073642e-02 6.793069e-02 7.164627e-02 7.348974e-02 6.886321e-02 1.931120e-01 2.556876e-02 2.660410e-02 3.480147e-02 5.171202e-02 3.378516e-02 5.655403e-02 3.783590e-02
<GCONST> -2.455579e+01
<STATE> 7
<MEAN> 72
 7.330416e-01 7.341357e-01 7.319475e-01 7.308534e-01 7.264770e-01 6.980307e-01 7.013129e-01 7.024070e-01 7.450766e-01 7.472647e-01 7.472647e-01 7.461707e-01 7.330416e-01 7.231948e-01 7.253829e-01 7.417943e-01 7.910284e-01 7.768052e-01 7.811816e-01 7.636762e-01 7.330416e-01 7.669584e-01 7.680525e-01 7.363238e-01 8.446389e-01 8.380744e-01 8.216630e-01 7.855580e-01 8.096280e-01 8.107221e-01 7.866521e-01 7.833698e-01 8.960612e-01 8.763676e-01 8.326039e-01 8.369803e-01 8.446389e-01 8.380744e-01 8.183808e-01 8.172867e-01 9.299781e-01 8.971553e-01 8.730853e-01 8.894967e-01 8.785558e-01 8.610503e-01 8.533917e-01 8.468271e-01 9.343545e-01 9.179431e-01 9.146608e-01 9.212254e-01 9.190372e-01 9.004377e-01 8.982494e-01 8.971553e-01 9.463895e-01 9.332604e-01 9.540482e-01 9.463895e-01 9.266958e-01 9.223195e-01 9.201313e-01 9.256017e-01 2.614880e-01 9.737418e-01 9.726477e-01 9.638950e-01 9.452954e-01 9.649891e-01 9.398249e-01 9.606127e-01
<VARIANCE> 72
 1.956916e-01 1.951805e-01 1.962004e-01 1.967067e-01 1.987081e-01 2.107838e-01 2.094731e-01 2.090314e-01 1.899375e-01 1.888602e-01 1.888602e-01 1.894000e-01 1.956916e-01 2.001841e-01 1.992026e-01 1.915355e-01 1.653025e-01 1.733789e-01 1.709369e-01 1.804749e-01 1.956916e-01 1.787332e-01 1.781479e-01 1.941511e-01 1.312240e-01 1.357057e-01 1.465329e-01 1.684566e-01 1.541305e-01 1.534518e-01 1.678306e-01 1.697016e-01 9.313552e-02 1.083474e-01 1.393746e-01 1.364443e-01 1.312240e-01 1.357057e-01 1.486337e-01 1.493292e-01 6.511879e-02 9.226765e-02 1.108074e-01 9.829226e-02 1.066955e-01 1.196427e-01 1.251143e-01 1.297109e-01 6.133618e-02 7.532354e-02 7.805643e-02 7.256920e-02 7.440778e-02 8.964967e-02 9.139738e-02 9.226765e-02 5.073642e-02 6.228545e-02 4.384026e-02 5.073642e-02 6.793069e-02 7.164627e-02 7.348974e-02 6.886321e-02 1.931120e-01 2.556876e-02 2.660410e-02 3.480147e-02 5.171202e-02 3.378516e-02 5.655403e-02 3.783590e-02
<GCONST> -2.455579e+01
<TRANSP> 8
 0.000000e+00 1.000000e+00 0.000000e+00 0.000000e+00 0.000000e+00 0.000000e+00 0.000000e+00 0.000000e+00
 0.000000e+00 5.000000e-01 5.000000e-01 0.000000e+00 0.000000e+00 0.000000e+00 0.000000e+00 0.000000e+00
 0.000000e+00 0.000000e+00 5.000000e-01 5.000000e-01 0.000000e+00 0.000000e+00 0.000000e+00 0.000000e+00
 0.000000e+00 0.000000e+00 0.000000e+00 5.000000e-01 5.000000e-01 0.000000e+00 0.000000e+00 0.000000e+00
 0.000000e+00 0.000000e+00 0.000000e+00 0.000000e+00 5.000000e-01 5.000000e-01 0.000000e+00 0.000000e+00
 0.000000e+00 0.000000e+00 0.000000e+00 0.000000e+00 0.000000e+00 5.000000e-01 5.000000e-01 0.000000e+00
 0.000000e+00 0.000000e+00 0.000000e+00 0.000000e+00 0.000000e+00 0.000000e+00 5.000000e-01 5.000000e-01
 0.000000e+00 0.000000e+00 0.000000e+00 0.000000e+00 0.000000e+00 0.000000e+00 0.000000e+00 0.000000e+00
<ENDHMM>
