~o
<STREAMINFO> 1 72
<VECSIZE> 72<NULLD><USER><DIAGC>
~h "circleleft5"
<BEGINHMM>
<NUMSTATES> 8
<STATE> 2
<MEAN> 72
 9.254302e-01 8.862333e-01 8.489484e-01 8.279158e-01 8.049713e-01 7.657744e-01 7.275335e-01 6.835564e-01 9.043977e-01 8.642448e-01 8.355641e-01 8.240918e-01 7.963671e-01 7.705545e-01 7.227533e-01 6.902485e-01 8.843212e-01 8.537285e-01 8.298279e-01 8.298279e-01 8.040153e-01 7.695985e-01 7.342256e-01 6.845124e-01 8.833652e-01 8.594646e-01 8.384321e-01 8.221797e-01 8.107074e-01 7.782027e-01 7.351816e-01 6.921606e-01 8.862333e-01 8.776290e-01 8.393881e-01 8.221797e-01 8.145316e-01 7.734225e-01 7.437859e-01 7.284895e-01 9.072658e-01 8.814532e-01 8.317400e-01 8.040153e-01 7.887189e-01 7.648184e-01 7.743786e-01 7.629063e-01 9.187381e-01 8.642448e-01 8.097515e-01 7.858509e-01 7.657744e-01 7.418738e-01 7.820268e-01 8.049713e-01 9.273422e-01 8.565965e-01 7.973231e-01 7.686424e-01 7.370937e-01 7.284895e-01 7.705545e-01 8.049713e-01 0.000000e+00 9.435946e-01 7.944551e-01 7.562141e-01 7.399617e-01 7.351816e-01 7.686424e-01 7.973231e-01
<VARIANCE> 72
 6.900909e-02 1.008239e-01 1.282351e-01 1.424712e-01 1.569925e-01 1.793640e-01 1.982285e-01 2.163071e-01 8.646246e-02 1.173257e-01 1.373967e-01 1.449645e-01 1.621665e-01 1.768003e-01 2.003810e-01 2.138055e-01 1.022972e-01 1.248762e-01 1.412136e-01 1.412136e-01 1.575747e-01 1.773167e-01 1.951384e-01 2.159552e-01 1.030311e-01 1.207851e-01 1.354637e-01 1.462002e-01 1.534609e-01 1.726033e-01 1.946896e-01 2.130743e-01 1.008239e-01 1.073963e-01 1.348157e-01 1.462002e-01 1.510699e-01 1.752401e-01 1.905684e-01 1.977926e-01 8.413457e-02 1.044935e-01 1.399486e-01 1.575747e-01 1.666414e-01 1.798712e-01 1.747164e-01 1.808803e-01 7.465842e-02 1.173257e-01 1.540540e-01 1.682892e-01 1.793640e-01 1.914971e-01 1.704609e-01 1.569925e-01 6.737863e-02 1.228389e-01 1.615990e-01 1.778313e-01 1.937866e-01 1.977926e-01 1.768003e-01 1.569925e-01 0.000000e+00 5.322381e-02 1.632962e-01 1.843543e-01 1.924184e-01 1.946896e-01 1.778313e-01 1.615990e-01
<STATE> 3
<MEAN> 72
 9.254302e-01 8.862333e-01 8.489484e-01 8.279158e-01 8.049713e-01 7.657744e-01 7.275335e-01 6.835564e-01 9.043977e-01 8.642448e-01 8.355641e-01 8.240918e-01 7.963671e-01 7.705545e-01 7.227533e-01 6.902485e-01 8.843212e-01 8.537285e-01 8.298279e-01 8.298279e-01 8.040153e-01 7.695985e-01 7.342256e-01 6.845124e-01 8.833652e-01 8.594646e-01 8.384321e-01 8.221797e-01 8.107074e-01 7.782027e-01 7.351816e-01 6.921606e-01 8.862333e-01 8.776290e-01 8.393881e-01 8.221797e-01 8.145316e-01 7.734225e-01 7.437859e-01 7.284895e-01 9.072658e-01 8.814532e-01 8.317400e-01 8.040153e-01 7.887189e-01 7.648184e-01 7.743786e-01 7.629063e-01 9.187381e-01 8.642448e-01 8.097515e-01 7.858509e-01 7.657744e-01 7.418738e-01 7.820268e-01 8.049713e-01 9.273422e-01 8.565965e-01 7.973231e-01 7.686424e-01 7.370937e-01 7.284895e-01 7.705545e-01 8.049713e-01 0.000000e+00 9.435946e-01 7.944551e-01 7.562141e-01 7.399617e-01 7.351816e-01 7.686424e-01 7.973231e-01
<VARIANCE> 72
 6.900909e-02 1.008239e-01 1.282351e-01 1.424712e-01 1.569925e-01 1.793640e-01 1.982285e-01 2.163071e-01 8.646246e-02 1.173257e-01 1.373967e-01 1.449645e-01 1.621665e-01 1.768003e-01 2.003810e-01 2.138055e-01 1.022972e-01 1.248762e-01 1.412136e-01 1.412136e-01 1.575747e-01 1.773167e-01 1.951384e-01 2.159552e-01 1.030311e-01 1.207851e-01 1.354637e-01 1.462002e-01 1.534609e-01 1.726033e-01 1.946896e-01 2.130743e-01 1.008239e-01 1.073963e-01 1.348157e-01 1.462002e-01 1.510699e-01 1.752401e-01 1.905684e-01 1.977926e-01 8.413457e-02 1.044935e-01 1.399486e-01 1.575747e-01 1.666414e-01 1.798712e-01 1.747164e-01 1.808803e-01 7.465842e-02 1.173257e-01 1.540540e-01 1.682892e-01 1.793640e-01 1.914971e-01 1.704609e-01 1.569925e-01 6.737863e-02 1.228389e-01 1.615990e-01 1.778313e-01 1.937866e-01 1.977926e-01 1.768003e-01 1.569925e-01 0.000000e+00 5.322381e-02 1.632962e-01 1.843543e-01 1.924184e-01 1.946896e-01 1.778313e-01 1.615990e-01
<STATE> 4
<MEAN> 72
 9.254302e-01 8.862333e-01 8.489484e-01 8.279158e-01 8.049713e-01 7.657744e-01 7.275335e-01 6.835564e-01 9.043977e-01 8.642448e-01 8.355641e-01 8.240918e-01 7.963671e-01 7.705545e-01 7.227533e-01 6.902485e-01 8.843212e-01 8.537285e-01 8.298279e-01 8.298279e-01 8.040153e-01 7.695985e-01 7.342256e-01 6.845124e-01 8.833652e-01 8.594646e-01 8.384321e-01 8.221797e-01 8.107074e-01 7.782027e-01 7.351816e-01 6.921606e-01 8.862333e-01 8.776290e-01 8.393881e-01 8.221797e-01 8.145316e-01 7.734225e-01 7.437859e-01 7.284895e-01 9.072658e-01 8.814532e-01 8.317400e-01 8.040153e-01 7.887189e-01 7.648184e-01 7.743786e-01 7.629063e-01 9.187381e-01 8.642448e-01 8.097515e-01 7.858509e-01 7.657744e-01 7.418738e-01 7.820268e-01 8.049713e-01 9.273422e-01 8.565965e-01 7.973231e-01 7.686424e-01 7.370937e-01 7.284895e-01 7.705545e-01 8.049713e-01 0.000000e+00 9.435946e-01 7.944551e-01 7.562141e-01 7.399617e-01 7.351816e-01 7.686424e-01 7.973231e-01
<VARIANCE> 72
 6.900909e-02 1.008239e-01 1.282351e-01 1.424712e-01 1.569925e-01 1.793640e-01 1.982285e-01 2.163071e-01 8.646246e-02 1.173257e-01 1.373967e-01 1.449645e-01 1.621665e-01 1.768003e-01 2.003810e-01 2.138055e-01 1.022972e-01 1.248762e-01 1.412136e-01 1.412136e-01 1.575747e-01 1.773167e-01 1.951384e-01 2.159552e-01 1.030311e-01 1.207851e-01 1.354637e-01 1.462002e-01 1.534609e-01 1.726033e-01 1.946896e-01 2.130743e-01 1.008239e-01 1.073963e-01 1.348157e-01 1.462002e-01 1.510699e-01 1.752401e-01 1.905684e-01 1.977926e-01 8.413457e-02 1.044935e-01 1.399486e-01 1.575747e-01 1.666414e-01 1.798712e-01 1.747164e-01 1.808803e-01 7.465842e-02 1.173257e-01 1.540540e-01 1.682892e-01 1.793640e-01 1.914971e-01 1.704609e-01 1.569925e-01 6.737863e-02 1.228389e-01 1.615990e-01 1.778313e-01 1.937866e-01 1.977926e-01 1.768003e-01 1.569925e-01 0.000000e+00 5.322381e-02 1.632962e-01 1.843543e-01 1.924184e-01 1.946896e-01 1.778313e-01 1.615990e-01
<STATE> 5
<MEAN> 72
 9.254302e-01 8.862333e-01 8.489484e-01 8.279158e-01 8.049713e-01 7.657744e-01 7.275335e-01 6.835564e-01 9.043977e-01 8.642448e-01 8.355641e-01 8.240918e-01 7.963671e-01 7.705545e-01 7.227533e-01 6.902485e-01 8.843212e-01 8.537285e-01 8.298279e-01 8.298279e-01 8.040153e-01 7.695985e-01 7.342256e-01 6.845124e-01 8.833652e-01 8.594646e-01 8.384321e-01 8.221797e-01 8.107074e-01 7.782027e-01 7.351816e-01 6.921606e-01 8.862333e-01 8.776290e-01 8.393881e-01 8.221797e-01 8.145316e-01 7.734225e-01 7.437859e-01 7.284895e-01 9.072658e-01 8.814532e-01 8.317400e-01 8.040153e-01 7.887189e-01 7.648184e-01 7.743786e-01 7.629063e-01 9.187381e-01 8.642448e-01 8.097515e-01 7.858509e-01 7.657744e-01 7.418738e-01 7.820268e-01 8.049713e-01 9.273422e-01 8.565965e-01 7.973231e-01 7.686424e-01 7.370937e-01 7.284895e-01 7.705545e-01 8.049713e-01 0.000000e+00 9.435946e-01 7.944551e-01 7.562141e-01 7.399617e-01 7.351816e-01 7.686424e-01 7.973231e-01
<VARIANCE> 72
 6.900909e-02 1.008239e-01 1.282351e-01 1.424712e-01 1.569925e-01 1.793640e-01 1.982285e-01 2.163071e-01 8.646246e-02 1.173257e-01 1.373967e-01 1.449645e-01 1.621665e-01 1.768003e-01 2.003810e-01 2.138055e-01 1.022972e-01 1.248762e-01 1.412136e-01 1.412136e-01 1.575747e-01 1.773167e-01 1.951384e-01 2.159552e-01 1.030311e-01 1.207851e-01 1.354637e-01 1.462002e-01 1.534609e-01 1.726033e-01 1.946896e-01 2.130743e-01 1.008239e-01 1.073963e-01 1.348157e-01 1.462002e-01 1.510699e-01 1.752401e-01 1.905684e-01 1.977926e-01 8.413457e-02 1.044935e-01 1.399486e-01 1.575747e-01 1.666414e-01 1.798712e-01 1.747164e-01 1.808803e-01 7.465842e-02 1.173257e-01 1.540540e-01 1.682892e-01 1.793640e-01 1.914971e-01 1.704609e-01 1.569925e-01 6.737863e-02 1.228389e-01 1.615990e-01 1.778313e-01 1.937866e-01 1.977926e-01 1.768003e-01 1.569925e-01 0.000000e+00 5.322381e-02 1.632962e-01 1.843543e-01 1.924184e-01 1.946896e-01 1.778313e-01 1.615990e-01
<STATE> 6
<MEAN> 72
 9.254302e-01 8.862333e-01 8.489484e-01 8.279158e-01 8.049713e-01 7.657744e-01 7.275335e-01 6.835564e-01 9.043977e-01 8.642448e-01 8.355641e-01 8.240918e-01 7.963671e-01 7.705545e-01 7.227533e-01 6.902485e-01 8.843212e-01 8.537285e-01 8.298279e-01 8.298279e-01 8.040153e-01 7.695985e-01 7.342256e-01 6.845124e-01 8.833652e-01 8.594646e-01 8.384321e-01 8.221797e-01 8.107074e-01 7.782027e-01 7.351816e-01 6.921606e-01 8.862333e-01 8.776290e-01 8.393881e-01 8.221797e-01 8.145316e-01 7.734225e-01 7.437859e-01 7.284895e-01 9.072658e-01 8.814532e-01 8.317400e-01 8.040153e-01 7.887189e-01 7.648184e-01 7.743786e-01 7.629063e-01 9.187381e-01 8.642448e-01 8.097515e-01 7.858509e-01 7.657744e-01 7.418738e-01 7.820268e-01 8.049713e-01 9.273422e-01 8.565965e-01 7.973231e-01 7.686424e-01 7.370937e-01 7.284895e-01 7.705545e-01 8.049713e-01 0.000000e+00 9.435946e-01 7.944551e-01 7.562141e-01 7.399617e-01 7.351816e-01 7.686424e-01 7.973231e-01
<VARIANCE> 72
 6.900909e-02 1.008239e-01 1.282351e-01 1.424712e-01 1.569925e-01 1.793640e-01 1.982285e-01 2.163071e-01 8.646246e-02 1.173257e-01 1.373967e-01 1.449645e-01 1.621665e-01 1.768003e-01 2.003810e-01 2.138055e-01 1.022972e-01 1.248762e-01 1.412136e-01 1.412136e-01 1.575747e-01 1.773167e-01 1.951384e-01 2.159552e-01 1.030311e-01 1.207851e-01 1.354637e-01 1.462002e-01 1.534609e-01 1.726033e-01 1.946896e-01 2.130743e-01 1.008239e-01 1.073963e-01 1.348157e-01 1.462002e-01 1.510699e-01 1.752401e-01 1.905684e-01 1.977926e-01 8.413457e-02 1.044935e-01 1.399486e-01 1.575747e-01 1.666414e-01 1.798712e-01 1.747164e-01 1.808803e-01 7.465842e-02 1.173257e-01 1.540540e-01 1.682892e-01 1.793640e-01 1.914971e-01 1.704609e-01 1.569925e-01 6.737863e-02 1.228389e-01 1.615990e-01 1.778313e-01 1.937866e-01 1.977926e-01 1.768003e-01 1.569925e-01 0.000000e+00 5.322381e-02 1.632962e-01 1.843543e-01 1.924184e-01 1.946896e-01 1.778313e-01 1.615990e-01
<STATE> 7
<MEAN> 72
 9.254302e-01 8.862333e-01 8.489484e-01 8.279158e-01 8.049713e-01 7.657744e-01 7.275335e-01 6.835564e-01 9.043977e-01 8.642448e-01 8.355641e-01 8.240918e-01 7.963671e-01 7.705545e-01 7.227533e-01 6.902485e-01 8.843212e-01 8.537285e-01 8.298279e-01 8.298279e-01 8.040153e-01 7.695985e-01 7.342256e-01 6.845124e-01 8.833652e-01 8.594646e-01 8.384321e-01 8.221797e-01 8.107074e-01 7.782027e-01 7.351816e-01 6.921606e-01 8.862333e-01 8.776290e-01 8.393881e-01 8.221797e-01 8.145316e-01 7.734225e-01 7.437859e-01 7.284895e-01 9.072658e-01 8.814532e-01 8.317400e-01 8.040153e-01 7.887189e-01 7.648184e-01 7.743786e-01 7.629063e-01 9.187381e-01 8.642448e-01 8.097515e-01 7.858509e-01 7.657744e-01 7.418738e-01 7.820268e-01 8.049713e-01 9.273422e-01 8.565965e-01 7.973231e-01 7.686424e-01 7.370937e-01 7.284895e-01 7.705545e-01 8.049713e-01 0.000000e+00 9.435946e-01 7.944551e-01 7.562141e-01 7.399617e-01 7.351816e-01 7.686424e-01 7.973231e-01
<VARIANCE> 72
 6.900909e-02 1.008239e-01 1.282351e-01 1.424712e-01 1.569925e-01 1.793640e-01 1.982285e-01 2.163071e-01 8.646246e-02 1.173257e-01 1.373967e-01 1.449645e-01 1.621665e-01 1.768003e-01 2.003810e-01 2.138055e-01 1.022972e-01 1.248762e-01 1.412136e-01 1.412136e-01 1.575747e-01 1.773167e-01 1.951384e-01 2.159552e-01 1.030311e-01 1.207851e-01 1.354637e-01 1.462002e-01 1.534609e-01 1.726033e-01 1.946896e-01 2.130743e-01 1.008239e-01 1.073963e-01 1.348157e-01 1.462002e-01 1.510699e-01 1.752401e-01 1.905684e-01 1.977926e-01 8.413457e-02 1.044935e-01 1.399486e-01 1.575747e-01 1.666414e-01 1.798712e-01 1.747164e-01 1.808803e-01 7.465842e-02 1.173257e-01 1.540540e-01 1.682892e-01 1.793640e-01 1.914971e-01 1.704609e-01 1.569925e-01 6.737863e-02 1.228389e-01 1.615990e-01 1.778313e-01 1.937866e-01 1.977926e-01 1.768003e-01 1.569925e-01 0.000000e+00 5.322381e-02 1.632962e-01 1.843543e-01 1.924184e-01 1.946896e-01 1.778313e-01 1.615990e-01
<TRANSP> 8
 0.000000e+00 1.000000e+00 0.000000e+00 0.000000e+00 0.000000e+00 0.000000e+00 0.000000e+00 0.000000e+00
 0.000000e+00 5.000000e-01 5.000000e-01 0.000000e+00 0.000000e+00 0.000000e+00 0.000000e+00 0.000000e+00
 0.000000e+00 0.000000e+00 5.000000e-01 5.000000e-01 0.000000e+00 0.000000e+00 0.000000e+00 0.000000e+00
 0.000000e+00 0.000000e+00 0.000000e+00 5.000000e-01 5.000000e-01 0.000000e+00 0.000000e+00 0.000000e+00
 0.000000e+00 0.000000e+00 0.000000e+00 0.000000e+00 5.000000e-01 5.000000e-01 0.000000e+00 0.000000e+00
 0.000000e+00 0.000000e+00 0.000000e+00 0.000000e+00 0.000000e+00 5.000000e-01 5.000000e-01 0.000000e+00
 0.000000e+00 0.000000e+00 0.000000e+00 0.000000e+00 0.000000e+00 0.000000e+00 5.000000e-01 5.000000e-01
 0.000000e+00 0.000000e+00 0.000000e+00 0.000000e+00 0.000000e+00 0.000000e+00 0.000000e+00 0.000000e+00
<ENDHMM>
