~o
<STREAMINFO> 1 72
<VECSIZE> 72<NULLD><USER><DIAGC>
~h "downleft1"
<BEGINHMM>
<NUMSTATES> 8
<STATE> 2
<MEAN> 72
 8.172691e-01 8.032129e-01 7.991968e-01 7.971888e-01 8.092369e-01 8.092369e-01 8.132530e-01 8.132530e-01 8.393574e-01 8.172691e-01 7.971888e-01 8.072289e-01 8.172691e-01 8.253012e-01 8.253012e-01 8.313253e-01 8.674699e-01 8.373494e-01 8.132530e-01 8.152611e-01 8.172691e-01 8.152611e-01 8.373494e-01 8.313253e-01 8.875502e-01 8.574297e-01 8.373494e-01 8.172691e-01 8.112450e-01 8.192771e-01 8.273093e-01 8.273093e-01 9.036145e-01 8.815261e-01 8.453815e-01 8.232931e-01 8.112450e-01 8.152611e-01 8.132530e-01 8.172691e-01 9.196787e-01 8.975903e-01 8.614458e-01 8.353414e-01 8.132530e-01 8.092369e-01 8.052209e-01 8.092369e-01 9.397590e-01 9.156626e-01 8.915663e-01 8.493976e-01 8.132530e-01 8.132530e-01 8.092369e-01 8.052209e-01 9.598393e-01 9.337350e-01 9.076305e-01 8.714859e-01 8.413655e-01 8.152611e-01 8.012048e-01 8.112450e-01 9.718875e-01 9.598393e-01 9.257028e-01 9.036145e-01 8.514056e-01 8.453815e-01 8.032129e-01 8.152611e-01
<VARIANCE> 72
 1.493403e-01 1.580619e-01 1.604813e-01 1.616788e-01 1.543725e-01 1.543725e-01 1.518726e-01 1.518726e-01 1.348365e-01 1.493403e-01 1.616788e-01 1.556104e-01 1.493403e-01 1.441791e-01 1.441791e-01 1.402236e-01 1.149658e-01 1.361954e-01 1.518726e-01 1.506104e-01 1.493403e-01 1.506104e-01 1.361954e-01 1.402236e-01 9.980489e-02 1.222440e-01 1.361954e-01 1.493403e-01 1.531266e-01 1.480621e-01 1.428686e-01 1.428686e-01 8.709536e-02 1.044378e-01 1.307116e-01 1.454816e-01 1.531266e-01 1.506104e-01 1.518726e-01 1.493403e-01 7.386982e-02 9.192195e-02 1.193569e-01 1.375461e-01 1.518726e-01 1.543725e-01 1.568402e-01 1.543725e-01 5.661203e-02 7.722457e-02 9.667584e-02 1.279213e-01 1.518726e-01 1.518726e-01 1.543725e-01 1.568402e-01 3.854779e-02 6.187398e-02 8.383739e-02 1.119982e-01 1.334696e-01 1.506104e-01 1.592757e-01 1.531266e-01 2.732218e-02 3.854779e-02 6.877712e-02 8.709536e-02 1.265141e-01 1.307116e-01 1.580619e-01 1.506104e-01
<GCONST> -1.782162e+01
<STATE> 3
<MEAN> 72
 8.172691e-01 8.032129e-01 7.991968e-01 7.971888e-01 8.092369e-01 8.092369e-01 8.132530e-01 8.132530e-01 8.393574e-01 8.172691e-01 7.971888e-01 8.072289e-01 8.172691e-01 8.253012e-01 8.253012e-01 8.313253e-01 8.674699e-01 8.373494e-01 8.132530e-01 8.152611e-01 8.172691e-01 8.152611e-01 8.373494e-01 8.313253e-01 8.875502e-01 8.574297e-01 8.373494e-01 8.172691e-01 8.112450e-01 8.192771e-01 8.273093e-01 8.273093e-01 9.036145e-01 8.815261e-01 8.453815e-01 8.232931e-01 8.112450e-01 8.152611e-01 8.132530e-01 8.172691e-01 9.196787e-01 8.975903e-01 8.614458e-01 8.353414e-01 8.132530e-01 8.092369e-01 8.052209e-01 8.092369e-01 9.397590e-01 9.156626e-01 8.915663e-01 8.493976e-01 8.132530e-01 8.132530e-01 8.092369e-01 8.052209e-01 9.598393e-01 9.337350e-01 9.076305e-01 8.714859e-01 8.413655e-01 8.152611e-01 8.012048e-01 8.112450e-01 9.718875e-01 9.598393e-01 9.257028e-01 9.036145e-01 8.514056e-01 8.453815e-01 8.032129e-01 8.152611e-01
<VARIANCE> 72
 1.493403e-01 1.580619e-01 1.604813e-01 1.616788e-01 1.543725e-01 1.543725e-01 1.518726e-01 1.518726e-01 1.348365e-01 1.493403e-01 1.616788e-01 1.556104e-01 1.493403e-01 1.441791e-01 1.441791e-01 1.402236e-01 1.149658e-01 1.361954e-01 1.518726e-01 1.506104e-01 1.493403e-01 1.506104e-01 1.361954e-01 1.402236e-01 9.980489e-02 1.222440e-01 1.361954e-01 1.493403e-01 1.531266e-01 1.480621e-01 1.428686e-01 1.428686e-01 8.709536e-02 1.044378e-01 1.307116e-01 1.454816e-01 1.531266e-01 1.506104e-01 1.518726e-01 1.493403e-01 7.386982e-02 9.192195e-02 1.193569e-01 1.375461e-01 1.518726e-01 1.543725e-01 1.568402e-01 1.543725e-01 5.661203e-02 7.722457e-02 9.667584e-02 1.279213e-01 1.518726e-01 1.518726e-01 1.543725e-01 1.568402e-01 3.854779e-02 6.187398e-02 8.383739e-02 1.119982e-01 1.334696e-01 1.506104e-01 1.592757e-01 1.531266e-01 2.732218e-02 3.854779e-02 6.877712e-02 8.709536e-02 1.265141e-01 1.307116e-01 1.580619e-01 1.506104e-01
<GCONST> -1.782162e+01
<STATE> 4
<MEAN> 72
 8.172691e-01 8.032129e-01 7.991968e-01 7.971888e-01 8.092369e-01 8.092369e-01 8.132530e-01 8.132530e-01 8.393574e-01 8.172691e-01 7.971888e-01 8.072289e-01 8.172691e-01 8.253012e-01 8.253012e-01 8.313253e-01 8.674699e-01 8.373494e-01 8.132530e-01 8.152611e-01 8.172691e-01 8.152611e-01 8.373494e-01 8.313253e-01 8.875502e-01 8.574297e-01 8.373494e-01 8.172691e-01 8.112450e-01 8.192771e-01 8.273093e-01 8.273093e-01 9.036145e-01 8.815261e-01 8.453815e-01 8.232931e-01 8.112450e-01 8.152611e-01 8.132530e-01 8.172691e-01 9.196787e-01 8.975903e-01 8.614458e-01 8.353414e-01 8.132530e-01 8.092369e-01 8.052209e-01 8.092369e-01 9.397590e-01 9.156626e-01 8.915663e-01 8.493976e-01 8.132530e-01 8.132530e-01 8.092369e-01 8.052209e-01 9.598393e-01 9.337350e-01 9.076305e-01 8.714859e-01 8.413655e-01 8.152611e-01 8.012048e-01 8.112450e-01 9.718875e-01 9.598393e-01 9.257028e-01 9.036145e-01 8.514056e-01 8.453815e-01 8.032129e-01 8.152611e-01
<VARIANCE> 72
 1.493403e-01 1.580619e-01 1.604813e-01 1.616788e-01 1.543725e-01 1.543725e-01 1.518726e-01 1.518726e-01 1.348365e-01 1.493403e-01 1.616788e-01 1.556104e-01 1.493403e-01 1.441791e-01 1.441791e-01 1.402236e-01 1.149658e-01 1.361954e-01 1.518726e-01 1.506104e-01 1.493403e-01 1.506104e-01 1.361954e-01 1.402236e-01 9.980489e-02 1.222440e-01 1.361954e-01 1.493403e-01 1.531266e-01 1.480621e-01 1.428686e-01 1.428686e-01 8.709536e-02 1.044378e-01 1.307116e-01 1.454816e-01 1.531266e-01 1.506104e-01 1.518726e-01 1.493403e-01 7.386982e-02 9.192195e-02 1.193569e-01 1.375461e-01 1.518726e-01 1.543725e-01 1.568402e-01 1.543725e-01 5.661203e-02 7.722457e-02 9.667584e-02 1.279213e-01 1.518726e-01 1.518726e-01 1.543725e-01 1.568402e-01 3.854779e-02 6.187398e-02 8.383739e-02 1.119982e-01 1.334696e-01 1.506104e-01 1.592757e-01 1.531266e-01 2.732218e-02 3.854779e-02 6.877712e-02 8.709536e-02 1.265141e-01 1.307116e-01 1.580619e-01 1.506104e-01
<GCONST> -1.782162e+01
<STATE> 5
<MEAN> 72
 8.172691e-01 8.032129e-01 7.991968e-01 7.971888e-01 8.092369e-01 8.092369e-01 8.132530e-01 8.132530e-01 8.393574e-01 8.172691e-01 7.971888e-01 8.072289e-01 8.172691e-01 8.253012e-01 8.253012e-01 8.313253e-01 8.674699e-01 8.373494e-01 8.132530e-01 8.152611e-01 8.172691e-01 8.152611e-01 8.373494e-01 8.313253e-01 8.875502e-01 8.574297e-01 8.373494e-01 8.172691e-01 8.112450e-01 8.192771e-01 8.273093e-01 8.273093e-01 9.036145e-01 8.815261e-01 8.453815e-01 8.232931e-01 8.112450e-01 8.152611e-01 8.132530e-01 8.172691e-01 9.196787e-01 8.975903e-01 8.614458e-01 8.353414e-01 8.132530e-01 8.092369e-01 8.052209e-01 8.092369e-01 9.397590e-01 9.156626e-01 8.915663e-01 8.493976e-01 8.132530e-01 8.132530e-01 8.092369e-01 8.052209e-01 9.598393e-01 9.337350e-01 9.076305e-01 8.714859e-01 8.413655e-01 8.152611e-01 8.012048e-01 8.112450e-01 9.718875e-01 9.598393e-01 9.257028e-01 9.036145e-01 8.514056e-01 8.453815e-01 8.032129e-01 8.152611e-01
<VARIANCE> 72
 1.493403e-01 1.580619e-01 1.604813e-01 1.616788e-01 1.543725e-01 1.543725e-01 1.518726e-01 1.518726e-01 1.348365e-01 1.493403e-01 1.616788e-01 1.556104e-01 1.493403e-01 1.441791e-01 1.441791e-01 1.402236e-01 1.149658e-01 1.361954e-01 1.518726e-01 1.506104e-01 1.493403e-01 1.506104e-01 1.361954e-01 1.402236e-01 9.980489e-02 1.222440e-01 1.361954e-01 1.493403e-01 1.531266e-01 1.480621e-01 1.428686e-01 1.428686e-01 8.709536e-02 1.044378e-01 1.307116e-01 1.454816e-01 1.531266e-01 1.506104e-01 1.518726e-01 1.493403e-01 7.386982e-02 9.192195e-02 1.193569e-01 1.375461e-01 1.518726e-01 1.543725e-01 1.568402e-01 1.543725e-01 5.661203e-02 7.722457e-02 9.667584e-02 1.279213e-01 1.518726e-01 1.518726e-01 1.543725e-01 1.568402e-01 3.854779e-02 6.187398e-02 8.383739e-02 1.119982e-01 1.334696e-01 1.506104e-01 1.592757e-01 1.531266e-01 2.732218e-02 3.854779e-02 6.877712e-02 8.709536e-02 1.265141e-01 1.307116e-01 1.580619e-01 1.506104e-01
<GCONST> -1.782162e+01
<STATE> 6
<MEAN> 72
 8.172691e-01 8.032129e-01 7.991968e-01 7.971888e-01 8.092369e-01 8.092369e-01 8.132530e-01 8.132530e-01 8.393574e-01 8.172691e-01 7.971888e-01 8.072289e-01 8.172691e-01 8.253012e-01 8.253012e-01 8.313253e-01 8.674699e-01 8.373494e-01 8.132530e-01 8.152611e-01 8.172691e-01 8.152611e-01 8.373494e-01 8.313253e-01 8.875502e-01 8.574297e-01 8.373494e-01 8.172691e-01 8.112450e-01 8.192771e-01 8.273093e-01 8.273093e-01 9.036145e-01 8.815261e-01 8.453815e-01 8.232931e-01 8.112450e-01 8.152611e-01 8.132530e-01 8.172691e-01 9.196787e-01 8.975903e-01 8.614458e-01 8.353414e-01 8.132530e-01 8.092369e-01 8.052209e-01 8.092369e-01 9.397590e-01 9.156626e-01 8.915663e-01 8.493976e-01 8.132530e-01 8.132530e-01 8.092369e-01 8.052209e-01 9.598393e-01 9.337350e-01 9.076305e-01 8.714859e-01 8.413655e-01 8.152611e-01 8.012048e-01 8.112450e-01 9.718875e-01 9.598393e-01 9.257028e-01 9.036145e-01 8.514056e-01 8.453815e-01 8.032129e-01 8.152611e-01
<VARIANCE> 72
 1.493403e-01 1.580619e-01 1.604813e-01 1.616788e-01 1.543725e-01 1.543725e-01 1.518726e-01 1.518726e-01 1.348365e-01 1.493403e-01 1.616788e-01 1.556104e-01 1.493403e-01 1.441791e-01 1.441791e-01 1.402236e-01 1.149658e-01 1.361954e-01 1.518726e-01 1.506104e-01 1.493403e-01 1.506104e-01 1.361954e-01 1.402236e-01 9.980489e-02 1.222440e-01 1.361954e-01 1.493403e-01 1.531266e-01 1.480621e-01 1.428686e-01 1.428686e-01 8.709536e-02 1.044378e-01 1.307116e-01 1.454816e-01 1.531266e-01 1.506104e-01 1.518726e-01 1.493403e-01 7.386982e-02 9.192195e-02 1.193569e-01 1.375461e-01 1.518726e-01 1.543725e-01 1.568402e-01 1.543725e-01 5.661203e-02 7.722457e-02 9.667584e-02 1.279213e-01 1.518726e-01 1.518726e-01 1.543725e-01 1.568402e-01 3.854779e-02 6.187398e-02 8.383739e-02 1.119982e-01 1.334696e-01 1.506104e-01 1.592757e-01 1.531266e-01 2.732218e-02 3.854779e-02 6.877712e-02 8.709536e-02 1.265141e-01 1.307116e-01 1.580619e-01 1.506104e-01
<GCONST> -1.782162e+01
<STATE> 7
<MEAN> 72
 8.172691e-01 8.032129e-01 7.991968e-01 7.971888e-01 8.092369e-01 8.092369e-01 8.132530e-01 8.132530e-01 8.393574e-01 8.172691e-01 7.971888e-01 8.072289e-01 8.172691e-01 8.253012e-01 8.253012e-01 8.313253e-01 8.674699e-01 8.373494e-01 8.132530e-01 8.152611e-01 8.172691e-01 8.152611e-01 8.373494e-01 8.313253e-01 8.875502e-01 8.574297e-01 8.373494e-01 8.172691e-01 8.112450e-01 8.192771e-01 8.273093e-01 8.273093e-01 9.036145e-01 8.815261e-01 8.453815e-01 8.232931e-01 8.112450e-01 8.152611e-01 8.132530e-01 8.172691e-01 9.196787e-01 8.975903e-01 8.614458e-01 8.353414e-01 8.132530e-01 8.092369e-01 8.052209e-01 8.092369e-01 9.397590e-01 9.156626e-01 8.915663e-01 8.493976e-01 8.132530e-01 8.132530e-01 8.092369e-01 8.052209e-01 9.598393e-01 9.337350e-01 9.076305e-01 8.714859e-01 8.413655e-01 8.152611e-01 8.012048e-01 8.112450e-01 9.718875e-01 9.598393e-01 9.257028e-01 9.036145e-01 8.514056e-01 8.453815e-01 8.032129e-01 8.152611e-01
<VARIANCE> 72
 1.493403e-01 1.580619e-01 1.604813e-01 1.616788e-01 1.543725e-01 1.543725e-01 1.518726e-01 1.518726e-01 1.348365e-01 1.493403e-01 1.616788e-01 1.556104e-01 1.493403e-01 1.441791e-01 1.441791e-01 1.402236e-01 1.149658e-01 1.361954e-01 1.518726e-01 1.506104e-01 1.493403e-01 1.506104e-01 1.361954e-01 1.402236e-01 9.980489e-02 1.222440e-01 1.361954e-01 1.493403e-01 1.531266e-01 1.480621e-01 1.428686e-01 1.428686e-01 8.709536e-02 1.044378e-01 1.307116e-01 1.454816e-01 1.531266e-01 1.506104e-01 1.518726e-01 1.493403e-01 7.386982e-02 9.192195e-02 1.193569e-01 1.375461e-01 1.518726e-01 1.543725e-01 1.568402e-01 1.543725e-01 5.661203e-02 7.722457e-02 9.667584e-02 1.279213e-01 1.518726e-01 1.518726e-01 1.543725e-01 1.568402e-01 3.854779e-02 6.187398e-02 8.383739e-02 1.119982e-01 1.334696e-01 1.506104e-01 1.592757e-01 1.531266e-01 2.732218e-02 3.854779e-02 6.877712e-02 8.709536e-02 1.265141e-01 1.307116e-01 1.580619e-01 1.506104e-01
<GCONST> -1.782162e+01
<TRANSP> 8
 0.000000e+00 1.000000e+00 0.000000e+00 0.000000e+00 0.000000e+00 0.000000e+00 0.000000e+00 0.000000e+00
 0.000000e+00 5.000000e-01 5.000000e-01 0.000000e+00 0.000000e+00 0.000000e+00 0.000000e+00 0.000000e+00
 0.000000e+00 0.000000e+00 5.000000e-01 5.000000e-01 0.000000e+00 0.000000e+00 0.000000e+00 0.000000e+00
 0.000000e+00 0.000000e+00 0.000000e+00 5.000000e-01 5.000000e-01 0.000000e+00 0.000000e+00 0.000000e+00
 0.000000e+00 0.000000e+00 0.000000e+00 0.000000e+00 5.000000e-01 5.000000e-01 0.000000e+00 0.000000e+00
 0.000000e+00 0.000000e+00 0.000000e+00 0.000000e+00 0.000000e+00 5.000000e-01 5.000000e-01 0.000000e+00
 0.000000e+00 0.000000e+00 0.000000e+00 0.000000e+00 0.000000e+00 0.000000e+00 5.000000e-01 5.000000e-01
 0.000000e+00 0.000000e+00 0.000000e+00 0.000000e+00 0.000000e+00 0.000000e+00 0.000000e+00 0.000000e+00
<ENDHMM>
