~o
<STREAMINFO> 1 72
<VECSIZE> 72<NULLD><USER><DIAGC>
~h "down2"
<BEGINHMM>
<NUMSTATES> 8
<STATE> 2
<MEAN> 72
 9.907895e-01 9.684210e-01 9.381579e-01 9.065790e-01 8.671052e-01 7.934210e-01 7.618421e-01 7.657894e-01 9.947369e-01 9.671053e-01 9.276316e-01 9.171053e-01 8.644737e-01 8.013158e-01 7.723684e-01 7.710527e-01 9.947369e-01 9.684210e-01 9.302632e-01 9.171053e-01 8.671052e-01 8.157895e-01 7.881579e-01 7.815790e-01 9.907895e-01 9.710526e-01 9.381579e-01 9.171053e-01 8.881579e-01 8.197368e-01 7.960526e-01 7.855263e-01 9.934211e-01 9.684210e-01 9.486842e-01 9.276316e-01 8.960527e-01 8.250000e-01 7.960526e-01 7.973684e-01 9.934211e-01 9.710526e-01 9.368421e-01 9.289474e-01 9.039474e-01 8.394737e-01 8.039474e-01 8.105263e-01 9.986842e-01 9.697368e-01 9.368421e-01 9.289474e-01 9.184210e-01 8.552632e-01 8.210526e-01 8.144737e-01 9.986842e-01 9.776316e-01 9.355263e-01 9.302632e-01 9.157895e-01 8.723684e-01 8.223684e-01 8.184211e-01 9.986842e-01 9.815789e-01 9.447368e-01 9.394737e-01 9.210526e-01 8.934211e-01 8.315790e-01 8.368421e-01
<VARIANCE> 72
 9.125694e-03 3.058174e-02 5.801762e-02 8.469354e-02 1.152338e-01 1.639041e-01 1.814387e-01 1.793560e-01 5.235441e-03 3.181266e-02 6.713127e-02 7.602321e-02 1.171589e-01 1.592088e-01 1.758154e-01 1.765304e-01 5.235441e-03 3.058174e-02 6.487361e-02 7.602321e-02 1.152338e-01 1.502770e-01 1.669651e-01 1.707133e-01 9.125694e-03 2.810939e-02 5.801762e-02 7.602321e-02 9.933344e-02 1.477684e-01 1.623528e-01 1.684747e-01 6.535615e-03 3.058174e-02 4.868247e-02 6.713127e-02 9.314226e-02 1.443750e-01 1.623528e-01 1.615720e-01 6.535615e-03 2.810939e-02 5.916902e-02 6.600412e-02 8.682655e-02 1.347577e-01 1.576160e-01 1.535734e-01 1.314024e-03 2.934735e-02 5.916902e-02 6.600412e-02 7.492387e-02 1.237881e-01 1.469252e-01 1.511063e-01 1.314024e-03 2.186809e-02 6.031684e-02 6.487361e-02 7.711909e-02 1.113418e-01 1.460786e-01 1.486080e-01 1.314024e-03 1.808172e-02 5.220915e-02 5.686287e-02 7.271468e-02 9.521987e-02 1.400554e-01 1.365374e-01
<GCONST> -7.186719e+01
<STATE> 3
<MEAN> 72
 9.907895e-01 9.684210e-01 9.381579e-01 9.065790e-01 8.671052e-01 7.934210e-01 7.618421e-01 7.657894e-01 9.947369e-01 9.671053e-01 9.276316e-01 9.171053e-01 8.644737e-01 8.013158e-01 7.723684e-01 7.710527e-01 9.947369e-01 9.684210e-01 9.302632e-01 9.171053e-01 8.671052e-01 8.157895e-01 7.881579e-01 7.815790e-01 9.907895e-01 9.710526e-01 9.381579e-01 9.171053e-01 8.881579e-01 8.197368e-01 7.960526e-01 7.855263e-01 9.934211e-01 9.684210e-01 9.486842e-01 9.276316e-01 8.960527e-01 8.250000e-01 7.960526e-01 7.973684e-01 9.934211e-01 9.710526e-01 9.368421e-01 9.289474e-01 9.039474e-01 8.394737e-01 8.039474e-01 8.105263e-01 9.986842e-01 9.697368e-01 9.368421e-01 9.289474e-01 9.184210e-01 8.552632e-01 8.210526e-01 8.144737e-01 9.986842e-01 9.776316e-01 9.355263e-01 9.302632e-01 9.157895e-01 8.723684e-01 8.223684e-01 8.184211e-01 9.986842e-01 9.815789e-01 9.447368e-01 9.394737e-01 9.210526e-01 8.934211e-01 8.315790e-01 8.368421e-01
<VARIANCE> 72
 9.125694e-03 3.058174e-02 5.801762e-02 8.469354e-02 1.152338e-01 1.639041e-01 1.814387e-01 1.793560e-01 5.235441e-03 3.181266e-02 6.713127e-02 7.602321e-02 1.171589e-01 1.592088e-01 1.758154e-01 1.765304e-01 5.235441e-03 3.058174e-02 6.487361e-02 7.602321e-02 1.152338e-01 1.502770e-01 1.669651e-01 1.707133e-01 9.125694e-03 2.810939e-02 5.801762e-02 7.602321e-02 9.933344e-02 1.477684e-01 1.623528e-01 1.684747e-01 6.535615e-03 3.058174e-02 4.868247e-02 6.713127e-02 9.314226e-02 1.443750e-01 1.623528e-01 1.615720e-01 6.535615e-03 2.810939e-02 5.916902e-02 6.600412e-02 8.682655e-02 1.347577e-01 1.576160e-01 1.535734e-01 1.314024e-03 2.934735e-02 5.916902e-02 6.600412e-02 7.492387e-02 1.237881e-01 1.469252e-01 1.511063e-01 1.314024e-03 2.186809e-02 6.031684e-02 6.487361e-02 7.711909e-02 1.113418e-01 1.460786e-01 1.486080e-01 1.314024e-03 1.808172e-02 5.220915e-02 5.686287e-02 7.271468e-02 9.521987e-02 1.400554e-01 1.365374e-01
<GCONST> -7.186719e+01
<STATE> 4
<MEAN> 72
 9.907895e-01 9.684210e-01 9.381579e-01 9.065790e-01 8.671052e-01 7.934210e-01 7.618421e-01 7.657894e-01 9.947369e-01 9.671053e-01 9.276316e-01 9.171053e-01 8.644737e-01 8.013158e-01 7.723684e-01 7.710527e-01 9.947369e-01 9.684210e-01 9.302632e-01 9.171053e-01 8.671052e-01 8.157895e-01 7.881579e-01 7.815790e-01 9.907895e-01 9.710526e-01 9.381579e-01 9.171053e-01 8.881579e-01 8.197368e-01 7.960526e-01 7.855263e-01 9.934211e-01 9.684210e-01 9.486842e-01 9.276316e-01 8.960527e-01 8.250000e-01 7.960526e-01 7.973684e-01 9.934211e-01 9.710526e-01 9.368421e-01 9.289474e-01 9.039474e-01 8.394737e-01 8.039474e-01 8.105263e-01 9.986842e-01 9.697368e-01 9.368421e-01 9.289474e-01 9.184210e-01 8.552632e-01 8.210526e-01 8.144737e-01 9.986842e-01 9.776316e-01 9.355263e-01 9.302632e-01 9.157895e-01 8.723684e-01 8.223684e-01 8.184211e-01 9.986842e-01 9.815789e-01 9.447368e-01 9.394737e-01 9.210526e-01 8.934211e-01 8.315790e-01 8.368421e-01
<VARIANCE> 72
 9.125694e-03 3.058174e-02 5.801762e-02 8.469354e-02 1.152338e-01 1.639041e-01 1.814387e-01 1.793560e-01 5.235441e-03 3.181266e-02 6.713127e-02 7.602321e-02 1.171589e-01 1.592088e-01 1.758154e-01 1.765304e-01 5.235441e-03 3.058174e-02 6.487361e-02 7.602321e-02 1.152338e-01 1.502770e-01 1.669651e-01 1.707133e-01 9.125694e-03 2.810939e-02 5.801762e-02 7.602321e-02 9.933344e-02 1.477684e-01 1.623528e-01 1.684747e-01 6.535615e-03 3.058174e-02 4.868247e-02 6.713127e-02 9.314226e-02 1.443750e-01 1.623528e-01 1.615720e-01 6.535615e-03 2.810939e-02 5.916902e-02 6.600412e-02 8.682655e-02 1.347577e-01 1.576160e-01 1.535734e-01 1.314024e-03 2.934735e-02 5.916902e-02 6.600412e-02 7.492387e-02 1.237881e-01 1.469252e-01 1.511063e-01 1.314024e-03 2.186809e-02 6.031684e-02 6.487361e-02 7.711909e-02 1.113418e-01 1.460786e-01 1.486080e-01 1.314024e-03 1.808172e-02 5.220915e-02 5.686287e-02 7.271468e-02 9.521987e-02 1.400554e-01 1.365374e-01
<GCONST> -7.186719e+01
<STATE> 5
<MEAN> 72
 9.907895e-01 9.684210e-01 9.381579e-01 9.065790e-01 8.671052e-01 7.934210e-01 7.618421e-01 7.657894e-01 9.947369e-01 9.671053e-01 9.276316e-01 9.171053e-01 8.644737e-01 8.013158e-01 7.723684e-01 7.710527e-01 9.947369e-01 9.684210e-01 9.302632e-01 9.171053e-01 8.671052e-01 8.157895e-01 7.881579e-01 7.815790e-01 9.907895e-01 9.710526e-01 9.381579e-01 9.171053e-01 8.881579e-01 8.197368e-01 7.960526e-01 7.855263e-01 9.934211e-01 9.684210e-01 9.486842e-01 9.276316e-01 8.960527e-01 8.250000e-01 7.960526e-01 7.973684e-01 9.934211e-01 9.710526e-01 9.368421e-01 9.289474e-01 9.039474e-01 8.394737e-01 8.039474e-01 8.105263e-01 9.986842e-01 9.697368e-01 9.368421e-01 9.289474e-01 9.184210e-01 8.552632e-01 8.210526e-01 8.144737e-01 9.986842e-01 9.776316e-01 9.355263e-01 9.302632e-01 9.157895e-01 8.723684e-01 8.223684e-01 8.184211e-01 9.986842e-01 9.815789e-01 9.447368e-01 9.394737e-01 9.210526e-01 8.934211e-01 8.315790e-01 8.368421e-01
<VARIANCE> 72
 9.125694e-03 3.058174e-02 5.801762e-02 8.469354e-02 1.152338e-01 1.639041e-01 1.814387e-01 1.793560e-01 5.235441e-03 3.181266e-02 6.713127e-02 7.602321e-02 1.171589e-01 1.592088e-01 1.758154e-01 1.765304e-01 5.235441e-03 3.058174e-02 6.487361e-02 7.602321e-02 1.152338e-01 1.502770e-01 1.669651e-01 1.707133e-01 9.125694e-03 2.810939e-02 5.801762e-02 7.602321e-02 9.933344e-02 1.477684e-01 1.623528e-01 1.684747e-01 6.535615e-03 3.058174e-02 4.868247e-02 6.713127e-02 9.314226e-02 1.443750e-01 1.623528e-01 1.615720e-01 6.535615e-03 2.810939e-02 5.916902e-02 6.600412e-02 8.682655e-02 1.347577e-01 1.576160e-01 1.535734e-01 1.314024e-03 2.934735e-02 5.916902e-02 6.600412e-02 7.492387e-02 1.237881e-01 1.469252e-01 1.511063e-01 1.314024e-03 2.186809e-02 6.031684e-02 6.487361e-02 7.711909e-02 1.113418e-01 1.460786e-01 1.486080e-01 1.314024e-03 1.808172e-02 5.220915e-02 5.686287e-02 7.271468e-02 9.521987e-02 1.400554e-01 1.365374e-01
<GCONST> -7.186719e+01
<STATE> 6
<MEAN> 72
 9.907895e-01 9.684210e-01 9.381579e-01 9.065790e-01 8.671052e-01 7.934210e-01 7.618421e-01 7.657894e-01 9.947369e-01 9.671053e-01 9.276316e-01 9.171053e-01 8.644737e-01 8.013158e-01 7.723684e-01 7.710527e-01 9.947369e-01 9.684210e-01 9.302632e-01 9.171053e-01 8.671052e-01 8.157895e-01 7.881579e-01 7.815790e-01 9.907895e-01 9.710526e-01 9.381579e-01 9.171053e-01 8.881579e-01 8.197368e-01 7.960526e-01 7.855263e-01 9.934211e-01 9.684210e-01 9.486842e-01 9.276316e-01 8.960527e-01 8.250000e-01 7.960526e-01 7.973684e-01 9.934211e-01 9.710526e-01 9.368421e-01 9.289474e-01 9.039474e-01 8.394737e-01 8.039474e-01 8.105263e-01 9.986842e-01 9.697368e-01 9.368421e-01 9.289474e-01 9.184210e-01 8.552632e-01 8.210526e-01 8.144737e-01 9.986842e-01 9.776316e-01 9.355263e-01 9.302632e-01 9.157895e-01 8.723684e-01 8.223684e-01 8.184211e-01 9.986842e-01 9.815789e-01 9.447368e-01 9.394737e-01 9.210526e-01 8.934211e-01 8.315790e-01 8.368421e-01
<VARIANCE> 72
 9.125694e-03 3.058174e-02 5.801762e-02 8.469354e-02 1.152338e-01 1.639041e-01 1.814387e-01 1.793560e-01 5.235441e-03 3.181266e-02 6.713127e-02 7.602321e-02 1.171589e-01 1.592088e-01 1.758154e-01 1.765304e-01 5.235441e-03 3.058174e-02 6.487361e-02 7.602321e-02 1.152338e-01 1.502770e-01 1.669651e-01 1.707133e-01 9.125694e-03 2.810939e-02 5.801762e-02 7.602321e-02 9.933344e-02 1.477684e-01 1.623528e-01 1.684747e-01 6.535615e-03 3.058174e-02 4.868247e-02 6.713127e-02 9.314226e-02 1.443750e-01 1.623528e-01 1.615720e-01 6.535615e-03 2.810939e-02 5.916902e-02 6.600412e-02 8.682655e-02 1.347577e-01 1.576160e-01 1.535734e-01 1.314024e-03 2.934735e-02 5.916902e-02 6.600412e-02 7.492387e-02 1.237881e-01 1.469252e-01 1.511063e-01 1.314024e-03 2.186809e-02 6.031684e-02 6.487361e-02 7.711909e-02 1.113418e-01 1.460786e-01 1.486080e-01 1.314024e-03 1.808172e-02 5.220915e-02 5.686287e-02 7.271468e-02 9.521987e-02 1.400554e-01 1.365374e-01
<GCONST> -7.186719e+01
<STATE> 7
<MEAN> 72
 9.907895e-01 9.684210e-01 9.381579e-01 9.065790e-01 8.671052e-01 7.934210e-01 7.618421e-01 7.657894e-01 9.947369e-01 9.671053e-01 9.276316e-01 9.171053e-01 8.644737e-01 8.013158e-01 7.723684e-01 7.710527e-01 9.947369e-01 9.684210e-01 9.302632e-01 9.171053e-01 8.671052e-01 8.157895e-01 7.881579e-01 7.815790e-01 9.907895e-01 9.710526e-01 9.381579e-01 9.171053e-01 8.881579e-01 8.197368e-01 7.960526e-01 7.855263e-01 9.934211e-01 9.684210e-01 9.486842e-01 9.276316e-01 8.960527e-01 8.250000e-01 7.960526e-01 7.973684e-01 9.934211e-01 9.710526e-01 9.368421e-01 9.289474e-01 9.039474e-01 8.394737e-01 8.039474e-01 8.105263e-01 9.986842e-01 9.697368e-01 9.368421e-01 9.289474e-01 9.184210e-01 8.552632e-01 8.210526e-01 8.144737e-01 9.986842e-01 9.776316e-01 9.355263e-01 9.302632e-01 9.157895e-01 8.723684e-01 8.223684e-01 8.184211e-01 9.986842e-01 9.815789e-01 9.447368e-01 9.394737e-01 9.210526e-01 8.934211e-01 8.315790e-01 8.368421e-01
<VARIANCE> 72
 9.125694e-03 3.058174e-02 5.801762e-02 8.469354e-02 1.152338e-01 1.639041e-01 1.814387e-01 1.793560e-01 5.235441e-03 3.181266e-02 6.713127e-02 7.602321e-02 1.171589e-01 1.592088e-01 1.758154e-01 1.765304e-01 5.235441e-03 3.058174e-02 6.487361e-02 7.602321e-02 1.152338e-01 1.502770e-01 1.669651e-01 1.707133e-01 9.125694e-03 2.810939e-02 5.801762e-02 7.602321e-02 9.933344e-02 1.477684e-01 1.623528e-01 1.684747e-01 6.535615e-03 3.058174e-02 4.868247e-02 6.713127e-02 9.314226e-02 1.443750e-01 1.623528e-01 1.615720e-01 6.535615e-03 2.810939e-02 5.916902e-02 6.600412e-02 8.682655e-02 1.347577e-01 1.576160e-01 1.535734e-01 1.314024e-03 2.934735e-02 5.916902e-02 6.600412e-02 7.492387e-02 1.237881e-01 1.469252e-01 1.511063e-01 1.314024e-03 2.186809e-02 6.031684e-02 6.487361e-02 7.711909e-02 1.113418e-01 1.460786e-01 1.486080e-01 1.314024e-03 1.808172e-02 5.220915e-02 5.686287e-02 7.271468e-02 9.521987e-02 1.400554e-01 1.365374e-01
<GCONST> -7.186719e+01
<TRANSP> 8
 0.000000e+00 1.000000e+00 0.000000e+00 0.000000e+00 0.000000e+00 0.000000e+00 0.000000e+00 0.000000e+00
 0.000000e+00 5.000000e-01 5.000000e-01 0.000000e+00 0.000000e+00 0.000000e+00 0.000000e+00 0.000000e+00
 0.000000e+00 0.000000e+00 5.000000e-01 5.000000e-01 0.000000e+00 0.000000e+00 0.000000e+00 0.000000e+00
 0.000000e+00 0.000000e+00 0.000000e+00 5.000000e-01 5.000000e-01 0.000000e+00 0.000000e+00 0.000000e+00
 0.000000e+00 0.000000e+00 0.000000e+00 0.000000e+00 5.000000e-01 5.000000e-01 0.000000e+00 0.000000e+00
 0.000000e+00 0.000000e+00 0.000000e+00 0.000000e+00 0.000000e+00 5.000000e-01 5.000000e-01 0.000000e+00
 0.000000e+00 0.000000e+00 0.000000e+00 0.000000e+00 0.000000e+00 0.000000e+00 5.000000e-01 5.000000e-01
 0.000000e+00 0.000000e+00 0.000000e+00 0.000000e+00 0.000000e+00 0.000000e+00 0.000000e+00 0.000000e+00
<ENDHMM>
