~o
<STREAMINFO> 1 72
<VECSIZE> 72<NULLD><USER><DIAGC>
~h "down1"
<BEGINHMM>
<NUMSTATES> 8
<STATE> 2
<MEAN> 72
 9.857143e-01 9.666666e-01 9.452381e-01 8.880953e-01 8.357143e-01 7.761905e-01 7.714286e-01 7.785714e-01 9.833333e-01 9.714286e-01 9.333333e-01 8.690476e-01 8.214286e-01 7.738096e-01 7.642857e-01 7.809524e-01 9.785714e-01 9.595238e-01 9.166667e-01 8.690476e-01 8.000000e-01 7.619048e-01 7.666667e-01 7.714286e-01 9.714286e-01 9.571428e-01 9.166667e-01 8.690476e-01 7.928572e-01 7.642857e-01 7.523810e-01 7.642857e-01 9.714286e-01 9.619048e-01 9.309524e-01 8.595238e-01 7.857143e-01 7.452381e-01 7.428572e-01 7.571428e-01 9.642857e-01 9.523810e-01 9.166667e-01 8.476191e-01 7.785714e-01 7.476190e-01 7.404762e-01 7.523810e-01 9.738095e-01 9.666666e-01 9.285714e-01 8.690476e-01 7.761905e-01 7.428572e-01 7.309524e-01 7.404762e-01 9.738095e-01 9.476190e-01 9.166667e-01 8.642857e-01 7.809524e-01 7.357143e-01 7.119048e-01 7.238095e-01 9.714286e-01 9.571428e-01 9.166667e-01 8.619047e-01 7.809524e-01 7.428572e-01 7.142857e-01 7.238095e-01
<VARIANCE> 72
 1.408169e-02 3.222227e-02 5.176301e-02 9.938205e-02 1.372959e-01 1.737188e-01 1.763265e-01 1.723980e-01 1.638886e-02 2.775510e-02 6.222222e-02 1.138038e-01 1.466836e-01 1.750283e-01 1.801530e-01 1.710657e-01 2.096942e-02 3.883789e-02 7.638885e-02 1.138038e-01 1.600000e-01 1.814059e-01 1.788889e-01 1.763265e-01 2.775510e-02 4.102046e-02 7.638885e-02 1.138038e-01 1.642347e-01 1.801530e-01 1.863038e-01 1.801530e-01 2.775510e-02 3.664399e-02 6.428006e-02 1.207426e-01 1.683674e-01 1.898583e-01 1.910204e-01 1.838776e-01 3.443874e-02 4.535147e-02 7.638885e-02 1.291610e-01 1.723980e-01 1.886848e-01 1.921712e-01 1.863038e-01 2.550450e-02 3.222227e-02 6.632658e-02 1.138038e-01 1.737188e-01 1.910204e-01 1.966610e-01 1.921712e-01 2.550450e-02 4.963724e-02 7.638885e-02 1.172959e-01 1.710657e-01 1.944388e-01 2.050964e-01 1.999093e-01 2.775510e-02 4.102046e-02 7.638885e-02 1.190250e-01 1.710657e-01 1.910204e-01 2.040816e-01 1.999093e-01
<GCONST> -3.608195e+01
<STATE> 3
<MEAN> 72
 9.857143e-01 9.666666e-01 9.452381e-01 8.880953e-01 8.357143e-01 7.761905e-01 7.714286e-01 7.785714e-01 9.833333e-01 9.714286e-01 9.333333e-01 8.690476e-01 8.214286e-01 7.738096e-01 7.642857e-01 7.809524e-01 9.785714e-01 9.595238e-01 9.166667e-01 8.690476e-01 8.000000e-01 7.619048e-01 7.666667e-01 7.714286e-01 9.714286e-01 9.571428e-01 9.166667e-01 8.690476e-01 7.928572e-01 7.642857e-01 7.523810e-01 7.642857e-01 9.714286e-01 9.619048e-01 9.309524e-01 8.595238e-01 7.857143e-01 7.452381e-01 7.428572e-01 7.571428e-01 9.642857e-01 9.523810e-01 9.166667e-01 8.476191e-01 7.785714e-01 7.476190e-01 7.404762e-01 7.523810e-01 9.738095e-01 9.666666e-01 9.285714e-01 8.690476e-01 7.761905e-01 7.428572e-01 7.309524e-01 7.404762e-01 9.738095e-01 9.476190e-01 9.166667e-01 8.642857e-01 7.809524e-01 7.357143e-01 7.119048e-01 7.238095e-01 9.714286e-01 9.571428e-01 9.166667e-01 8.619047e-01 7.809524e-01 7.428572e-01 7.142857e-01 7.238095e-01
<VARIANCE> 72
 1.408169e-02 3.222227e-02 5.176301e-02 9.938205e-02 1.372959e-01 1.737188e-01 1.763265e-01 1.723980e-01 1.638886e-02 2.775510e-02 6.222222e-02 1.138038e-01 1.466836e-01 1.750283e-01 1.801530e-01 1.710657e-01 2.096942e-02 3.883789e-02 7.638885e-02 1.138038e-01 1.600000e-01 1.814059e-01 1.788889e-01 1.763265e-01 2.775510e-02 4.102046e-02 7.638885e-02 1.138038e-01 1.642347e-01 1.801530e-01 1.863038e-01 1.801530e-01 2.775510e-02 3.664399e-02 6.428006e-02 1.207426e-01 1.683674e-01 1.898583e-01 1.910204e-01 1.838776e-01 3.443874e-02 4.535147e-02 7.638885e-02 1.291610e-01 1.723980e-01 1.886848e-01 1.921712e-01 1.863038e-01 2.550450e-02 3.222227e-02 6.632658e-02 1.138038e-01 1.737188e-01 1.910204e-01 1.966610e-01 1.921712e-01 2.550450e-02 4.963724e-02 7.638885e-02 1.172959e-01 1.710657e-01 1.944388e-01 2.050964e-01 1.999093e-01 2.775510e-02 4.102046e-02 7.638885e-02 1.190250e-01 1.710657e-01 1.910204e-01 2.040816e-01 1.999093e-01
<GCONST> -3.608195e+01
<STATE> 4
<MEAN> 72
 9.857143e-01 9.666666e-01 9.452381e-01 8.880953e-01 8.357143e-01 7.761905e-01 7.714286e-01 7.785714e-01 9.833333e-01 9.714286e-01 9.333333e-01 8.690476e-01 8.214286e-01 7.738096e-01 7.642857e-01 7.809524e-01 9.785714e-01 9.595238e-01 9.166667e-01 8.690476e-01 8.000000e-01 7.619048e-01 7.666667e-01 7.714286e-01 9.714286e-01 9.571428e-01 9.166667e-01 8.690476e-01 7.928572e-01 7.642857e-01 7.523810e-01 7.642857e-01 9.714286e-01 9.619048e-01 9.309524e-01 8.595238e-01 7.857143e-01 7.452381e-01 7.428572e-01 7.571428e-01 9.642857e-01 9.523810e-01 9.166667e-01 8.476191e-01 7.785714e-01 7.476190e-01 7.404762e-01 7.523810e-01 9.738095e-01 9.666666e-01 9.285714e-01 8.690476e-01 7.761905e-01 7.428572e-01 7.309524e-01 7.404762e-01 9.738095e-01 9.476190e-01 9.166667e-01 8.642857e-01 7.809524e-01 7.357143e-01 7.119048e-01 7.238095e-01 9.714286e-01 9.571428e-01 9.166667e-01 8.619047e-01 7.809524e-01 7.428572e-01 7.142857e-01 7.238095e-01
<VARIANCE> 72
 1.408169e-02 3.222227e-02 5.176301e-02 9.938205e-02 1.372959e-01 1.737188e-01 1.763265e-01 1.723980e-01 1.638886e-02 2.775510e-02 6.222222e-02 1.138038e-01 1.466836e-01 1.750283e-01 1.801530e-01 1.710657e-01 2.096942e-02 3.883789e-02 7.638885e-02 1.138038e-01 1.600000e-01 1.814059e-01 1.788889e-01 1.763265e-01 2.775510e-02 4.102046e-02 7.638885e-02 1.138038e-01 1.642347e-01 1.801530e-01 1.863038e-01 1.801530e-01 2.775510e-02 3.664399e-02 6.428006e-02 1.207426e-01 1.683674e-01 1.898583e-01 1.910204e-01 1.838776e-01 3.443874e-02 4.535147e-02 7.638885e-02 1.291610e-01 1.723980e-01 1.886848e-01 1.921712e-01 1.863038e-01 2.550450e-02 3.222227e-02 6.632658e-02 1.138038e-01 1.737188e-01 1.910204e-01 1.966610e-01 1.921712e-01 2.550450e-02 4.963724e-02 7.638885e-02 1.172959e-01 1.710657e-01 1.944388e-01 2.050964e-01 1.999093e-01 2.775510e-02 4.102046e-02 7.638885e-02 1.190250e-01 1.710657e-01 1.910204e-01 2.040816e-01 1.999093e-01
<GCONST> -3.608195e+01
<STATE> 5
<MEAN> 72
 9.857143e-01 9.666666e-01 9.452381e-01 8.880953e-01 8.357143e-01 7.761905e-01 7.714286e-01 7.785714e-01 9.833333e-01 9.714286e-01 9.333333e-01 8.690476e-01 8.214286e-01 7.738096e-01 7.642857e-01 7.809524e-01 9.785714e-01 9.595238e-01 9.166667e-01 8.690476e-01 8.000000e-01 7.619048e-01 7.666667e-01 7.714286e-01 9.714286e-01 9.571428e-01 9.166667e-01 8.690476e-01 7.928572e-01 7.642857e-01 7.523810e-01 7.642857e-01 9.714286e-01 9.619048e-01 9.309524e-01 8.595238e-01 7.857143e-01 7.452381e-01 7.428572e-01 7.571428e-01 9.642857e-01 9.523810e-01 9.166667e-01 8.476191e-01 7.785714e-01 7.476190e-01 7.404762e-01 7.523810e-01 9.738095e-01 9.666666e-01 9.285714e-01 8.690476e-01 7.761905e-01 7.428572e-01 7.309524e-01 7.404762e-01 9.738095e-01 9.476190e-01 9.166667e-01 8.642857e-01 7.809524e-01 7.357143e-01 7.119048e-01 7.238095e-01 9.714286e-01 9.571428e-01 9.166667e-01 8.619047e-01 7.809524e-01 7.428572e-01 7.142857e-01 7.238095e-01
<VARIANCE> 72
 1.408169e-02 3.222227e-02 5.176301e-02 9.938205e-02 1.372959e-01 1.737188e-01 1.763265e-01 1.723980e-01 1.638886e-02 2.775510e-02 6.222222e-02 1.138038e-01 1.466836e-01 1.750283e-01 1.801530e-01 1.710657e-01 2.096942e-02 3.883789e-02 7.638885e-02 1.138038e-01 1.600000e-01 1.814059e-01 1.788889e-01 1.763265e-01 2.775510e-02 4.102046e-02 7.638885e-02 1.138038e-01 1.642347e-01 1.801530e-01 1.863038e-01 1.801530e-01 2.775510e-02 3.664399e-02 6.428006e-02 1.207426e-01 1.683674e-01 1.898583e-01 1.910204e-01 1.838776e-01 3.443874e-02 4.535147e-02 7.638885e-02 1.291610e-01 1.723980e-01 1.886848e-01 1.921712e-01 1.863038e-01 2.550450e-02 3.222227e-02 6.632658e-02 1.138038e-01 1.737188e-01 1.910204e-01 1.966610e-01 1.921712e-01 2.550450e-02 4.963724e-02 7.638885e-02 1.172959e-01 1.710657e-01 1.944388e-01 2.050964e-01 1.999093e-01 2.775510e-02 4.102046e-02 7.638885e-02 1.190250e-01 1.710657e-01 1.910204e-01 2.040816e-01 1.999093e-01
<GCONST> -3.608195e+01
<STATE> 6
<MEAN> 72
 9.857143e-01 9.666666e-01 9.452381e-01 8.880953e-01 8.357143e-01 7.761905e-01 7.714286e-01 7.785714e-01 9.833333e-01 9.714286e-01 9.333333e-01 8.690476e-01 8.214286e-01 7.738096e-01 7.642857e-01 7.809524e-01 9.785714e-01 9.595238e-01 9.166667e-01 8.690476e-01 8.000000e-01 7.619048e-01 7.666667e-01 7.714286e-01 9.714286e-01 9.571428e-01 9.166667e-01 8.690476e-01 7.928572e-01 7.642857e-01 7.523810e-01 7.642857e-01 9.714286e-01 9.619048e-01 9.309524e-01 8.595238e-01 7.857143e-01 7.452381e-01 7.428572e-01 7.571428e-01 9.642857e-01 9.523810e-01 9.166667e-01 8.476191e-01 7.785714e-01 7.476190e-01 7.404762e-01 7.523810e-01 9.738095e-01 9.666666e-01 9.285714e-01 8.690476e-01 7.761905e-01 7.428572e-01 7.309524e-01 7.404762e-01 9.738095e-01 9.476190e-01 9.166667e-01 8.642857e-01 7.809524e-01 7.357143e-01 7.119048e-01 7.238095e-01 9.714286e-01 9.571428e-01 9.166667e-01 8.619047e-01 7.809524e-01 7.428572e-01 7.142857e-01 7.238095e-01
<VARIANCE> 72
 1.408169e-02 3.222227e-02 5.176301e-02 9.938205e-02 1.372959e-01 1.737188e-01 1.763265e-01 1.723980e-01 1.638886e-02 2.775510e-02 6.222222e-02 1.138038e-01 1.466836e-01 1.750283e-01 1.801530e-01 1.710657e-01 2.096942e-02 3.883789e-02 7.638885e-02 1.138038e-01 1.600000e-01 1.814059e-01 1.788889e-01 1.763265e-01 2.775510e-02 4.102046e-02 7.638885e-02 1.138038e-01 1.642347e-01 1.801530e-01 1.863038e-01 1.801530e-01 2.775510e-02 3.664399e-02 6.428006e-02 1.207426e-01 1.683674e-01 1.898583e-01 1.910204e-01 1.838776e-01 3.443874e-02 4.535147e-02 7.638885e-02 1.291610e-01 1.723980e-01 1.886848e-01 1.921712e-01 1.863038e-01 2.550450e-02 3.222227e-02 6.632658e-02 1.138038e-01 1.737188e-01 1.910204e-01 1.966610e-01 1.921712e-01 2.550450e-02 4.963724e-02 7.638885e-02 1.172959e-01 1.710657e-01 1.944388e-01 2.050964e-01 1.999093e-01 2.775510e-02 4.102046e-02 7.638885e-02 1.190250e-01 1.710657e-01 1.910204e-01 2.040816e-01 1.999093e-01
<GCONST> -3.608195e+01
<STATE> 7
<MEAN> 72
 9.857143e-01 9.666666e-01 9.452381e-01 8.880953e-01 8.357143e-01 7.761905e-01 7.714286e-01 7.785714e-01 9.833333e-01 9.714286e-01 9.333333e-01 8.690476e-01 8.214286e-01 7.738096e-01 7.642857e-01 7.809524e-01 9.785714e-01 9.595238e-01 9.166667e-01 8.690476e-01 8.000000e-01 7.619048e-01 7.666667e-01 7.714286e-01 9.714286e-01 9.571428e-01 9.166667e-01 8.690476e-01 7.928572e-01 7.642857e-01 7.523810e-01 7.642857e-01 9.714286e-01 9.619048e-01 9.309524e-01 8.595238e-01 7.857143e-01 7.452381e-01 7.428572e-01 7.571428e-01 9.642857e-01 9.523810e-01 9.166667e-01 8.476191e-01 7.785714e-01 7.476190e-01 7.404762e-01 7.523810e-01 9.738095e-01 9.666666e-01 9.285714e-01 8.690476e-01 7.761905e-01 7.428572e-01 7.309524e-01 7.404762e-01 9.738095e-01 9.476190e-01 9.166667e-01 8.642857e-01 7.809524e-01 7.357143e-01 7.119048e-01 7.238095e-01 9.714286e-01 9.571428e-01 9.166667e-01 8.619047e-01 7.809524e-01 7.428572e-01 7.142857e-01 7.238095e-01
<VARIANCE> 72
 1.408169e-02 3.222227e-02 5.176301e-02 9.938205e-02 1.372959e-01 1.737188e-01 1.763265e-01 1.723980e-01 1.638886e-02 2.775510e-02 6.222222e-02 1.138038e-01 1.466836e-01 1.750283e-01 1.801530e-01 1.710657e-01 2.096942e-02 3.883789e-02 7.638885e-02 1.138038e-01 1.600000e-01 1.814059e-01 1.788889e-01 1.763265e-01 2.775510e-02 4.102046e-02 7.638885e-02 1.138038e-01 1.642347e-01 1.801530e-01 1.863038e-01 1.801530e-01 2.775510e-02 3.664399e-02 6.428006e-02 1.207426e-01 1.683674e-01 1.898583e-01 1.910204e-01 1.838776e-01 3.443874e-02 4.535147e-02 7.638885e-02 1.291610e-01 1.723980e-01 1.886848e-01 1.921712e-01 1.863038e-01 2.550450e-02 3.222227e-02 6.632658e-02 1.138038e-01 1.737188e-01 1.910204e-01 1.966610e-01 1.921712e-01 2.550450e-02 4.963724e-02 7.638885e-02 1.172959e-01 1.710657e-01 1.944388e-01 2.050964e-01 1.999093e-01 2.775510e-02 4.102046e-02 7.638885e-02 1.190250e-01 1.710657e-01 1.910204e-01 2.040816e-01 1.999093e-01
<GCONST> -3.608195e+01
<TRANSP> 8
 0.000000e+00 1.000000e+00 0.000000e+00 0.000000e+00 0.000000e+00 0.000000e+00 0.000000e+00 0.000000e+00
 0.000000e+00 5.000000e-01 5.000000e-01 0.000000e+00 0.000000e+00 0.000000e+00 0.000000e+00 0.000000e+00
 0.000000e+00 0.000000e+00 5.000000e-01 5.000000e-01 0.000000e+00 0.000000e+00 0.000000e+00 0.000000e+00
 0.000000e+00 0.000000e+00 0.000000e+00 5.000000e-01 5.000000e-01 0.000000e+00 0.000000e+00 0.000000e+00
 0.000000e+00 0.000000e+00 0.000000e+00 0.000000e+00 5.000000e-01 5.000000e-01 0.000000e+00 0.000000e+00
 0.000000e+00 0.000000e+00 0.000000e+00 0.000000e+00 0.000000e+00 5.000000e-01 5.000000e-01 0.000000e+00
 0.000000e+00 0.000000e+00 0.000000e+00 0.000000e+00 0.000000e+00 0.000000e+00 5.000000e-01 5.000000e-01
 0.000000e+00 0.000000e+00 0.000000e+00 0.000000e+00 0.000000e+00 0.000000e+00 0.000000e+00 0.000000e+00
<ENDHMM>
