~o
<STREAMINFO> 1 72
<VECSIZE> 72<NULLD><USER><DIAGC>
~h "downright1"
<BEGINHMM>
<NUMSTATES> 8
<STATE> 2
<MEAN> 72
 1.000000e+00 1.000000e+00 1.000000e+00 1.000000e+00 9.977221e-01 9.886105e-01 9.635535e-01 9.430524e-01 1.000000e+00 1.000000e+00 1.000000e+00 9.886105e-01 9.863326e-01 9.703872e-01 9.453303e-01 9.407745e-01 1.000000e+00 9.954442e-01 9.840547e-01 9.908884e-01 9.681093e-01 9.612756e-01 9.430524e-01 8.974943e-01 9.954442e-01 9.886105e-01 9.794989e-01 9.817768e-01 9.612756e-01 9.498861e-01 9.202734e-01 8.587700e-01 9.886105e-01 9.817768e-01 9.772210e-01 9.635535e-01 9.430524e-01 9.271070e-01 8.656036e-01 8.382688e-01 9.772210e-01 9.772210e-01 9.681093e-01 9.453303e-01 9.202734e-01 8.724374e-01 8.428246e-01 8.223234e-01 9.817768e-01 9.589977e-01 9.453303e-01 9.179955e-01 8.906606e-01 8.451025e-01 8.314351e-01 8.291572e-01 9.703872e-01 9.339408e-01 9.248292e-01 8.861048e-01 8.428246e-01 8.314351e-01 8.223234e-01 8.405467e-01 9.362187e-01 9.293849e-01 8.701594e-01 8.542141e-01 8.291572e-01 8.268793e-01 8.314351e-01 8.451025e-01
<VARIANCE> 72
 0.000000e+00 0.000000e+00 0.000000e+00 0.000000e+00 2.272728e-03 1.125975e-02 3.511809e-02 5.370454e-02 0.000000e+00 0.000000e+00 0.000000e+00 1.125975e-02 1.348059e-02 2.873589e-02 5.168088e-02 5.571783e-02 0.000000e+00 4.535079e-03 1.569105e-02 9.028646e-03 3.087370e-02 3.722478e-02 5.370454e-02 9.199826e-02 4.535079e-03 1.125975e-02 2.008084e-02 1.789113e-02 3.722478e-02 4.760253e-02 7.337029e-02 1.212841e-01 1.125975e-02 1.789113e-02 2.226017e-02 3.511809e-02 5.370454e-02 6.757960e-02 1.163340e-01 1.355742e-01 2.226017e-02 2.226017e-02 3.087370e-02 5.168088e-02 7.337029e-02 1.112904e-01 1.324713e-01 1.461076e-01 1.789113e-02 3.932108e-02 5.168088e-02 7.527979e-02 9.738432e-02 1.309043e-01 1.401508e-01 1.416555e-01 2.873589e-02 6.169542e-02 6.952014e-02 1.009231e-01 1.324713e-01 1.401508e-01 1.461076e-01 1.340280e-01 5.971326e-02 6.562859e-02 1.129820e-01 1.245323e-01 1.416555e-01 1.431500e-01 1.401508e-01 1.309043e-01
<GCONST> -8.000000e+10
<STATE> 3
<MEAN> 72
 1.000000e+00 1.000000e+00 1.000000e+00 1.000000e+00 9.977221e-01 9.886105e-01 9.635535e-01 9.430524e-01 1.000000e+00 1.000000e+00 1.000000e+00 9.886105e-01 9.863326e-01 9.703872e-01 9.453303e-01 9.407745e-01 1.000000e+00 9.954442e-01 9.840547e-01 9.908884e-01 9.681093e-01 9.612756e-01 9.430524e-01 8.974943e-01 9.954442e-01 9.886105e-01 9.794989e-01 9.817768e-01 9.612756e-01 9.498861e-01 9.202734e-01 8.587700e-01 9.886105e-01 9.817768e-01 9.772210e-01 9.635535e-01 9.430524e-01 9.271070e-01 8.656036e-01 8.382688e-01 9.772210e-01 9.772210e-01 9.681093e-01 9.453303e-01 9.202734e-01 8.724374e-01 8.428246e-01 8.223234e-01 9.817768e-01 9.589977e-01 9.453303e-01 9.179955e-01 8.906606e-01 8.451025e-01 8.314351e-01 8.291572e-01 9.703872e-01 9.339408e-01 9.248292e-01 8.861048e-01 8.428246e-01 8.314351e-01 8.223234e-01 8.405467e-01 9.362187e-01 9.293849e-01 8.701594e-01 8.542141e-01 8.291572e-01 8.268793e-01 8.314351e-01 8.451025e-01
<VARIANCE> 72
 0.000000e+00 0.000000e+00 0.000000e+00 0.000000e+00 2.272728e-03 1.125975e-02 3.511809e-02 5.370454e-02 0.000000e+00 0.000000e+00 0.000000e+00 1.125975e-02 1.348059e-02 2.873589e-02 5.168088e-02 5.571783e-02 0.000000e+00 4.535079e-03 1.569105e-02 9.028646e-03 3.087370e-02 3.722478e-02 5.370454e-02 9.199826e-02 4.535079e-03 1.125975e-02 2.008084e-02 1.789113e-02 3.722478e-02 4.760253e-02 7.337029e-02 1.212841e-01 1.125975e-02 1.789113e-02 2.226017e-02 3.511809e-02 5.370454e-02 6.757960e-02 1.163340e-01 1.355742e-01 2.226017e-02 2.226017e-02 3.087370e-02 5.168088e-02 7.337029e-02 1.112904e-01 1.324713e-01 1.461076e-01 1.789113e-02 3.932108e-02 5.168088e-02 7.527979e-02 9.738432e-02 1.309043e-01 1.401508e-01 1.416555e-01 2.873589e-02 6.169542e-02 6.952014e-02 1.009231e-01 1.324713e-01 1.401508e-01 1.461076e-01 1.340280e-01 5.971326e-02 6.562859e-02 1.129820e-01 1.245323e-01 1.416555e-01 1.431500e-01 1.401508e-01 1.309043e-01
<GCONST> -8.000000e+10
<STATE> 4
<MEAN> 72
 1.000000e+00 1.000000e+00 1.000000e+00 1.000000e+00 9.977221e-01 9.886105e-01 9.635535e-01 9.430524e-01 1.000000e+00 1.000000e+00 1.000000e+00 9.886105e-01 9.863326e-01 9.703872e-01 9.453303e-01 9.407745e-01 1.000000e+00 9.954442e-01 9.840547e-01 9.908884e-01 9.681093e-01 9.612756e-01 9.430524e-01 8.974943e-01 9.954442e-01 9.886105e-01 9.794989e-01 9.817768e-01 9.612756e-01 9.498861e-01 9.202734e-01 8.587700e-01 9.886105e-01 9.817768e-01 9.772210e-01 9.635535e-01 9.430524e-01 9.271070e-01 8.656036e-01 8.382688e-01 9.772210e-01 9.772210e-01 9.681093e-01 9.453303e-01 9.202734e-01 8.724374e-01 8.428246e-01 8.223234e-01 9.817768e-01 9.589977e-01 9.453303e-01 9.179955e-01 8.906606e-01 8.451025e-01 8.314351e-01 8.291572e-01 9.703872e-01 9.339408e-01 9.248292e-01 8.861048e-01 8.428246e-01 8.314351e-01 8.223234e-01 8.405467e-01 9.362187e-01 9.293849e-01 8.701594e-01 8.542141e-01 8.291572e-01 8.268793e-01 8.314351e-01 8.451025e-01
<VARIANCE> 72
 0.000000e+00 0.000000e+00 0.000000e+00 0.000000e+00 2.272728e-03 1.125975e-02 3.511809e-02 5.370454e-02 0.000000e+00 0.000000e+00 0.000000e+00 1.125975e-02 1.348059e-02 2.873589e-02 5.168088e-02 5.571783e-02 0.000000e+00 4.535079e-03 1.569105e-02 9.028646e-03 3.087370e-02 3.722478e-02 5.370454e-02 9.199826e-02 4.535079e-03 1.125975e-02 2.008084e-02 1.789113e-02 3.722478e-02 4.760253e-02 7.337029e-02 1.212841e-01 1.125975e-02 1.789113e-02 2.226017e-02 3.511809e-02 5.370454e-02 6.757960e-02 1.163340e-01 1.355742e-01 2.226017e-02 2.226017e-02 3.087370e-02 5.168088e-02 7.337029e-02 1.112904e-01 1.324713e-01 1.461076e-01 1.789113e-02 3.932108e-02 5.168088e-02 7.527979e-02 9.738432e-02 1.309043e-01 1.401508e-01 1.416555e-01 2.873589e-02 6.169542e-02 6.952014e-02 1.009231e-01 1.324713e-01 1.401508e-01 1.461076e-01 1.340280e-01 5.971326e-02 6.562859e-02 1.129820e-01 1.245323e-01 1.416555e-01 1.431500e-01 1.401508e-01 1.309043e-01
<GCONST> -8.000000e+10
<STATE> 5
<MEAN> 72
 1.000000e+00 1.000000e+00 1.000000e+00 1.000000e+00 9.977221e-01 9.886105e-01 9.635535e-01 9.430524e-01 1.000000e+00 1.000000e+00 1.000000e+00 9.886105e-01 9.863326e-01 9.703872e-01 9.453303e-01 9.407745e-01 1.000000e+00 9.954442e-01 9.840547e-01 9.908884e-01 9.681093e-01 9.612756e-01 9.430524e-01 8.974943e-01 9.954442e-01 9.886105e-01 9.794989e-01 9.817768e-01 9.612756e-01 9.498861e-01 9.202734e-01 8.587700e-01 9.886105e-01 9.817768e-01 9.772210e-01 9.635535e-01 9.430524e-01 9.271070e-01 8.656036e-01 8.382688e-01 9.772210e-01 9.772210e-01 9.681093e-01 9.453303e-01 9.202734e-01 8.724374e-01 8.428246e-01 8.223234e-01 9.817768e-01 9.589977e-01 9.453303e-01 9.179955e-01 8.906606e-01 8.451025e-01 8.314351e-01 8.291572e-01 9.703872e-01 9.339408e-01 9.248292e-01 8.861048e-01 8.428246e-01 8.314351e-01 8.223234e-01 8.405467e-01 9.362187e-01 9.293849e-01 8.701594e-01 8.542141e-01 8.291572e-01 8.268793e-01 8.314351e-01 8.451025e-01
<VARIANCE> 72
 0.000000e+00 0.000000e+00 0.000000e+00 0.000000e+00 2.272728e-03 1.125975e-02 3.511809e-02 5.370454e-02 0.000000e+00 0.000000e+00 0.000000e+00 1.125975e-02 1.348059e-02 2.873589e-02 5.168088e-02 5.571783e-02 0.000000e+00 4.535079e-03 1.569105e-02 9.028646e-03 3.087370e-02 3.722478e-02 5.370454e-02 9.199826e-02 4.535079e-03 1.125975e-02 2.008084e-02 1.789113e-02 3.722478e-02 4.760253e-02 7.337029e-02 1.212841e-01 1.125975e-02 1.789113e-02 2.226017e-02 3.511809e-02 5.370454e-02 6.757960e-02 1.163340e-01 1.355742e-01 2.226017e-02 2.226017e-02 3.087370e-02 5.168088e-02 7.337029e-02 1.112904e-01 1.324713e-01 1.461076e-01 1.789113e-02 3.932108e-02 5.168088e-02 7.527979e-02 9.738432e-02 1.309043e-01 1.401508e-01 1.416555e-01 2.873589e-02 6.169542e-02 6.952014e-02 1.009231e-01 1.324713e-01 1.401508e-01 1.461076e-01 1.340280e-01 5.971326e-02 6.562859e-02 1.129820e-01 1.245323e-01 1.416555e-01 1.431500e-01 1.401508e-01 1.309043e-01
<GCONST> -8.000000e+10
<STATE> 6
<MEAN> 72
 1.000000e+00 1.000000e+00 1.000000e+00 1.000000e+00 9.977221e-01 9.886105e-01 9.635535e-01 9.430524e-01 1.000000e+00 1.000000e+00 1.000000e+00 9.886105e-01 9.863326e-01 9.703872e-01 9.453303e-01 9.407745e-01 1.000000e+00 9.954442e-01 9.840547e-01 9.908884e-01 9.681093e-01 9.612756e-01 9.430524e-01 8.974943e-01 9.954442e-01 9.886105e-01 9.794989e-01 9.817768e-01 9.612756e-01 9.498861e-01 9.202734e-01 8.587700e-01 9.886105e-01 9.817768e-01 9.772210e-01 9.635535e-01 9.430524e-01 9.271070e-01 8.656036e-01 8.382688e-01 9.772210e-01 9.772210e-01 9.681093e-01 9.453303e-01 9.202734e-01 8.724374e-01 8.428246e-01 8.223234e-01 9.817768e-01 9.589977e-01 9.453303e-01 9.179955e-01 8.906606e-01 8.451025e-01 8.314351e-01 8.291572e-01 9.703872e-01 9.339408e-01 9.248292e-01 8.861048e-01 8.428246e-01 8.314351e-01 8.223234e-01 8.405467e-01 9.362187e-01 9.293849e-01 8.701594e-01 8.542141e-01 8.291572e-01 8.268793e-01 8.314351e-01 8.451025e-01
<VARIANCE> 72
 0.000000e+00 0.000000e+00 0.000000e+00 0.000000e+00 2.272728e-03 1.125975e-02 3.511809e-02 5.370454e-02 0.000000e+00 0.000000e+00 0.000000e+00 1.125975e-02 1.348059e-02 2.873589e-02 5.168088e-02 5.571783e-02 0.000000e+00 4.535079e-03 1.569105e-02 9.028646e-03 3.087370e-02 3.722478e-02 5.370454e-02 9.199826e-02 4.535079e-03 1.125975e-02 2.008084e-02 1.789113e-02 3.722478e-02 4.760253e-02 7.337029e-02 1.212841e-01 1.125975e-02 1.789113e-02 2.226017e-02 3.511809e-02 5.370454e-02 6.757960e-02 1.163340e-01 1.355742e-01 2.226017e-02 2.226017e-02 3.087370e-02 5.168088e-02 7.337029e-02 1.112904e-01 1.324713e-01 1.461076e-01 1.789113e-02 3.932108e-02 5.168088e-02 7.527979e-02 9.738432e-02 1.309043e-01 1.401508e-01 1.416555e-01 2.873589e-02 6.169542e-02 6.952014e-02 1.009231e-01 1.324713e-01 1.401508e-01 1.461076e-01 1.340280e-01 5.971326e-02 6.562859e-02 1.129820e-01 1.245323e-01 1.416555e-01 1.431500e-01 1.401508e-01 1.309043e-01
<GCONST> -8.000000e+10
<STATE> 7
<MEAN> 72
 1.000000e+00 1.000000e+00 1.000000e+00 1.000000e+00 9.977221e-01 9.886105e-01 9.635535e-01 9.430524e-01 1.000000e+00 1.000000e+00 1.000000e+00 9.886105e-01 9.863326e-01 9.703872e-01 9.453303e-01 9.407745e-01 1.000000e+00 9.954442e-01 9.840547e-01 9.908884e-01 9.681093e-01 9.612756e-01 9.430524e-01 8.974943e-01 9.954442e-01 9.886105e-01 9.794989e-01 9.817768e-01 9.612756e-01 9.498861e-01 9.202734e-01 8.587700e-01 9.886105e-01 9.817768e-01 9.772210e-01 9.635535e-01 9.430524e-01 9.271070e-01 8.656036e-01 8.382688e-01 9.772210e-01 9.772210e-01 9.681093e-01 9.453303e-01 9.202734e-01 8.724374e-01 8.428246e-01 8.223234e-01 9.817768e-01 9.589977e-01 9.453303e-01 9.179955e-01 8.906606e-01 8.451025e-01 8.314351e-01 8.291572e-01 9.703872e-01 9.339408e-01 9.248292e-01 8.861048e-01 8.428246e-01 8.314351e-01 8.223234e-01 8.405467e-01 9.362187e-01 9.293849e-01 8.701594e-01 8.542141e-01 8.291572e-01 8.268793e-01 8.314351e-01 8.451025e-01
<VARIANCE> 72
 0.000000e+00 0.000000e+00 0.000000e+00 0.000000e+00 2.272728e-03 1.125975e-02 3.511809e-02 5.370454e-02 0.000000e+00 0.000000e+00 0.000000e+00 1.125975e-02 1.348059e-02 2.873589e-02 5.168088e-02 5.571783e-02 0.000000e+00 4.535079e-03 1.569105e-02 9.028646e-03 3.087370e-02 3.722478e-02 5.370454e-02 9.199826e-02 4.535079e-03 1.125975e-02 2.008084e-02 1.789113e-02 3.722478e-02 4.760253e-02 7.337029e-02 1.212841e-01 1.125975e-02 1.789113e-02 2.226017e-02 3.511809e-02 5.370454e-02 6.757960e-02 1.163340e-01 1.355742e-01 2.226017e-02 2.226017e-02 3.087370e-02 5.168088e-02 7.337029e-02 1.112904e-01 1.324713e-01 1.461076e-01 1.789113e-02 3.932108e-02 5.168088e-02 7.527979e-02 9.738432e-02 1.309043e-01 1.401508e-01 1.416555e-01 2.873589e-02 6.169542e-02 6.952014e-02 1.009231e-01 1.324713e-01 1.401508e-01 1.461076e-01 1.340280e-01 5.971326e-02 6.562859e-02 1.129820e-01 1.245323e-01 1.416555e-01 1.431500e-01 1.401508e-01 1.309043e-01
<GCONST> -8.000000e+10
<TRANSP> 8
 0.000000e+00 1.000000e+00 0.000000e+00 0.000000e+00 0.000000e+00 0.000000e+00 0.000000e+00 0.000000e+00
 0.000000e+00 5.000000e-01 5.000000e-01 0.000000e+00 0.000000e+00 0.000000e+00 0.000000e+00 0.000000e+00
 0.000000e+00 0.000000e+00 5.000000e-01 5.000000e-01 0.000000e+00 0.000000e+00 0.000000e+00 0.000000e+00
 0.000000e+00 0.000000e+00 0.000000e+00 5.000000e-01 5.000000e-01 0.000000e+00 0.000000e+00 0.000000e+00
 0.000000e+00 0.000000e+00 0.000000e+00 0.000000e+00 5.000000e-01 5.000000e-01 0.000000e+00 0.000000e+00
 0.000000e+00 0.000000e+00 0.000000e+00 0.000000e+00 0.000000e+00 5.000000e-01 5.000000e-01 0.000000e+00
 0.000000e+00 0.000000e+00 0.000000e+00 0.000000e+00 0.000000e+00 0.000000e+00 5.000000e-01 5.000000e-01
 0.000000e+00 0.000000e+00 0.000000e+00 0.000000e+00 0.000000e+00 0.000000e+00 0.000000e+00 0.000000e+00
<ENDHMM>
