~o
<STREAMINFO> 1 72
<VECSIZE> 72<NULLD><USER><DIAGC>
~h "left1"
<BEGINHMM>
<NUMSTATES> 8
<STATE> 2
<MEAN> 72
 1.000000e+00 1.000000e+00 1.000000e+00 1.000000e+00 1.000000e+00 1.000000e+00 1.000000e+00 1.000000e+00 9.964789e-01 1.000000e+00 1.000000e+00 9.929578e-01 9.929578e-01 1.000000e+00 9.964789e-01 9.964789e-01 9.823943e-01 9.859155e-01 9.894366e-01 9.894366e-01 9.823943e-01 9.894366e-01 9.894366e-01 9.859155e-01 9.753521e-01 9.683099e-01 9.683099e-01 9.788733e-01 9.718310e-01 9.577465e-01 9.718310e-01 9.753521e-01 9.577465e-01 9.507042e-01 9.507042e-01 9.577465e-01 9.577465e-01 9.295775e-01 9.471831e-01 9.577465e-01 9.154930e-01 9.119718e-01 8.978873e-01 8.802817e-01 8.838028e-01 8.838028e-01 8.767605e-01 8.767605e-01 8.591549e-01 8.485916e-01 8.415493e-01 8.239437e-01 8.309859e-01 8.274648e-01 8.274648e-01 8.239437e-01 8.098592e-01 8.169014e-01 8.133803e-01 8.133803e-01 8.133803e-01 8.133803e-01 8.133803e-01 8.063380e-01 7.992958e-01 7.922535e-01 7.887324e-01 7.852113e-01 7.957746e-01 7.887324e-01 8.028169e-01 8.063380e-01
<VARIANCE> 72
 0.000000e+00 0.000000e+00 0.000000e+00 0.000000e+00 0.000000e+00 0.000000e+00 0.000000e+00 0.000000e+00 3.508764e-03 0.000000e+00 0.000000e+00 6.992612e-03 6.992612e-03 0.000000e+00 3.508764e-03 3.508764e-03 1.729573e-02 1.388616e-02 1.045178e-02 1.045178e-02 1.729573e-02 1.045178e-02 1.045178e-02 1.388616e-02 2.404038e-02 3.068584e-02 3.068584e-02 2.068039e-02 2.737556e-02 4.046811e-02 2.737556e-02 2.404038e-02 4.046811e-02 4.686572e-02 4.686572e-02 4.046811e-02 4.046811e-02 6.546319e-02 5.002733e-02 4.046811e-02 7.736561e-02 8.027925e-02 9.168563e-02 1.053858e-01 1.026954e-01 1.026954e-01 1.080515e-01 1.080515e-01 1.210077e-01 1.284839e-01 1.333441e-01 1.450605e-01 1.404483e-01 1.427669e-01 1.427669e-01 1.450605e-01 1.539873e-01 1.495735e-01 1.517928e-01 1.517928e-01 1.517928e-01 1.517928e-01 1.517928e-01 1.561570e-01 1.604220e-01 1.645879e-01 1.666336e-01 1.686545e-01 1.625174e-01 1.666336e-01 1.583019e-01 1.561570e-01
<GCONST> -1.100000e+11
<STATE> 3
<MEAN> 72
 1.000000e+00 1.000000e+00 1.000000e+00 1.000000e+00 1.000000e+00 1.000000e+00 1.000000e+00 1.000000e+00 9.964789e-01 1.000000e+00 1.000000e+00 9.929578e-01 9.929578e-01 1.000000e+00 9.964789e-01 9.964789e-01 9.823943e-01 9.859155e-01 9.894366e-01 9.894366e-01 9.823943e-01 9.894366e-01 9.894366e-01 9.859155e-01 9.753521e-01 9.683099e-01 9.683099e-01 9.788733e-01 9.718310e-01 9.577465e-01 9.718310e-01 9.753521e-01 9.577465e-01 9.507042e-01 9.507042e-01 9.577465e-01 9.577465e-01 9.295775e-01 9.471831e-01 9.577465e-01 9.154930e-01 9.119718e-01 8.978873e-01 8.802817e-01 8.838028e-01 8.838028e-01 8.767605e-01 8.767605e-01 8.591549e-01 8.485916e-01 8.415493e-01 8.239437e-01 8.309859e-01 8.274648e-01 8.274648e-01 8.239437e-01 8.098592e-01 8.169014e-01 8.133803e-01 8.133803e-01 8.133803e-01 8.133803e-01 8.133803e-01 8.063380e-01 7.992958e-01 7.922535e-01 7.887324e-01 7.852113e-01 7.957746e-01 7.887324e-01 8.028169e-01 8.063380e-01
<VARIANCE> 72
 0.000000e+00 0.000000e+00 0.000000e+00 0.000000e+00 0.000000e+00 0.000000e+00 0.000000e+00 0.000000e+00 3.508764e-03 0.000000e+00 0.000000e+00 6.992612e-03 6.992612e-03 0.000000e+00 3.508764e-03 3.508764e-03 1.729573e-02 1.388616e-02 1.045178e-02 1.045178e-02 1.729573e-02 1.045178e-02 1.045178e-02 1.388616e-02 2.404038e-02 3.068584e-02 3.068584e-02 2.068039e-02 2.737556e-02 4.046811e-02 2.737556e-02 2.404038e-02 4.046811e-02 4.686572e-02 4.686572e-02 4.046811e-02 4.046811e-02 6.546319e-02 5.002733e-02 4.046811e-02 7.736561e-02 8.027925e-02 9.168563e-02 1.053858e-01 1.026954e-01 1.026954e-01 1.080515e-01 1.080515e-01 1.210077e-01 1.284839e-01 1.333441e-01 1.450605e-01 1.404483e-01 1.427669e-01 1.427669e-01 1.450605e-01 1.539873e-01 1.495735e-01 1.517928e-01 1.517928e-01 1.517928e-01 1.517928e-01 1.517928e-01 1.561570e-01 1.604220e-01 1.645879e-01 1.666336e-01 1.686545e-01 1.625174e-01 1.666336e-01 1.583019e-01 1.561570e-01
<GCONST> -1.100000e+11
<STATE> 4
<MEAN> 72
 1.000000e+00 1.000000e+00 1.000000e+00 1.000000e+00 1.000000e+00 1.000000e+00 1.000000e+00 1.000000e+00 9.964789e-01 1.000000e+00 1.000000e+00 9.929578e-01 9.929578e-01 1.000000e+00 9.964789e-01 9.964789e-01 9.823943e-01 9.859155e-01 9.894366e-01 9.894366e-01 9.823943e-01 9.894366e-01 9.894366e-01 9.859155e-01 9.753521e-01 9.683099e-01 9.683099e-01 9.788733e-01 9.718310e-01 9.577465e-01 9.718310e-01 9.753521e-01 9.577465e-01 9.507042e-01 9.507042e-01 9.577465e-01 9.577465e-01 9.295775e-01 9.471831e-01 9.577465e-01 9.154930e-01 9.119718e-01 8.978873e-01 8.802817e-01 8.838028e-01 8.838028e-01 8.767605e-01 8.767605e-01 8.591549e-01 8.485916e-01 8.415493e-01 8.239437e-01 8.309859e-01 8.274648e-01 8.274648e-01 8.239437e-01 8.098592e-01 8.169014e-01 8.133803e-01 8.133803e-01 8.133803e-01 8.133803e-01 8.133803e-01 8.063380e-01 7.992958e-01 7.922535e-01 7.887324e-01 7.852113e-01 7.957746e-01 7.887324e-01 8.028169e-01 8.063380e-01
<VARIANCE> 72
 0.000000e+00 0.000000e+00 0.000000e+00 0.000000e+00 0.000000e+00 0.000000e+00 0.000000e+00 0.000000e+00 3.508764e-03 0.000000e+00 0.000000e+00 6.992612e-03 6.992612e-03 0.000000e+00 3.508764e-03 3.508764e-03 1.729573e-02 1.388616e-02 1.045178e-02 1.045178e-02 1.729573e-02 1.045178e-02 1.045178e-02 1.388616e-02 2.404038e-02 3.068584e-02 3.068584e-02 2.068039e-02 2.737556e-02 4.046811e-02 2.737556e-02 2.404038e-02 4.046811e-02 4.686572e-02 4.686572e-02 4.046811e-02 4.046811e-02 6.546319e-02 5.002733e-02 4.046811e-02 7.736561e-02 8.027925e-02 9.168563e-02 1.053858e-01 1.026954e-01 1.026954e-01 1.080515e-01 1.080515e-01 1.210077e-01 1.284839e-01 1.333441e-01 1.450605e-01 1.404483e-01 1.427669e-01 1.427669e-01 1.450605e-01 1.539873e-01 1.495735e-01 1.517928e-01 1.517928e-01 1.517928e-01 1.517928e-01 1.517928e-01 1.561570e-01 1.604220e-01 1.645879e-01 1.666336e-01 1.686545e-01 1.625174e-01 1.666336e-01 1.583019e-01 1.561570e-01
<GCONST> -1.100000e+11
<STATE> 5
<MEAN> 72
 1.000000e+00 1.000000e+00 1.000000e+00 1.000000e+00 1.000000e+00 1.000000e+00 1.000000e+00 1.000000e+00 9.964789e-01 1.000000e+00 1.000000e+00 9.929578e-01 9.929578e-01 1.000000e+00 9.964789e-01 9.964789e-01 9.823943e-01 9.859155e-01 9.894366e-01 9.894366e-01 9.823943e-01 9.894366e-01 9.894366e-01 9.859155e-01 9.753521e-01 9.683099e-01 9.683099e-01 9.788733e-01 9.718310e-01 9.577465e-01 9.718310e-01 9.753521e-01 9.577465e-01 9.507042e-01 9.507042e-01 9.577465e-01 9.577465e-01 9.295775e-01 9.471831e-01 9.577465e-01 9.154930e-01 9.119718e-01 8.978873e-01 8.802817e-01 8.838028e-01 8.838028e-01 8.767605e-01 8.767605e-01 8.591549e-01 8.485916e-01 8.415493e-01 8.239437e-01 8.309859e-01 8.274648e-01 8.274648e-01 8.239437e-01 8.098592e-01 8.169014e-01 8.133803e-01 8.133803e-01 8.133803e-01 8.133803e-01 8.133803e-01 8.063380e-01 7.992958e-01 7.922535e-01 7.887324e-01 7.852113e-01 7.957746e-01 7.887324e-01 8.028169e-01 8.063380e-01
<VARIANCE> 72
 0.000000e+00 0.000000e+00 0.000000e+00 0.000000e+00 0.000000e+00 0.000000e+00 0.000000e+00 0.000000e+00 3.508764e-03 0.000000e+00 0.000000e+00 6.992612e-03 6.992612e-03 0.000000e+00 3.508764e-03 3.508764e-03 1.729573e-02 1.388616e-02 1.045178e-02 1.045178e-02 1.729573e-02 1.045178e-02 1.045178e-02 1.388616e-02 2.404038e-02 3.068584e-02 3.068584e-02 2.068039e-02 2.737556e-02 4.046811e-02 2.737556e-02 2.404038e-02 4.046811e-02 4.686572e-02 4.686572e-02 4.046811e-02 4.046811e-02 6.546319e-02 5.002733e-02 4.046811e-02 7.736561e-02 8.027925e-02 9.168563e-02 1.053858e-01 1.026954e-01 1.026954e-01 1.080515e-01 1.080515e-01 1.210077e-01 1.284839e-01 1.333441e-01 1.450605e-01 1.404483e-01 1.427669e-01 1.427669e-01 1.450605e-01 1.539873e-01 1.495735e-01 1.517928e-01 1.517928e-01 1.517928e-01 1.517928e-01 1.517928e-01 1.561570e-01 1.604220e-01 1.645879e-01 1.666336e-01 1.686545e-01 1.625174e-01 1.666336e-01 1.583019e-01 1.561570e-01
<GCONST> -1.100000e+11
<STATE> 6
<MEAN> 72
 1.000000e+00 1.000000e+00 1.000000e+00 1.000000e+00 1.000000e+00 1.000000e+00 1.000000e+00 1.000000e+00 9.964789e-01 1.000000e+00 1.000000e+00 9.929578e-01 9.929578e-01 1.000000e+00 9.964789e-01 9.964789e-01 9.823943e-01 9.859155e-01 9.894366e-01 9.894366e-01 9.823943e-01 9.894366e-01 9.894366e-01 9.859155e-01 9.753521e-01 9.683099e-01 9.683099e-01 9.788733e-01 9.718310e-01 9.577465e-01 9.718310e-01 9.753521e-01 9.577465e-01 9.507042e-01 9.507042e-01 9.577465e-01 9.577465e-01 9.295775e-01 9.471831e-01 9.577465e-01 9.154930e-01 9.119718e-01 8.978873e-01 8.802817e-01 8.838028e-01 8.838028e-01 8.767605e-01 8.767605e-01 8.591549e-01 8.485916e-01 8.415493e-01 8.239437e-01 8.309859e-01 8.274648e-01 8.274648e-01 8.239437e-01 8.098592e-01 8.169014e-01 8.133803e-01 8.133803e-01 8.133803e-01 8.133803e-01 8.133803e-01 8.063380e-01 7.992958e-01 7.922535e-01 7.887324e-01 7.852113e-01 7.957746e-01 7.887324e-01 8.028169e-01 8.063380e-01
<VARIANCE> 72
 0.000000e+00 0.000000e+00 0.000000e+00 0.000000e+00 0.000000e+00 0.000000e+00 0.000000e+00 0.000000e+00 3.508764e-03 0.000000e+00 0.000000e+00 6.992612e-03 6.992612e-03 0.000000e+00 3.508764e-03 3.508764e-03 1.729573e-02 1.388616e-02 1.045178e-02 1.045178e-02 1.729573e-02 1.045178e-02 1.045178e-02 1.388616e-02 2.404038e-02 3.068584e-02 3.068584e-02 2.068039e-02 2.737556e-02 4.046811e-02 2.737556e-02 2.404038e-02 4.046811e-02 4.686572e-02 4.686572e-02 4.046811e-02 4.046811e-02 6.546319e-02 5.002733e-02 4.046811e-02 7.736561e-02 8.027925e-02 9.168563e-02 1.053858e-01 1.026954e-01 1.026954e-01 1.080515e-01 1.080515e-01 1.210077e-01 1.284839e-01 1.333441e-01 1.450605e-01 1.404483e-01 1.427669e-01 1.427669e-01 1.450605e-01 1.539873e-01 1.495735e-01 1.517928e-01 1.517928e-01 1.517928e-01 1.517928e-01 1.517928e-01 1.561570e-01 1.604220e-01 1.645879e-01 1.666336e-01 1.686545e-01 1.625174e-01 1.666336e-01 1.583019e-01 1.561570e-01
<GCONST> -1.100000e+11
<STATE> 7
<MEAN> 72
 1.000000e+00 1.000000e+00 1.000000e+00 1.000000e+00 1.000000e+00 1.000000e+00 1.000000e+00 1.000000e+00 9.964789e-01 1.000000e+00 1.000000e+00 9.929578e-01 9.929578e-01 1.000000e+00 9.964789e-01 9.964789e-01 9.823943e-01 9.859155e-01 9.894366e-01 9.894366e-01 9.823943e-01 9.894366e-01 9.894366e-01 9.859155e-01 9.753521e-01 9.683099e-01 9.683099e-01 9.788733e-01 9.718310e-01 9.577465e-01 9.718310e-01 9.753521e-01 9.577465e-01 9.507042e-01 9.507042e-01 9.577465e-01 9.577465e-01 9.295775e-01 9.471831e-01 9.577465e-01 9.154930e-01 9.119718e-01 8.978873e-01 8.802817e-01 8.838028e-01 8.838028e-01 8.767605e-01 8.767605e-01 8.591549e-01 8.485916e-01 8.415493e-01 8.239437e-01 8.309859e-01 8.274648e-01 8.274648e-01 8.239437e-01 8.098592e-01 8.169014e-01 8.133803e-01 8.133803e-01 8.133803e-01 8.133803e-01 8.133803e-01 8.063380e-01 7.992958e-01 7.922535e-01 7.887324e-01 7.852113e-01 7.957746e-01 7.887324e-01 8.028169e-01 8.063380e-01
<VARIANCE> 72
 0.000000e+00 0.000000e+00 0.000000e+00 0.000000e+00 0.000000e+00 0.000000e+00 0.000000e+00 0.000000e+00 3.508764e-03 0.000000e+00 0.000000e+00 6.992612e-03 6.992612e-03 0.000000e+00 3.508764e-03 3.508764e-03 1.729573e-02 1.388616e-02 1.045178e-02 1.045178e-02 1.729573e-02 1.045178e-02 1.045178e-02 1.388616e-02 2.404038e-02 3.068584e-02 3.068584e-02 2.068039e-02 2.737556e-02 4.046811e-02 2.737556e-02 2.404038e-02 4.046811e-02 4.686572e-02 4.686572e-02 4.046811e-02 4.046811e-02 6.546319e-02 5.002733e-02 4.046811e-02 7.736561e-02 8.027925e-02 9.168563e-02 1.053858e-01 1.026954e-01 1.026954e-01 1.080515e-01 1.080515e-01 1.210077e-01 1.284839e-01 1.333441e-01 1.450605e-01 1.404483e-01 1.427669e-01 1.427669e-01 1.450605e-01 1.539873e-01 1.495735e-01 1.517928e-01 1.517928e-01 1.517928e-01 1.517928e-01 1.517928e-01 1.561570e-01 1.604220e-01 1.645879e-01 1.666336e-01 1.686545e-01 1.625174e-01 1.666336e-01 1.583019e-01 1.561570e-01
<GCONST> -1.100000e+11
<TRANSP> 8
 0.000000e+00 1.000000e+00 0.000000e+00 0.000000e+00 0.000000e+00 0.000000e+00 0.000000e+00 0.000000e+00
 0.000000e+00 5.000000e-01 5.000000e-01 0.000000e+00 0.000000e+00 0.000000e+00 0.000000e+00 0.000000e+00
 0.000000e+00 0.000000e+00 5.000000e-01 5.000000e-01 0.000000e+00 0.000000e+00 0.000000e+00 0.000000e+00
 0.000000e+00 0.000000e+00 0.000000e+00 5.000000e-01 5.000000e-01 0.000000e+00 0.000000e+00 0.000000e+00
 0.000000e+00 0.000000e+00 0.000000e+00 0.000000e+00 5.000000e-01 5.000000e-01 0.000000e+00 0.000000e+00
 0.000000e+00 0.000000e+00 0.000000e+00 0.000000e+00 0.000000e+00 5.000000e-01 5.000000e-01 0.000000e+00
 0.000000e+00 0.000000e+00 0.000000e+00 0.000000e+00 0.000000e+00 0.000000e+00 5.000000e-01 5.000000e-01
 0.000000e+00 0.000000e+00 0.000000e+00 0.000000e+00 0.000000e+00 0.000000e+00 0.000000e+00 0.000000e+00
<ENDHMM>
