~o
<STREAMINFO> 1 72
<VECSIZE> 72<NULLD><USER><DIAGC>
~h "right1"
<BEGINHMM>
<NUMSTATES> 8
<STATE> 2
<MEAN> 72
 9.967638e-01 9.967638e-01 9.967638e-01 9.870550e-01 9.935275e-01 9.967638e-01 9.805825e-01 9.838188e-01 9.870550e-01 9.838188e-01 9.741100e-01 9.644013e-01 9.805825e-01 9.838188e-01 9.773463e-01 9.805825e-01 9.773463e-01 9.611651e-01 9.579288e-01 9.546925e-01 9.708738e-01 9.644013e-01 9.676375e-01 9.579288e-01 9.708738e-01 9.546925e-01 9.611651e-01 9.514563e-01 9.482201e-01 9.579288e-01 9.579288e-01 9.579288e-01 9.482201e-01 9.385113e-01 9.449838e-01 9.352751e-01 9.255663e-01 9.158576e-01 9.061489e-01 8.899676e-01 8.996764e-01 8.867314e-01 8.673139e-01 8.446602e-01 8.381877e-01 7.993528e-01 8.058252e-01 7.993528e-01 8.414239e-01 8.058252e-01 7.993528e-01 7.864078e-01 7.799353e-01 7.734628e-01 7.734628e-01 7.734628e-01 7.961165e-01 7.734628e-01 7.669903e-01 7.702265e-01 7.702265e-01 7.605178e-01 7.540453e-01 7.605178e-01 7.766990e-01 7.702265e-01 7.605178e-01 7.508091e-01 7.475728e-01 7.572815e-01 7.443365e-01 7.443365e-01
<VARIANCE> 72
 3.225749e-03 3.225749e-03 3.225749e-03 1.277744e-02 6.430552e-03 3.225749e-03 1.904042e-02 1.591940e-02 1.277744e-02 1.591940e-02 2.521973e-02 3.433142e-02 1.904042e-02 1.591940e-02 2.214049e-02 1.904042e-02 2.214049e-02 3.732676e-02 4.030126e-02 4.325471e-02 2.827790e-02 3.433142e-02 3.131513e-02 4.030126e-02 2.827790e-02 4.325471e-02 3.732676e-02 4.618720e-02 4.909876e-02 4.030126e-02 4.030126e-02 4.030126e-02 4.909876e-02 5.770784e-02 5.198936e-02 6.053561e-02 6.889334e-02 7.706244e-02 8.504312e-02 9.792528e-02 9.025878e-02 1.004388e-01 1.150805e-01 1.312093e-01 1.356291e-01 1.603879e-01 1.564709e-01 1.603879e-01 1.334297e-01 1.564709e-01 1.603879e-01 1.679706e-01 1.716362e-01 1.752181e-01 1.752181e-01 1.752181e-01 1.623150e-01 1.752181e-01 1.787162e-01 1.769776e-01 1.769776e-01 1.821305e-01 1.854610e-01 1.821305e-01 1.734377e-01 1.769776e-01 1.821305e-01 1.870948e-01 1.887077e-01 1.838062e-01 1.902997e-01 1.902997e-01
<GCONST> -7.224579e+01
<STATE> 3
<MEAN> 72
 9.967638e-01 9.967638e-01 9.967638e-01 9.870550e-01 9.935275e-01 9.967638e-01 9.805825e-01 9.838188e-01 9.870550e-01 9.838188e-01 9.741100e-01 9.644013e-01 9.805825e-01 9.838188e-01 9.773463e-01 9.805825e-01 9.773463e-01 9.611651e-01 9.579288e-01 9.546925e-01 9.708738e-01 9.644013e-01 9.676375e-01 9.579288e-01 9.708738e-01 9.546925e-01 9.611651e-01 9.514563e-01 9.482201e-01 9.579288e-01 9.579288e-01 9.579288e-01 9.482201e-01 9.385113e-01 9.449838e-01 9.352751e-01 9.255663e-01 9.158576e-01 9.061489e-01 8.899676e-01 8.996764e-01 8.867314e-01 8.673139e-01 8.446602e-01 8.381877e-01 7.993528e-01 8.058252e-01 7.993528e-01 8.414239e-01 8.058252e-01 7.993528e-01 7.864078e-01 7.799353e-01 7.734628e-01 7.734628e-01 7.734628e-01 7.961165e-01 7.734628e-01 7.669903e-01 7.702265e-01 7.702265e-01 7.605178e-01 7.540453e-01 7.605178e-01 7.766990e-01 7.702265e-01 7.605178e-01 7.508091e-01 7.475728e-01 7.572815e-01 7.443365e-01 7.443365e-01
<VARIANCE> 72
 3.225749e-03 3.225749e-03 3.225749e-03 1.277744e-02 6.430552e-03 3.225749e-03 1.904042e-02 1.591940e-02 1.277744e-02 1.591940e-02 2.521973e-02 3.433142e-02 1.904042e-02 1.591940e-02 2.214049e-02 1.904042e-02 2.214049e-02 3.732676e-02 4.030126e-02 4.325471e-02 2.827790e-02 3.433142e-02 3.131513e-02 4.030126e-02 2.827790e-02 4.325471e-02 3.732676e-02 4.618720e-02 4.909876e-02 4.030126e-02 4.030126e-02 4.030126e-02 4.909876e-02 5.770784e-02 5.198936e-02 6.053561e-02 6.889334e-02 7.706244e-02 8.504312e-02 9.792528e-02 9.025878e-02 1.004388e-01 1.150805e-01 1.312093e-01 1.356291e-01 1.603879e-01 1.564709e-01 1.603879e-01 1.334297e-01 1.564709e-01 1.603879e-01 1.679706e-01 1.716362e-01 1.752181e-01 1.752181e-01 1.752181e-01 1.623150e-01 1.752181e-01 1.787162e-01 1.769776e-01 1.769776e-01 1.821305e-01 1.854610e-01 1.821305e-01 1.734377e-01 1.769776e-01 1.821305e-01 1.870948e-01 1.887077e-01 1.838062e-01 1.902997e-01 1.902997e-01
<GCONST> -7.224579e+01
<STATE> 4
<MEAN> 72
 9.967638e-01 9.967638e-01 9.967638e-01 9.870550e-01 9.935275e-01 9.967638e-01 9.805825e-01 9.838188e-01 9.870550e-01 9.838188e-01 9.741100e-01 9.644013e-01 9.805825e-01 9.838188e-01 9.773463e-01 9.805825e-01 9.773463e-01 9.611651e-01 9.579288e-01 9.546925e-01 9.708738e-01 9.644013e-01 9.676375e-01 9.579288e-01 9.708738e-01 9.546925e-01 9.611651e-01 9.514563e-01 9.482201e-01 9.579288e-01 9.579288e-01 9.579288e-01 9.482201e-01 9.385113e-01 9.449838e-01 9.352751e-01 9.255663e-01 9.158576e-01 9.061489e-01 8.899676e-01 8.996764e-01 8.867314e-01 8.673139e-01 8.446602e-01 8.381877e-01 7.993528e-01 8.058252e-01 7.993528e-01 8.414239e-01 8.058252e-01 7.993528e-01 7.864078e-01 7.799353e-01 7.734628e-01 7.734628e-01 7.734628e-01 7.961165e-01 7.734628e-01 7.669903e-01 7.702265e-01 7.702265e-01 7.605178e-01 7.540453e-01 7.605178e-01 7.766990e-01 7.702265e-01 7.605178e-01 7.508091e-01 7.475728e-01 7.572815e-01 7.443365e-01 7.443365e-01
<VARIANCE> 72
 3.225749e-03 3.225749e-03 3.225749e-03 1.277744e-02 6.430552e-03 3.225749e-03 1.904042e-02 1.591940e-02 1.277744e-02 1.591940e-02 2.521973e-02 3.433142e-02 1.904042e-02 1.591940e-02 2.214049e-02 1.904042e-02 2.214049e-02 3.732676e-02 4.030126e-02 4.325471e-02 2.827790e-02 3.433142e-02 3.131513e-02 4.030126e-02 2.827790e-02 4.325471e-02 3.732676e-02 4.618720e-02 4.909876e-02 4.030126e-02 4.030126e-02 4.030126e-02 4.909876e-02 5.770784e-02 5.198936e-02 6.053561e-02 6.889334e-02 7.706244e-02 8.504312e-02 9.792528e-02 9.025878e-02 1.004388e-01 1.150805e-01 1.312093e-01 1.356291e-01 1.603879e-01 1.564709e-01 1.603879e-01 1.334297e-01 1.564709e-01 1.603879e-01 1.679706e-01 1.716362e-01 1.752181e-01 1.752181e-01 1.752181e-01 1.623150e-01 1.752181e-01 1.787162e-01 1.769776e-01 1.769776e-01 1.821305e-01 1.854610e-01 1.821305e-01 1.734377e-01 1.769776e-01 1.821305e-01 1.870948e-01 1.887077e-01 1.838062e-01 1.902997e-01 1.902997e-01
<GCONST> -7.224579e+01
<STATE> 5
<MEAN> 72
 9.967638e-01 9.967638e-01 9.967638e-01 9.870550e-01 9.935275e-01 9.967638e-01 9.805825e-01 9.838188e-01 9.870550e-01 9.838188e-01 9.741100e-01 9.644013e-01 9.805825e-01 9.838188e-01 9.773463e-01 9.805825e-01 9.773463e-01 9.611651e-01 9.579288e-01 9.546925e-01 9.708738e-01 9.644013e-01 9.676375e-01 9.579288e-01 9.708738e-01 9.546925e-01 9.611651e-01 9.514563e-01 9.482201e-01 9.579288e-01 9.579288e-01 9.579288e-01 9.482201e-01 9.385113e-01 9.449838e-01 9.352751e-01 9.255663e-01 9.158576e-01 9.061489e-01 8.899676e-01 8.996764e-01 8.867314e-01 8.673139e-01 8.446602e-01 8.381877e-01 7.993528e-01 8.058252e-01 7.993528e-01 8.414239e-01 8.058252e-01 7.993528e-01 7.864078e-01 7.799353e-01 7.734628e-01 7.734628e-01 7.734628e-01 7.961165e-01 7.734628e-01 7.669903e-01 7.702265e-01 7.702265e-01 7.605178e-01 7.540453e-01 7.605178e-01 7.766990e-01 7.702265e-01 7.605178e-01 7.508091e-01 7.475728e-01 7.572815e-01 7.443365e-01 7.443365e-01
<VARIANCE> 72
 3.225749e-03 3.225749e-03 3.225749e-03 1.277744e-02 6.430552e-03 3.225749e-03 1.904042e-02 1.591940e-02 1.277744e-02 1.591940e-02 2.521973e-02 3.433142e-02 1.904042e-02 1.591940e-02 2.214049e-02 1.904042e-02 2.214049e-02 3.732676e-02 4.030126e-02 4.325471e-02 2.827790e-02 3.433142e-02 3.131513e-02 4.030126e-02 2.827790e-02 4.325471e-02 3.732676e-02 4.618720e-02 4.909876e-02 4.030126e-02 4.030126e-02 4.030126e-02 4.909876e-02 5.770784e-02 5.198936e-02 6.053561e-02 6.889334e-02 7.706244e-02 8.504312e-02 9.792528e-02 9.025878e-02 1.004388e-01 1.150805e-01 1.312093e-01 1.356291e-01 1.603879e-01 1.564709e-01 1.603879e-01 1.334297e-01 1.564709e-01 1.603879e-01 1.679706e-01 1.716362e-01 1.752181e-01 1.752181e-01 1.752181e-01 1.623150e-01 1.752181e-01 1.787162e-01 1.769776e-01 1.769776e-01 1.821305e-01 1.854610e-01 1.821305e-01 1.734377e-01 1.769776e-01 1.821305e-01 1.870948e-01 1.887077e-01 1.838062e-01 1.902997e-01 1.902997e-01
<GCONST> -7.224579e+01
<STATE> 6
<MEAN> 72
 9.967638e-01 9.967638e-01 9.967638e-01 9.870550e-01 9.935275e-01 9.967638e-01 9.805825e-01 9.838188e-01 9.870550e-01 9.838188e-01 9.741100e-01 9.644013e-01 9.805825e-01 9.838188e-01 9.773463e-01 9.805825e-01 9.773463e-01 9.611651e-01 9.579288e-01 9.546925e-01 9.708738e-01 9.644013e-01 9.676375e-01 9.579288e-01 9.708738e-01 9.546925e-01 9.611651e-01 9.514563e-01 9.482201e-01 9.579288e-01 9.579288e-01 9.579288e-01 9.482201e-01 9.385113e-01 9.449838e-01 9.352751e-01 9.255663e-01 9.158576e-01 9.061489e-01 8.899676e-01 8.996764e-01 8.867314e-01 8.673139e-01 8.446602e-01 8.381877e-01 7.993528e-01 8.058252e-01 7.993528e-01 8.414239e-01 8.058252e-01 7.993528e-01 7.864078e-01 7.799353e-01 7.734628e-01 7.734628e-01 7.734628e-01 7.961165e-01 7.734628e-01 7.669903e-01 7.702265e-01 7.702265e-01 7.605178e-01 7.540453e-01 7.605178e-01 7.766990e-01 7.702265e-01 7.605178e-01 7.508091e-01 7.475728e-01 7.572815e-01 7.443365e-01 7.443365e-01
<VARIANCE> 72
 3.225749e-03 3.225749e-03 3.225749e-03 1.277744e-02 6.430552e-03 3.225749e-03 1.904042e-02 1.591940e-02 1.277744e-02 1.591940e-02 2.521973e-02 3.433142e-02 1.904042e-02 1.591940e-02 2.214049e-02 1.904042e-02 2.214049e-02 3.732676e-02 4.030126e-02 4.325471e-02 2.827790e-02 3.433142e-02 3.131513e-02 4.030126e-02 2.827790e-02 4.325471e-02 3.732676e-02 4.618720e-02 4.909876e-02 4.030126e-02 4.030126e-02 4.030126e-02 4.909876e-02 5.770784e-02 5.198936e-02 6.053561e-02 6.889334e-02 7.706244e-02 8.504312e-02 9.792528e-02 9.025878e-02 1.004388e-01 1.150805e-01 1.312093e-01 1.356291e-01 1.603879e-01 1.564709e-01 1.603879e-01 1.334297e-01 1.564709e-01 1.603879e-01 1.679706e-01 1.716362e-01 1.752181e-01 1.752181e-01 1.752181e-01 1.623150e-01 1.752181e-01 1.787162e-01 1.769776e-01 1.769776e-01 1.821305e-01 1.854610e-01 1.821305e-01 1.734377e-01 1.769776e-01 1.821305e-01 1.870948e-01 1.887077e-01 1.838062e-01 1.902997e-01 1.902997e-01
<GCONST> -7.224579e+01
<STATE> 7
<MEAN> 72
 9.967638e-01 9.967638e-01 9.967638e-01 9.870550e-01 9.935275e-01 9.967638e-01 9.805825e-01 9.838188e-01 9.870550e-01 9.838188e-01 9.741100e-01 9.644013e-01 9.805825e-01 9.838188e-01 9.773463e-01 9.805825e-01 9.773463e-01 9.611651e-01 9.579288e-01 9.546925e-01 9.708738e-01 9.644013e-01 9.676375e-01 9.579288e-01 9.708738e-01 9.546925e-01 9.611651e-01 9.514563e-01 9.482201e-01 9.579288e-01 9.579288e-01 9.579288e-01 9.482201e-01 9.385113e-01 9.449838e-01 9.352751e-01 9.255663e-01 9.158576e-01 9.061489e-01 8.899676e-01 8.996764e-01 8.867314e-01 8.673139e-01 8.446602e-01 8.381877e-01 7.993528e-01 8.058252e-01 7.993528e-01 8.414239e-01 8.058252e-01 7.993528e-01 7.864078e-01 7.799353e-01 7.734628e-01 7.734628e-01 7.734628e-01 7.961165e-01 7.734628e-01 7.669903e-01 7.702265e-01 7.702265e-01 7.605178e-01 7.540453e-01 7.605178e-01 7.766990e-01 7.702265e-01 7.605178e-01 7.508091e-01 7.475728e-01 7.572815e-01 7.443365e-01 7.443365e-01
<VARIANCE> 72
 3.225749e-03 3.225749e-03 3.225749e-03 1.277744e-02 6.430552e-03 3.225749e-03 1.904042e-02 1.591940e-02 1.277744e-02 1.591940e-02 2.521973e-02 3.433142e-02 1.904042e-02 1.591940e-02 2.214049e-02 1.904042e-02 2.214049e-02 3.732676e-02 4.030126e-02 4.325471e-02 2.827790e-02 3.433142e-02 3.131513e-02 4.030126e-02 2.827790e-02 4.325471e-02 3.732676e-02 4.618720e-02 4.909876e-02 4.030126e-02 4.030126e-02 4.030126e-02 4.909876e-02 5.770784e-02 5.198936e-02 6.053561e-02 6.889334e-02 7.706244e-02 8.504312e-02 9.792528e-02 9.025878e-02 1.004388e-01 1.150805e-01 1.312093e-01 1.356291e-01 1.603879e-01 1.564709e-01 1.603879e-01 1.334297e-01 1.564709e-01 1.603879e-01 1.679706e-01 1.716362e-01 1.752181e-01 1.752181e-01 1.752181e-01 1.623150e-01 1.752181e-01 1.787162e-01 1.769776e-01 1.769776e-01 1.821305e-01 1.854610e-01 1.821305e-01 1.734377e-01 1.769776e-01 1.821305e-01 1.870948e-01 1.887077e-01 1.838062e-01 1.902997e-01 1.902997e-01
<GCONST> -7.224579e+01
<TRANSP> 8
 0.000000e+00 1.000000e+00 0.000000e+00 0.000000e+00 0.000000e+00 0.000000e+00 0.000000e+00 0.000000e+00
 0.000000e+00 5.000000e-01 5.000000e-01 0.000000e+00 0.000000e+00 0.000000e+00 0.000000e+00 0.000000e+00
 0.000000e+00 0.000000e+00 5.000000e-01 5.000000e-01 0.000000e+00 0.000000e+00 0.000000e+00 0.000000e+00
 0.000000e+00 0.000000e+00 0.000000e+00 5.000000e-01 5.000000e-01 0.000000e+00 0.000000e+00 0.000000e+00
 0.000000e+00 0.000000e+00 0.000000e+00 0.000000e+00 5.000000e-01 5.000000e-01 0.000000e+00 0.000000e+00
 0.000000e+00 0.000000e+00 0.000000e+00 0.000000e+00 0.000000e+00 5.000000e-01 5.000000e-01 0.000000e+00
 0.000000e+00 0.000000e+00 0.000000e+00 0.000000e+00 0.000000e+00 0.000000e+00 5.000000e-01 5.000000e-01
 0.000000e+00 0.000000e+00 0.000000e+00 0.000000e+00 0.000000e+00 0.000000e+00 0.000000e+00 0.000000e+00
<ENDHMM>
