~o
<STREAMINFO> 1 72
<VECSIZE> 72<NULLD><USER><DIAGC>
~h "upright1"
<BEGINHMM>
<NUMSTATES> 8
<STATE> 2
<MEAN> 72
 8.154270e-01 7.878788e-01 7.933884e-01 7.988981e-01 7.933884e-01 7.961432e-01 8.181818e-01 8.044077e-01 8.705234e-01 8.236915e-01 8.154270e-01 8.154270e-01 8.154270e-01 8.209366e-01 8.319559e-01 8.484849e-01 9.008265e-01 8.622590e-01 8.319559e-01 8.209366e-01 8.209366e-01 8.181818e-01 8.374656e-01 8.429752e-01 9.449036e-01 9.201102e-01 8.622590e-01 8.457300e-01 8.402204e-01 8.374656e-01 8.264463e-01 8.429752e-01 9.669421e-01 9.338843e-01 8.980716e-01 8.650138e-01 8.429752e-01 8.429752e-01 8.347107e-01 8.402204e-01 9.889807e-01 9.614325e-01 9.283746e-01 8.842975e-01 8.539945e-01 8.374656e-01 8.292011e-01 8.347107e-01 9.807162e-01 9.669421e-01 9.504132e-01 9.173554e-01 8.787879e-01 8.512397e-01 8.347107e-01 8.264463e-01 9.944904e-01 9.752066e-01 9.559228e-01 9.393939e-01 8.953168e-01 8.539945e-01 8.319559e-01 8.292011e-01 1.000000e+00 9.862259e-01 9.641873e-01 9.586777e-01 9.283746e-01 8.787879e-01 8.484849e-01 8.264463e-01
<VARIANCE> 72
 1.505058e-01 1.671258e-01 1.639232e-01 1.606599e-01 1.639232e-01 1.622992e-01 1.487603e-01 1.573359e-01 1.127124e-01 1.452238e-01 1.505058e-01 1.505058e-01 1.505058e-01 1.469997e-01 1.398053e-01 1.285583e-01 8.933815e-02 1.187684e-01 1.398053e-01 1.469997e-01 1.469997e-01 1.487603e-01 1.361170e-01 1.323680e-01 5.206086e-02 7.350747e-02 1.187684e-01 1.304708e-01 1.342501e-01 1.361170e-01 1.434328e-01 1.323680e-01 3.196506e-02 6.174437e-02 9.153894e-02 1.167649e-01 1.323680e-01 1.323680e-01 1.379688e-01 1.342501e-01 1.089787e-02 3.708002e-02 6.649517e-02 1.023154e-01 1.246879e-01 1.361170e-01 1.416266e-01 1.379688e-01 1.891193e-02 3.196506e-02 4.712792e-02 7.581452e-02 1.065198e-01 1.266307e-01 1.379688e-01 1.434328e-01 5.479232e-03 2.417867e-02 4.213439e-02 5.693297e-02 9.372467e-02 1.246879e-01 1.398053e-01 1.416266e-01 0.000000e+00 1.358436e-02 3.453013e-02 3.961474e-02 6.649517e-02 1.065198e-01 1.285583e-01 1.434328e-01
<STATE> 3
<MEAN> 72
 8.154270e-01 7.878788e-01 7.933884e-01 7.988981e-01 7.933884e-01 7.961432e-01 8.181818e-01 8.044077e-01 8.705234e-01 8.236915e-01 8.154270e-01 8.154270e-01 8.154270e-01 8.209366e-01 8.319559e-01 8.484849e-01 9.008265e-01 8.622590e-01 8.319559e-01 8.209366e-01 8.209366e-01 8.181818e-01 8.374656e-01 8.429752e-01 9.449036e-01 9.201102e-01 8.622590e-01 8.457300e-01 8.402204e-01 8.374656e-01 8.264463e-01 8.429752e-01 9.669421e-01 9.338843e-01 8.980716e-01 8.650138e-01 8.429752e-01 8.429752e-01 8.347107e-01 8.402204e-01 9.889807e-01 9.614325e-01 9.283746e-01 8.842975e-01 8.539945e-01 8.374656e-01 8.292011e-01 8.347107e-01 9.807162e-01 9.669421e-01 9.504132e-01 9.173554e-01 8.787879e-01 8.512397e-01 8.347107e-01 8.264463e-01 9.944904e-01 9.752066e-01 9.559228e-01 9.393939e-01 8.953168e-01 8.539945e-01 8.319559e-01 8.292011e-01 1.000000e+00 9.862259e-01 9.641873e-01 9.586777e-01 9.283746e-01 8.787879e-01 8.484849e-01 8.264463e-01
<VARIANCE> 72
 1.505058e-01 1.671258e-01 1.639232e-01 1.606599e-01 1.639232e-01 1.622992e-01 1.487603e-01 1.573359e-01 1.127124e-01 1.452238e-01 1.505058e-01 1.505058e-01 1.505058e-01 1.469997e-01 1.398053e-01 1.285583e-01 8.933815e-02 1.187684e-01 1.398053e-01 1.469997e-01 1.469997e-01 1.487603e-01 1.361170e-01 1.323680e-01 5.206086e-02 7.350747e-02 1.187684e-01 1.304708e-01 1.342501e-01 1.361170e-01 1.434328e-01 1.323680e-01 3.196506e-02 6.174437e-02 9.153894e-02 1.167649e-01 1.323680e-01 1.323680e-01 1.379688e-01 1.342501e-01 1.089787e-02 3.708002e-02 6.649517e-02 1.023154e-01 1.246879e-01 1.361170e-01 1.416266e-01 1.379688e-01 1.891193e-02 3.196506e-02 4.712792e-02 7.581452e-02 1.065198e-01 1.266307e-01 1.379688e-01 1.434328e-01 5.479232e-03 2.417867e-02 4.213439e-02 5.693297e-02 9.372467e-02 1.246879e-01 1.398053e-01 1.416266e-01 0.000000e+00 1.358436e-02 3.453013e-02 3.961474e-02 6.649517e-02 1.065198e-01 1.285583e-01 1.434328e-01
<STATE> 4
<MEAN> 72
 8.154270e-01 7.878788e-01 7.933884e-01 7.988981e-01 7.933884e-01 7.961432e-01 8.181818e-01 8.044077e-01 8.705234e-01 8.236915e-01 8.154270e-01 8.154270e-01 8.154270e-01 8.209366e-01 8.319559e-01 8.484849e-01 9.008265e-01 8.622590e-01 8.319559e-01 8.209366e-01 8.209366e-01 8.181818e-01 8.374656e-01 8.429752e-01 9.449036e-01 9.201102e-01 8.622590e-01 8.457300e-01 8.402204e-01 8.374656e-01 8.264463e-01 8.429752e-01 9.669421e-01 9.338843e-01 8.980716e-01 8.650138e-01 8.429752e-01 8.429752e-01 8.347107e-01 8.402204e-01 9.889807e-01 9.614325e-01 9.283746e-01 8.842975e-01 8.539945e-01 8.374656e-01 8.292011e-01 8.347107e-01 9.807162e-01 9.669421e-01 9.504132e-01 9.173554e-01 8.787879e-01 8.512397e-01 8.347107e-01 8.264463e-01 9.944904e-01 9.752066e-01 9.559228e-01 9.393939e-01 8.953168e-01 8.539945e-01 8.319559e-01 8.292011e-01 1.000000e+00 9.862259e-01 9.641873e-01 9.586777e-01 9.283746e-01 8.787879e-01 8.484849e-01 8.264463e-01
<VARIANCE> 72
 1.505058e-01 1.671258e-01 1.639232e-01 1.606599e-01 1.639232e-01 1.622992e-01 1.487603e-01 1.573359e-01 1.127124e-01 1.452238e-01 1.505058e-01 1.505058e-01 1.505058e-01 1.469997e-01 1.398053e-01 1.285583e-01 8.933815e-02 1.187684e-01 1.398053e-01 1.469997e-01 1.469997e-01 1.487603e-01 1.361170e-01 1.323680e-01 5.206086e-02 7.350747e-02 1.187684e-01 1.304708e-01 1.342501e-01 1.361170e-01 1.434328e-01 1.323680e-01 3.196506e-02 6.174437e-02 9.153894e-02 1.167649e-01 1.323680e-01 1.323680e-01 1.379688e-01 1.342501e-01 1.089787e-02 3.708002e-02 6.649517e-02 1.023154e-01 1.246879e-01 1.361170e-01 1.416266e-01 1.379688e-01 1.891193e-02 3.196506e-02 4.712792e-02 7.581452e-02 1.065198e-01 1.266307e-01 1.379688e-01 1.434328e-01 5.479232e-03 2.417867e-02 4.213439e-02 5.693297e-02 9.372467e-02 1.246879e-01 1.398053e-01 1.416266e-01 0.000000e+00 1.358436e-02 3.453013e-02 3.961474e-02 6.649517e-02 1.065198e-01 1.285583e-01 1.434328e-01
<STATE> 5
<MEAN> 72
 8.154270e-01 7.878788e-01 7.933884e-01 7.988981e-01 7.933884e-01 7.961432e-01 8.181818e-01 8.044077e-01 8.705234e-01 8.236915e-01 8.154270e-01 8.154270e-01 8.154270e-01 8.209366e-01 8.319559e-01 8.484849e-01 9.008265e-01 8.622590e-01 8.319559e-01 8.209366e-01 8.209366e-01 8.181818e-01 8.374656e-01 8.429752e-01 9.449036e-01 9.201102e-01 8.622590e-01 8.457300e-01 8.402204e-01 8.374656e-01 8.264463e-01 8.429752e-01 9.669421e-01 9.338843e-01 8.980716e-01 8.650138e-01 8.429752e-01 8.429752e-01 8.347107e-01 8.402204e-01 9.889807e-01 9.614325e-01 9.283746e-01 8.842975e-01 8.539945e-01 8.374656e-01 8.292011e-01 8.347107e-01 9.807162e-01 9.669421e-01 9.504132e-01 9.173554e-01 8.787879e-01 8.512397e-01 8.347107e-01 8.264463e-01 9.944904e-01 9.752066e-01 9.559228e-01 9.393939e-01 8.953168e-01 8.539945e-01 8.319559e-01 8.292011e-01 1.000000e+00 9.862259e-01 9.641873e-01 9.586777e-01 9.283746e-01 8.787879e-01 8.484849e-01 8.264463e-01
<VARIANCE> 72
 1.505058e-01 1.671258e-01 1.639232e-01 1.606599e-01 1.639232e-01 1.622992e-01 1.487603e-01 1.573359e-01 1.127124e-01 1.452238e-01 1.505058e-01 1.505058e-01 1.505058e-01 1.469997e-01 1.398053e-01 1.285583e-01 8.933815e-02 1.187684e-01 1.398053e-01 1.469997e-01 1.469997e-01 1.487603e-01 1.361170e-01 1.323680e-01 5.206086e-02 7.350747e-02 1.187684e-01 1.304708e-01 1.342501e-01 1.361170e-01 1.434328e-01 1.323680e-01 3.196506e-02 6.174437e-02 9.153894e-02 1.167649e-01 1.323680e-01 1.323680e-01 1.379688e-01 1.342501e-01 1.089787e-02 3.708002e-02 6.649517e-02 1.023154e-01 1.246879e-01 1.361170e-01 1.416266e-01 1.379688e-01 1.891193e-02 3.196506e-02 4.712792e-02 7.581452e-02 1.065198e-01 1.266307e-01 1.379688e-01 1.434328e-01 5.479232e-03 2.417867e-02 4.213439e-02 5.693297e-02 9.372467e-02 1.246879e-01 1.398053e-01 1.416266e-01 0.000000e+00 1.358436e-02 3.453013e-02 3.961474e-02 6.649517e-02 1.065198e-01 1.285583e-01 1.434328e-01
<STATE> 6
<MEAN> 72
 8.154270e-01 7.878788e-01 7.933884e-01 7.988981e-01 7.933884e-01 7.961432e-01 8.181818e-01 8.044077e-01 8.705234e-01 8.236915e-01 8.154270e-01 8.154270e-01 8.154270e-01 8.209366e-01 8.319559e-01 8.484849e-01 9.008265e-01 8.622590e-01 8.319559e-01 8.209366e-01 8.209366e-01 8.181818e-01 8.374656e-01 8.429752e-01 9.449036e-01 9.201102e-01 8.622590e-01 8.457300e-01 8.402204e-01 8.374656e-01 8.264463e-01 8.429752e-01 9.669421e-01 9.338843e-01 8.980716e-01 8.650138e-01 8.429752e-01 8.429752e-01 8.347107e-01 8.402204e-01 9.889807e-01 9.614325e-01 9.283746e-01 8.842975e-01 8.539945e-01 8.374656e-01 8.292011e-01 8.347107e-01 9.807162e-01 9.669421e-01 9.504132e-01 9.173554e-01 8.787879e-01 8.512397e-01 8.347107e-01 8.264463e-01 9.944904e-01 9.752066e-01 9.559228e-01 9.393939e-01 8.953168e-01 8.539945e-01 8.319559e-01 8.292011e-01 1.000000e+00 9.862259e-01 9.641873e-01 9.586777e-01 9.283746e-01 8.787879e-01 8.484849e-01 8.264463e-01
<VARIANCE> 72
 1.505058e-01 1.671258e-01 1.639232e-01 1.606599e-01 1.639232e-01 1.622992e-01 1.487603e-01 1.573359e-01 1.127124e-01 1.452238e-01 1.505058e-01 1.505058e-01 1.505058e-01 1.469997e-01 1.398053e-01 1.285583e-01 8.933815e-02 1.187684e-01 1.398053e-01 1.469997e-01 1.469997e-01 1.487603e-01 1.361170e-01 1.323680e-01 5.206086e-02 7.350747e-02 1.187684e-01 1.304708e-01 1.342501e-01 1.361170e-01 1.434328e-01 1.323680e-01 3.196506e-02 6.174437e-02 9.153894e-02 1.167649e-01 1.323680e-01 1.323680e-01 1.379688e-01 1.342501e-01 1.089787e-02 3.708002e-02 6.649517e-02 1.023154e-01 1.246879e-01 1.361170e-01 1.416266e-01 1.379688e-01 1.891193e-02 3.196506e-02 4.712792e-02 7.581452e-02 1.065198e-01 1.266307e-01 1.379688e-01 1.434328e-01 5.479232e-03 2.417867e-02 4.213439e-02 5.693297e-02 9.372467e-02 1.246879e-01 1.398053e-01 1.416266e-01 0.000000e+00 1.358436e-02 3.453013e-02 3.961474e-02 6.649517e-02 1.065198e-01 1.285583e-01 1.434328e-01
<STATE> 7
<MEAN> 72
 8.154270e-01 7.878788e-01 7.933884e-01 7.988981e-01 7.933884e-01 7.961432e-01 8.181818e-01 8.044077e-01 8.705234e-01 8.236915e-01 8.154270e-01 8.154270e-01 8.154270e-01 8.209366e-01 8.319559e-01 8.484849e-01 9.008265e-01 8.622590e-01 8.319559e-01 8.209366e-01 8.209366e-01 8.181818e-01 8.374656e-01 8.429752e-01 9.449036e-01 9.201102e-01 8.622590e-01 8.457300e-01 8.402204e-01 8.374656e-01 8.264463e-01 8.429752e-01 9.669421e-01 9.338843e-01 8.980716e-01 8.650138e-01 8.429752e-01 8.429752e-01 8.347107e-01 8.402204e-01 9.889807e-01 9.614325e-01 9.283746e-01 8.842975e-01 8.539945e-01 8.374656e-01 8.292011e-01 8.347107e-01 9.807162e-01 9.669421e-01 9.504132e-01 9.173554e-01 8.787879e-01 8.512397e-01 8.347107e-01 8.264463e-01 9.944904e-01 9.752066e-01 9.559228e-01 9.393939e-01 8.953168e-01 8.539945e-01 8.319559e-01 8.292011e-01 1.000000e+00 9.862259e-01 9.641873e-01 9.586777e-01 9.283746e-01 8.787879e-01 8.484849e-01 8.264463e-01
<VARIANCE> 72
 1.505058e-01 1.671258e-01 1.639232e-01 1.606599e-01 1.639232e-01 1.622992e-01 1.487603e-01 1.573359e-01 1.127124e-01 1.452238e-01 1.505058e-01 1.505058e-01 1.505058e-01 1.469997e-01 1.398053e-01 1.285583e-01 8.933815e-02 1.187684e-01 1.398053e-01 1.469997e-01 1.469997e-01 1.487603e-01 1.361170e-01 1.323680e-01 5.206086e-02 7.350747e-02 1.187684e-01 1.304708e-01 1.342501e-01 1.361170e-01 1.434328e-01 1.323680e-01 3.196506e-02 6.174437e-02 9.153894e-02 1.167649e-01 1.323680e-01 1.323680e-01 1.379688e-01 1.342501e-01 1.089787e-02 3.708002e-02 6.649517e-02 1.023154e-01 1.246879e-01 1.361170e-01 1.416266e-01 1.379688e-01 1.891193e-02 3.196506e-02 4.712792e-02 7.581452e-02 1.065198e-01 1.266307e-01 1.379688e-01 1.434328e-01 5.479232e-03 2.417867e-02 4.213439e-02 5.693297e-02 9.372467e-02 1.246879e-01 1.398053e-01 1.416266e-01 0.000000e+00 1.358436e-02 3.453013e-02 3.961474e-02 6.649517e-02 1.065198e-01 1.285583e-01 1.434328e-01
<TRANSP> 8
 0.000000e+00 1.000000e+00 0.000000e+00 0.000000e+00 0.000000e+00 0.000000e+00 0.000000e+00 0.000000e+00
 0.000000e+00 5.000000e-01 5.000000e-01 0.000000e+00 0.000000e+00 0.000000e+00 0.000000e+00 0.000000e+00
 0.000000e+00 0.000000e+00 5.000000e-01 5.000000e-01 0.000000e+00 0.000000e+00 0.000000e+00 0.000000e+00
 0.000000e+00 0.000000e+00 0.000000e+00 5.000000e-01 5.000000e-01 0.000000e+00 0.000000e+00 0.000000e+00
 0.000000e+00 0.000000e+00 0.000000e+00 0.000000e+00 5.000000e-01 5.000000e-01 0.000000e+00 0.000000e+00
 0.000000e+00 0.000000e+00 0.000000e+00 0.000000e+00 0.000000e+00 5.000000e-01 5.000000e-01 0.000000e+00
 0.000000e+00 0.000000e+00 0.000000e+00 0.000000e+00 0.000000e+00 0.000000e+00 5.000000e-01 5.000000e-01
 0.000000e+00 0.000000e+00 0.000000e+00 0.000000e+00 0.000000e+00 0.000000e+00 0.000000e+00 0.000000e+00
<ENDHMM>
