~o
<STREAMINFO> 1 72
<VECSIZE> 72<NULLD><USER><DIAGC>
~h "bunny"
<BEGINHMM>
<NUMSTATES> 8
<STATE> 2
<MEAN> 72
 1.000000e+00 1.000000e+00 1.000000e+00 1.000000e+00 1.000000e+00 9.076065e-01 7.608645e-01 5.869564e-01 1.000000e+00 1.000000e+00 1.000000e+00 1.000000e+00 9.456512e-01 8.478243e-01 7.065228e-01 4.999989e-01 1.000000e+00 1.000000e+00 1.000000e+00 1.000000e+00 9.347823e-01 8.369562e-01 6.793486e-01 3.586942e-01 1.000000e+00 1.000000e+00 1.000000e+00 1.000000e+00 9.945656e-01 8.532621e-01 6.630442e-01 4.293464e-01 1.000000e+00 1.000000e+00 1.000000e+00 1.000000e+00 9.402184e-01 8.586989e-01 6.956520e-01 4.728254e-01 1.000000e+00 1.000000e+00 1.000000e+00 1.000000e+00 9.836962e-01 8.532598e-01 7.282605e-01 4.891367e-01 1.000000e+00 1.000000e+00 1.000000e+00 1.000000e+00 1.000000e+00 9.402165e-01 8.641317e-01 6.250024e-01 1.000000e+00 1.000000e+00 1.000000e+00 1.000000e+00 1.000000e+00 9.619566e-01 9.076094e-01 7.119584e-01 2.771782e-01 1.000000e+00 1.000000e+00 1.000000e+00 1.000000e+00 1.000000e+00 8.804367e-01 8.478276e-01
<VARIANCE> 72
 1.000000e-03 1.000000e-03 1.000000e-03 1.000000e-03 1.000000e-03 8.385690e-02 1.819497e-01 2.424386e-01 1.000000e-03 1.000000e-03 1.000000e-03 1.000000e-03 5.139504e-02 1.290183e-01 2.073483e-01 2.500001e-01 1.000000e-03 1.000000e-03 1.000000e-03 1.000000e-03 6.096444e-02 1.364606e-01 2.178343e-01 2.300328e-01 1.000000e-03 1.000000e-03 1.000000e-03 1.000000e-03 5.404864e-03 1.252059e-01 2.234167e-01 2.450083e-01 1.000000e-03 1.000000e-03 1.000000e-03 1.000000e-03 5.620775e-02 1.213352e-01 2.117205e-01 2.492614e-01 1.000000e-03 1.000000e-03 1.000000e-03 1.000000e-03 1.603794e-02 1.252076e-01 1.978974e-01 2.498818e-01 1.000000e-03 1.000000e-03 1.000000e-03 1.000000e-03 1.000000e-03 5.620944e-02 1.174081e-01 2.343744e-01 1.000000e-03 1.000000e-03 1.000000e-03 1.000000e-03 1.000000e-03 3.659609e-02 8.385458e-02 2.050737e-01 2.003505e-01 1.000000e-03 1.000000e-03 1.000000e-03 1.000000e-03 1.000000e-03 1.052680e-01 1.290160e-01
<GCONST> -2.124408e+02
<STATE> 3
<MEAN> 72
 1.000000e+00 1.000000e+00 9.642865e-01 8.857148e-01 7.214290e-01 5.142861e-01 3.857159e-01 2.357154e-01 1.000000e+00 1.000000e+00 9.428571e-01 7.071429e-01 5.785742e-01 3.285711e-01 1.071418e-01 1.142854e-01 1.000000e+00 9.857138e-01 8.785722e-01 6.571452e-01 3.928592e-01 1.642855e-01 4.999961e-02 1.428577e-01 9.928576e-01 9.285718e-01 8.214307e-01 5.928582e-01 3.857143e-01 1.785715e-01 8.571416e-02 3.357125e-01 9.857144e-01 9.500009e-01 8.142852e-01 7.142850e-01 4.714304e-01 2.285709e-01 2.142855e-01 4.999957e-01 1.000000e+00 9.928572e-01 9.142871e-01 7.500015e-01 4.642880e-01 2.857156e-01 3.999982e-01 6.714247e-01 1.000000e+00 1.000000e+00 9.857143e-01 8.357167e-01 5.642878e-01 4.285729e-01 5.142812e-01 8.214269e-01 1.000000e+00 1.000000e+00 9.928561e-01 8.428587e-01 5.642881e-01 5.428559e-01 5.999975e-01 8.928583e-01 3.142898e-01 1.000000e+00 9.500009e-01 8.571463e-01 6.499993e-01 7.714301e-01 7.642838e-01 9.428587e-01
<VARIANCE> 72
 1.000000e-03 1.000000e-03 3.443807e-02 1.012241e-01 2.009692e-01 2.497959e-01 2.369392e-01 1.801538e-01 1.000000e-03 1.000000e-03 5.387759e-02 2.070917e-01 2.438262e-01 2.206122e-01 9.566241e-02 1.012243e-01 1.000000e-03 1.408211e-02 1.066831e-01 2.253053e-01 2.385209e-01 1.372959e-01 4.749967e-02 1.224494e-01 7.091366e-03 6.632626e-02 1.466824e-01 2.413774e-01 2.369388e-01 1.466837e-01 7.836726e-02 2.230096e-01 1.408153e-02 4.749916e-02 1.512248e-01 2.040821e-01 2.491839e-01 1.763262e-01 1.683673e-01 2.500001e-01 1.000000e-03 7.091804e-03 7.836624e-02 1.874993e-01 2.487247e-01 2.040823e-01 2.399996e-01 2.206136e-01 1.000000e-03 1.000000e-03 1.408158e-02 1.372943e-01 2.458671e-01 2.448982e-01 2.497961e-01 1.466849e-01 1.000000e-03 1.000000e-03 7.092796e-03 1.324479e-01 2.458671e-01 2.481635e-01 2.400006e-01 9.566242e-02 2.155117e-01 1.000000e-03 4.749924e-02 1.224466e-01 2.275003e-01 1.763256e-01 1.801542e-01 5.387618e-02
<GCONST> -7.509279e+01
<STATE> 4
<MEAN> 72
 8.928562e-01 7.232073e-01 4.642832e-01 2.410686e-01 6.249907e-02 8.928739e-03 1.160780e-01 4.732196e-01 8.392807e-01 4.999947e-01 2.410754e-01 1.696417e-01 -0.000000e+00 4.464403e-02 4.553633e-01 8.214322e-01 6.964276e-01 4.464328e-01 3.124982e-01 1.428574e-01 2.815856e-38 4.107194e-01 8.214306e-01 9.732136e-01 7.589300e-01 6.160712e-01 4.732163e-01 1.696411e-01 2.232182e-01 7.232209e-01 9.553570e-01 1.000000e+00 8.660720e-01 7.053592e-01 4.107095e-01 1.339295e-01 4.910768e-01 8.750013e-01 1.000000e+00 1.000000e+00 9.285717e-01 7.053567e-01 4.285727e-01 4.107154e-01 7.053615e-01 1.000000e+00 1.000000e+00 1.000000e+00 9.464276e-01 7.232123e-01 4.375005e-01 5.625075e-01 8.839288e-01 1.000000e+00 1.000000e+00 1.000000e+00 8.928564e-01 6.964275e-01 6.339294e-01 7.589307e-01 9.464296e-01 1.000000e+00 1.000000e+00 1.000000e+00 2.678642e-01 8.571422e-01 8.392859e-01 8.839317e-01 9.910715e-01 1.000000e+00 1.000000e+00 1.000000e+00
<VARIANCE> 72
 9.566394e-02 2.001786e-01 2.487243e-01 1.829545e-01 5.859295e-02 8.849015e-03 1.026039e-01 2.492829e-01 1.348886e-01 2.500001e-01 1.829581e-01 1.408633e-01 1.000000e-03 4.265096e-02 2.480077e-01 1.466813e-01 2.114162e-01 2.471306e-01 2.148430e-01 1.224492e-01 1.000000e-03 2.420290e-01 1.466824e-01 2.606894e-02 1.829553e-01 2.365275e-01 2.492826e-01 1.408631e-01 1.733918e-01 2.001723e-01 4.265003e-02 1.000000e-03 1.159913e-01 2.078277e-01 2.420271e-01 1.159924e-01 2.499204e-01 1.093741e-01 1.000000e-03 1.000000e-03 6.632631e-02 2.078288e-01 2.448982e-01 2.420283e-01 2.078267e-01 1.000000e-03 1.000000e-03 1.000000e-03 5.070239e-02 2.001764e-01 2.460938e-01 2.460929e-01 1.025986e-01 1.000000e-03 1.000000e-03 1.000000e-03 9.566391e-02 2.114162e-01 2.320630e-01 1.829549e-01 5.070064e-02 1.000000e-03 1.000000e-03 1.000000e-03 1.961130e-01 1.224495e-01 1.348851e-01 1.025964e-01 8.848802e-03 1.000000e-03 1.000000e-03 1.000000e-03
<GCONST> -9.550583e+01
<STATE> 5
<MEAN> 72
 3.028127e-01 1.760554e-01 4.225346e-02 8.450829e-02 3.169043e-01 4.718362e-01 7.042273e-01 7.957772e-01 1.619719e-01 9.859050e-02 2.816705e-02 3.098599e-01 5.563416e-01 8.309882e-01 9.225367e-01 1.000000e+00 2.746461e-01 1.267599e-01 2.535221e-01 4.929597e-01 7.535225e-01 1.000000e+00 1.000000e+00 1.000000e+00 3.450693e-01 3.309839e-01 4.436619e-01 6.760591e-01 1.000000e+00 1.000000e+00 1.000000e+00 1.000000e+00 4.507018e-01 4.859154e-01 5.704254e-01 9.154935e-01 1.000000e+00 1.000000e+00 1.000000e+00 1.000000e+00 6.056311e-01 5.774660e-01 7.183090e-01 1.000000e+00 1.000000e+00 1.000000e+00 1.000000e+00 1.000000e+00 6.197194e-01 6.901401e-01 9.084526e-01 1.000000e+00 1.000000e+00 1.000000e+00 1.000000e+00 1.000000e+00 7.394383e-01 8.098574e-01 1.000000e+00 1.000000e+00 1.000000e+00 1.000000e+00 1.000000e+00 1.000000e+00 1.760581e-01 9.436609e-01 1.000000e+00 1.000000e+00 1.000000e+00 1.000000e+00 1.000000e+00 1.000000e+00
<VARIANCE> 72
 2.111174e-01 1.450600e-01 4.046812e-02 7.736670e-02 2.164761e-01 2.492070e-01 2.082913e-01 1.625158e-01 1.357370e-01 8.887048e-02 2.737370e-02 2.138468e-01 2.468257e-01 1.404469e-01 7.146281e-02 1.000000e-03 1.992156e-01 1.106919e-01 1.892488e-01 2.499505e-01 1.857264e-01 1.000000e-03 1.000000e-03 1.000000e-03 2.259967e-01 2.214338e-01 2.468262e-01 2.190032e-01 1.000000e-03 1.000000e-03 1.000000e-03 1.000000e-03 2.475699e-01 2.498017e-01 2.450404e-01 7.736520e-02 1.000000e-03 1.000000e-03 1.000000e-03 1.000000e-03 2.388423e-01 2.439991e-01 2.023412e-01 1.000000e-03 1.000000e-03 1.000000e-03 1.000000e-03 1.000000e-03 2.356674e-01 2.138468e-01 8.316656e-02 1.000000e-03 1.000000e-03 1.000000e-03 1.000000e-03 1.000000e-03 1.926694e-01 1.539885e-01 1.000000e-03 1.000000e-03 1.000000e-03 1.000000e-03 1.000000e-03 1.000000e-03 1.450616e-01 5.316502e-02 1.000000e-03 1.000000e-03 1.000000e-03 1.000000e-03 1.000000e-03 1.000000e-03
<GCONST> -1.731614e+02
<STATE> 6
<MEAN> 72
 0.000000e+00 2.748082e-01 6.641212e-01 8.854954e-01 9.312976e-01 9.618320e-01 9.847329e-01 9.923664e-01 2.671752e-01 6.412202e-01 1.000000e+00 1.000000e+00 1.000000e+00 1.000000e+00 1.000000e+00 1.000000e+00 5.877859e-01 8.778606e-01 1.000000e+00 1.000000e+00 1.000000e+00 1.000000e+00 1.000000e+00 1.000000e+00 8.396920e-01 1.000000e+00 1.000000e+00 1.000000e+00 1.000000e+00 1.000000e+00 1.000000e+00 1.000000e+00 1.000000e+00 1.000000e+00 1.000000e+00 1.000000e+00 1.000000e+00 1.000000e+00 1.000000e+00 1.000000e+00 1.000000e+00 1.000000e+00 1.000000e+00 1.000000e+00 1.000000e+00 1.000000e+00 1.000000e+00 1.000000e+00 1.000000e+00 1.000000e+00 1.000000e+00 1.000000e+00 1.000000e+00 1.000000e+00 1.000000e+00 1.000000e+00 1.000000e+00 1.000000e+00 1.000000e+00 1.000000e+00 1.000000e+00 1.000000e+00 1.000000e+00 1.000000e+00 2.442794e-01 1.000000e+00 1.000000e+00 1.000000e+00 1.000000e+00 1.000000e+00 1.000000e+00 1.000000e+00
<VARIANCE> 72
 1.000000e-03 1.992886e-01 2.230643e-01 1.013933e-01 6.398240e-02 3.671121e-02 1.503401e-02 7.575300e-03 1.957926e-01 2.300570e-01 1.000000e-03 1.000000e-03 1.000000e-03 1.000000e-03 1.000000e-03 1.000000e-03 2.422936e-01 1.072214e-01 1.000000e-03 1.000000e-03 1.000000e-03 1.000000e-03 1.000000e-03 1.000000e-03 1.346093e-01 1.000000e-03 1.000000e-03 1.000000e-03 1.000000e-03 1.000000e-03 1.000000e-03 1.000000e-03 1.000000e-03 1.000000e-03 1.000000e-03 1.000000e-03 1.000000e-03 1.000000e-03 1.000000e-03 1.000000e-03 1.000000e-03 1.000000e-03 1.000000e-03 1.000000e-03 1.000000e-03 1.000000e-03 1.000000e-03 1.000000e-03 1.000000e-03 1.000000e-03 1.000000e-03 1.000000e-03 1.000000e-03 1.000000e-03 1.000000e-03 1.000000e-03 1.000000e-03 1.000000e-03 1.000000e-03 1.000000e-03 1.000000e-03 1.000000e-03 1.000000e-03 1.000000e-03 1.846069e-01 1.000000e-03 1.000000e-03 1.000000e-03 1.000000e-03 1.000000e-03 1.000000e-03 1.000000e-03
<GCONST> -3.062121e+02
<STATE> 7
<MEAN> 72
 9.902436e-01 1.000000e+00 1.000000e+00 1.000000e+00 1.000000e+00 1.000000e+00 1.000000e+00 1.000000e+00 1.000000e+00 1.000000e+00 1.000000e+00 1.000000e+00 1.000000e+00 1.000000e+00 1.000000e+00 1.000000e+00 1.000000e+00 1.000000e+00 1.000000e+00 1.000000e+00 1.000000e+00 1.000000e+00 1.000000e+00 1.000000e+00 1.000000e+00 1.000000e+00 1.000000e+00 1.000000e+00 1.000000e+00 1.000000e+00 1.000000e+00 1.000000e+00 1.000000e+00 1.000000e+00 1.000000e+00 1.000000e+00 1.000000e+00 1.000000e+00 1.000000e+00 1.000000e+00 1.000000e+00 1.000000e+00 1.000000e+00 1.000000e+00 1.000000e+00 1.000000e+00 1.000000e+00 1.000000e+00 1.000000e+00 1.000000e+00 1.000000e+00 1.000000e+00 1.000000e+00 1.000000e+00 1.000000e+00 1.000000e+00 1.000000e+00 1.000000e+00 1.000000e+00 1.000000e+00 1.000000e+00 1.000000e+00 1.000000e+00 1.000000e+00 2.780541e-01 1.000000e+00 1.000000e+00 1.000000e+00 1.000000e+00 1.000000e+00 1.000000e+00 1.000000e+00
<VARIANCE> 72
 9.661166e-03 1.000000e-03 1.000000e-03 1.000000e-03 1.000000e-03 1.000000e-03 1.000000e-03 1.000000e-03 1.000000e-03 1.000000e-03 1.000000e-03 1.000000e-03 1.000000e-03 1.000000e-03 1.000000e-03 1.000000e-03 1.000000e-03 1.000000e-03 1.000000e-03 1.000000e-03 1.000000e-03 1.000000e-03 1.000000e-03 1.000000e-03 1.000000e-03 1.000000e-03 1.000000e-03 1.000000e-03 1.000000e-03 1.000000e-03 1.000000e-03 1.000000e-03 1.000000e-03 1.000000e-03 1.000000e-03 1.000000e-03 1.000000e-03 1.000000e-03 1.000000e-03 1.000000e-03 1.000000e-03 1.000000e-03 1.000000e-03 1.000000e-03 1.000000e-03 1.000000e-03 1.000000e-03 1.000000e-03 1.000000e-03 1.000000e-03 1.000000e-03 1.000000e-03 1.000000e-03 1.000000e-03 1.000000e-03 1.000000e-03 1.000000e-03 1.000000e-03 1.000000e-03 1.000000e-03 1.000000e-03 1.000000e-03 1.000000e-03 1.000000e-03 2.007402e-01 1.000000e-03 1.000000e-03 1.000000e-03 1.000000e-03 1.000000e-03 1.000000e-03 1.000000e-03
<GCONST> -3.574611e+02
<TRANSP> 8
 0.000000e+00 1.000000e+00 0.000000e+00 0.000000e+00 0.000000e+00 0.000000e+00 0.000000e+00 0.000000e+00
 0.000000e+00 8.586954e-01 1.413046e-01 0.000000e+00 0.000000e+00 0.000000e+00 0.000000e+00 0.000000e+00
 0.000000e+00 0.000000e+00 8.142855e-01 1.857146e-01 0.000000e+00 0.000000e+00 0.000000e+00 0.000000e+00
 0.000000e+00 0.000000e+00 0.000000e+00 7.678586e-01 2.321414e-01 0.000000e+00 0.000000e+00 0.000000e+00
 0.000000e+00 0.000000e+00 0.000000e+00 0.000000e+00 8.169008e-01 1.830991e-01 0.000000e+00 0.000000e+00
 0.000000e+00 0.000000e+00 0.000000e+00 0.000000e+00 0.000000e+00 8.015262e-01 1.984738e-01 0.000000e+00
 0.000000e+00 0.000000e+00 0.000000e+00 0.000000e+00 0.000000e+00 0.000000e+00 8.731708e-01 1.268292e-01
 0.000000e+00 0.000000e+00 0.000000e+00 0.000000e+00 0.000000e+00 0.000000e+00 0.000000e+00 0.000000e+00
<ENDHMM>
