~o
<STREAMINFO> 1 72
<VECSIZE> 72<NULLD><USER><DIAGC>
~h "circleright5"
<BEGINHMM>
<NUMSTATES> 8
<STATE> 2
<MEAN> 72
 1.000000e+00 1.000000e+00 1.000000e+00 1.000000e+00 9.961831e-01 8.854954e-01 7.366384e-01 5.496164e-01 1.000000e+00 1.000000e+00 1.000000e+00 1.000000e+00 9.732819e-01 8.969436e-01 6.603019e-01 4.809146e-01 1.000000e+00 1.000000e+00 1.000000e+00 1.000000e+00 9.694647e-01 8.778630e-01 6.679381e-01 3.244267e-01 1.000000e+00 1.000000e+00 1.000000e+00 1.000000e+00 9.961830e-01 8.740446e-01 6.183211e-01 2.251932e-01 1.000000e+00 1.000000e+00 1.000000e+00 1.000000e+00 9.961830e-01 8.893123e-01 6.106875e-01 2.671784e-01 1.000000e+00 1.000000e+00 1.000000e+00 1.000000e+00 9.961830e-01 9.351141e-01 6.106916e-01 3.129793e-01 1.000000e+00 1.000000e+00 1.000000e+00 1.000000e+00 1.000000e+00 9.236652e-01 6.488596e-01 4.313012e-01 1.000000e+00 1.000000e+00 1.000000e+00 1.000000e+00 1.000000e+00 9.465657e-01 7.175607e-01 5.343526e-01 1.000000e+00 1.000000e+00 1.000000e+00 1.000000e+00 9.961830e-01 9.732835e-01 7.824453e-01 6.488584e-01
<VARIANCE> 72
 1.000000e-03 1.000000e-03 1.000000e-03 1.000000e-03 3.802323e-03 1.013932e-01 1.940026e-01 2.475383e-01 1.000000e-03 1.000000e-03 1.000000e-03 1.000000e-03 2.600420e-02 9.243575e-02 2.243035e-01 2.496358e-01 1.000000e-03 1.000000e-03 1.000000e-03 1.000000e-03 2.960290e-02 1.072196e-01 2.217971e-01 2.191741e-01 1.000000e-03 1.000000e-03 1.000000e-03 1.000000e-03 3.802402e-03 1.100907e-01 2.360003e-01 1.744811e-01 1.000000e-03 1.000000e-03 1.000000e-03 1.000000e-03 3.802366e-03 9.843602e-02 2.377484e-01 1.957943e-01 1.000000e-03 1.000000e-03 1.000000e-03 1.000000e-03 3.802366e-03 6.067578e-02 2.377475e-01 2.150230e-01 1.000000e-03 1.000000e-03 1.000000e-03 1.000000e-03 1.000000e-03 7.050783e-02 2.278409e-01 2.452805e-01 1.000000e-03 1.000000e-03 1.000000e-03 1.000000e-03 1.000000e-03 5.057904e-02 2.026673e-01 2.488200e-01 1.000000e-03 1.000000e-03 1.000000e-03 1.000000e-03 3.802366e-03 2.600273e-02 1.702248e-01 2.278413e-01
<GCONST> -2.160078e+02
<STATE> 3
<MEAN> 72
 7.999998e-01 5.793166e-01 3.861993e-01 2.137908e-01 6.206984e-02 1.034511e-01 3.793090e-01 6.275778e-01 7.586218e-01 5.103351e-01 3.793052e-01 2.551705e-01 1.931054e-01 2.965516e-01 5.861996e-01 7.999907e-01 7.517108e-01 5.655235e-01 4.344832e-01 3.586158e-01 3.379279e-01 6.206834e-01 7.861946e-01 9.310353e-01 7.931054e-01 5.930968e-01 5.172367e-01 5.655093e-01 6.689583e-01 7.724028e-01 9.310377e-01 9.724122e-01 7.930918e-01 7.448178e-01 7.793015e-01 8.965375e-01 9.034358e-01 9.448284e-01 9.793094e-01 1.000000e+00 9.034331e-01 8.689513e-01 9.655182e-01 9.931033e-01 9.723976e-01 9.931034e-01 1.000000e+00 1.000000e+00 9.931030e-01 1.000000e+00 1.000000e+00 1.000000e+00 1.000000e+00 1.000000e+00 1.000000e+00 1.000000e+00 1.000000e+00 1.000000e+00 1.000000e+00 1.000000e+00 1.000000e+00 1.000000e+00 1.000000e+00 1.000000e+00 1.000000e+00 1.000000e+00 1.000000e+00 1.000000e+00 1.000000e+00 1.000000e+00 1.000000e+00 1.000000e+00
<VARIANCE> 72
 1.600002e-01 2.437089e-01 2.370493e-01 1.680844e-01 5.821717e-02 9.274898e-02 2.354337e-01 2.337240e-01 1.831147e-01 2.498932e-01 2.354326e-01 1.900585e-01 1.558157e-01 2.086087e-01 2.425696e-01 1.600055e-01 1.866417e-01 2.457067e-01 2.457075e-01 2.300105e-01 2.237326e-01 2.354355e-01 1.680926e-01 6.420854e-02 1.640892e-01 2.413330e-01 2.497030e-01 2.457086e-01 2.214531e-01 1.757967e-01 6.420644e-02 2.682668e-02 1.640972e-01 1.900643e-01 1.719906e-01 9.275795e-02 8.723956e-02 5.212773e-02 2.026251e-02 1.000000e-03 8.724166e-02 1.138749e-01 3.329282e-02 6.849167e-03 2.684054e-02 6.849061e-03 1.000000e-03 1.000000e-03 6.849467e-03 1.000000e-03 1.000000e-03 1.000000e-03 1.000000e-03 1.000000e-03 1.000000e-03 1.000000e-03 1.000000e-03 1.000000e-03 1.000000e-03 1.000000e-03 1.000000e-03 1.000000e-03 1.000000e-03 1.000000e-03 1.000000e-03 1.000000e-03 1.000000e-03 1.000000e-03 1.000000e-03 1.000000e-03 1.000000e-03 1.000000e-03
<GCONST> -1.472682e+02
<STATE> 4
<MEAN> 72
 9.868411e-01 8.289457e-01 6.052806e-01 4.079075e-01 1.578980e-01 0.000000e+00 1.315823e-01 2.763225e-01 9.473686e-01 6.315958e-01 4.079042e-01 1.842144e-01 0.000000e+00 3.947487e-02 3.158000e-01 4.736982e-01 7.500235e-01 4.868258e-01 2.105307e-01 1.315797e-02 0.000000e+00 6.578895e-02 5.131679e-01 6.841993e-01 7.105126e-01 2.894848e-01 0.000000e+00 0.000000e+00 0.000000e+00 2.631666e-01 7.631509e-01 9.342083e-01 6.184443e-01 1.052640e-01 0.000000e+00 6.578907e-02 9.210601e-02 4.473526e-01 9.210487e-01 1.000000e+00 4.079049e-01 1.315853e-02 1.183961e-01 2.631363e-01 2.894862e-01 6.841972e-01 9.868417e-01 1.000000e+00 4.210337e-01 1.973448e-01 3.684043e-01 4.999809e-01 4.868303e-01 8.289410e-01 1.000000e+00 1.000000e+00 6.184061e-01 3.947200e-01 5.263032e-01 7.631504e-01 6.842013e-01 9.736837e-01 1.000000e+00 1.000000e+00 7.368336e-01 5.394623e-01 7.236778e-01 9.342087e-01 8.947319e-01 1.000000e+00 1.000000e+00 1.000000e+00
<VARIANCE> 72
 1.298573e-02 1.417947e-01 2.389161e-01 2.415190e-01 1.329662e-01 1.000000e-03 1.142684e-01 1.999684e-01 4.986138e-02 2.326826e-01 2.415185e-01 1.502794e-01 1.000000e-03 3.791660e-02 2.160704e-01 2.493082e-01 1.874882e-01 2.498265e-01 1.662076e-01 1.298484e-02 1.000000e-03 6.146074e-02 2.498267e-01 2.160706e-01 2.056845e-01 2.056834e-01 1.000000e-03 1.000000e-03 1.000000e-03 1.939099e-01 1.807516e-01 6.146317e-02 2.359709e-01 9.418356e-02 1.000000e-03 6.146087e-02 8.362250e-02 2.472283e-01 7.271798e-02 1.000000e-03 2.415184e-01 1.298539e-02 1.043785e-01 1.938957e-01 2.056839e-01 2.160714e-01 1.298511e-02 1.000000e-03 2.437643e-01 1.583998e-01 2.326826e-01 2.500000e-01 2.498266e-01 1.417978e-01 1.000000e-03 1.000000e-03 2.359800e-01 2.389162e-01 2.493082e-01 1.807519e-01 2.160698e-01 2.562375e-02 1.000000e-03 1.000000e-03 1.939098e-01 2.484427e-01 1.999683e-01 6.146285e-02 9.418674e-02 1.000000e-03 1.000000e-03 1.000000e-03
<GCONST> -9.194384e+01
<STATE> 5
<MEAN> 72
 1.000000e+00 1.000000e+00 1.000000e+00 1.000000e+00 1.000000e+00 8.493140e-01 6.438407e-01 3.287681e-01 1.000000e+00 1.000000e+00 1.000000e+00 1.000000e+00 9.452043e-01 7.260282e-01 3.835589e-01 2.054773e-01 1.000000e+00 1.000000e+00 1.000000e+00 1.000000e+00 7.808211e-01 5.616457e-01 2.602738e-01 1.369832e-02 1.000000e+00 1.000000e+00 1.000000e+00 8.356175e-01 6.027427e-01 3.150682e-01 1.095908e-01 0.000000e+00 1.000000e+00 1.000000e+00 9.041100e-01 6.301388e-01 3.698605e-01 1.917783e-01 0.000000e+00 1.643825e-01 1.000000e+00 9.589021e-01 6.712310e-01 4.109576e-01 1.917783e-01 0.000000e+00 8.219349e-02 3.561593e-01 1.000000e+00 9.178055e-01 5.616476e-01 3.150675e-01 2.739705e-02 0.000000e+00 1.369863e-01 5.068492e-01 9.863010e-01 7.808212e-01 4.383535e-01 1.780793e-01 2.739888e-02 2.739804e-02 2.328739e-01 5.753412e-01 9.589025e-01 6.986276e-01 4.383557e-01 9.588975e-02 5.479683e-02 1.643848e-01 3.424644e-01 6.164386e-01
<VARIANCE> 72
 1.000000e-03 1.000000e-03 1.000000e-03 1.000000e-03 1.000000e-03 1.279797e-01 2.293099e-01 2.206797e-01 1.000000e-03 1.000000e-03 1.000000e-03 1.000000e-03 5.179312e-02 1.989113e-01 2.364415e-01 1.632564e-01 1.000000e-03 1.000000e-03 1.000000e-03 1.000000e-03 1.711395e-01 2.461998e-01 1.925314e-01 1.351068e-02 1.000000e-03 1.000000e-03 1.000000e-03 1.373609e-01 2.394440e-01 2.158002e-01 9.758065e-02 1.000000e-03 1.000000e-03 1.000000e-03 8.669513e-02 2.330640e-01 2.330638e-01 1.549994e-01 1.000000e-03 1.373609e-01 1.000000e-03 3.940890e-02 2.206800e-01 2.420714e-01 1.549994e-01 1.000000e-03 7.543769e-02 2.293099e-01 1.000000e-03 7.543861e-02 2.461996e-01 2.158000e-01 2.664645e-02 1.000000e-03 1.182210e-01 2.499531e-01 1.351132e-02 1.711394e-01 2.461997e-01 1.463671e-01 2.664819e-02 2.664739e-02 1.786437e-01 2.443237e-01 3.940846e-02 2.105471e-01 2.462000e-01 8.669490e-02 5.179412e-02 1.373624e-01 2.251826e-01 2.364421e-01
<GCONST> -1.329727e+02
<STATE> 6
<MEAN> 72
 1.000000e+00 1.000000e+00 1.000000e+00 1.000000e+00 1.000000e+00 1.000000e+00 1.000000e+00 1.000000e+00 1.000000e+00 1.000000e+00 1.000000e+00 1.000000e+00 1.000000e+00 1.000000e+00 1.000000e+00 1.000000e+00 1.000000e+00 1.000000e+00 1.000000e+00 1.000000e+00 1.000000e+00 1.000000e+00 1.000000e+00 9.333308e-01 1.000000e+00 1.000000e+00 1.000000e+00 1.000000e+00 1.000000e+00 1.000000e+00 1.000000e+00 8.111103e-01 1.000000e+00 1.000000e+00 1.000000e+00 1.000000e+00 1.000000e+00 1.000000e+00 8.666632e-01 6.444452e-01 1.000000e+00 1.000000e+00 1.000000e+00 1.000000e+00 1.000000e+00 9.222201e-01 7.000009e-01 3.777773e-01 1.000000e+00 1.000000e+00 1.000000e+00 1.000000e+00 1.000000e+00 7.999983e-01 4.777774e-01 1.555551e-01 1.000000e+00 1.000000e+00 1.000000e+00 1.000000e+00 8.666661e-01 6.555567e-01 3.888871e-01 1.000011e-01 1.000000e+00 1.000000e+00 1.000000e+00 1.000000e+00 8.444417e-01 5.888879e-01 2.888877e-01 3.333307e-02
<VARIANCE> 72
 1.000000e-03 1.000000e-03 1.000000e-03 1.000000e-03 1.000000e-03 1.000000e-03 1.000000e-03 1.000000e-03 1.000000e-03 1.000000e-03 1.000000e-03 1.000000e-03 1.000000e-03 1.000000e-03 1.000000e-03 1.000000e-03 1.000000e-03 1.000000e-03 1.000000e-03 1.000000e-03 1.000000e-03 1.000000e-03 1.000000e-03 6.222434e-02 1.000000e-03 1.000000e-03 1.000000e-03 1.000000e-03 1.000000e-03 1.000000e-03 1.000000e-03 1.532104e-01 1.000000e-03 1.000000e-03 1.000000e-03 1.000000e-03 1.000000e-03 1.000000e-03 1.155582e-01 2.291356e-01 1.000000e-03 1.000000e-03 1.000000e-03 1.000000e-03 1.000000e-03 7.173025e-02 2.099996e-01 2.350616e-01 1.000000e-03 1.000000e-03 1.000000e-03 1.000000e-03 1.000000e-03 1.600010e-01 2.495061e-01 1.313577e-01 1.000000e-03 1.000000e-03 1.000000e-03 1.000000e-03 1.155559e-01 2.258022e-01 2.376538e-01 9.000091e-02 1.000000e-03 1.000000e-03 1.000000e-03 1.000000e-03 1.313599e-01 2.420990e-01 2.054316e-01 3.222198e-02
<GCONST> -2.758270e+02
<STATE> 7
<MEAN> 72
 1.000000e+00 1.000000e+00 1.000000e+00 1.000000e+00 1.000000e+00 1.000000e+00 1.000000e+00 1.000000e+00 1.000000e+00 1.000000e+00 1.000000e+00 1.000000e+00 1.000000e+00 1.000000e+00 1.000000e+00 1.000000e+00 1.000000e+00 1.000000e+00 1.000000e+00 1.000000e+00 1.000000e+00 1.000000e+00 1.000000e+00 1.000000e+00 1.000000e+00 1.000000e+00 1.000000e+00 1.000000e+00 1.000000e+00 1.000000e+00 1.000000e+00 1.000000e+00 1.000000e+00 1.000000e+00 1.000000e+00 1.000000e+00 1.000000e+00 1.000000e+00 1.000000e+00 1.000000e+00 1.000000e+00 1.000000e+00 1.000000e+00 1.000000e+00 1.000000e+00 1.000000e+00 1.000000e+00 1.000000e+00 1.000000e+00 1.000000e+00 1.000000e+00 1.000000e+00 1.000000e+00 1.000000e+00 1.000000e+00 1.000000e+00 1.000000e+00 1.000000e+00 1.000000e+00 1.000000e+00 1.000000e+00 1.000000e+00 1.000000e+00 1.000000e+00 1.000000e+00 1.000000e+00 1.000000e+00 1.000000e+00 1.000000e+00 1.000000e+00 1.000000e+00 1.000000e+00
<VARIANCE> 72
 1.000000e-03 1.000000e-03 1.000000e-03 1.000000e-03 1.000000e-03 1.000000e-03 1.000000e-03 1.000000e-03 1.000000e-03 1.000000e-03 1.000000e-03 1.000000e-03 1.000000e-03 1.000000e-03 1.000000e-03 1.000000e-03 1.000000e-03 1.000000e-03 1.000000e-03 1.000000e-03 1.000000e-03 1.000000e-03 1.000000e-03 1.000000e-03 1.000000e-03 1.000000e-03 1.000000e-03 1.000000e-03 1.000000e-03 1.000000e-03 1.000000e-03 1.000000e-03 1.000000e-03 1.000000e-03 1.000000e-03 1.000000e-03 1.000000e-03 1.000000e-03 1.000000e-03 1.000000e-03 1.000000e-03 1.000000e-03 1.000000e-03 1.000000e-03 1.000000e-03 1.000000e-03 1.000000e-03 1.000000e-03 1.000000e-03 1.000000e-03 1.000000e-03 1.000000e-03 1.000000e-03 1.000000e-03 1.000000e-03 1.000000e-03 1.000000e-03 1.000000e-03 1.000000e-03 1.000000e-03 1.000000e-03 1.000000e-03 1.000000e-03 1.000000e-03 1.000000e-03 1.000000e-03 1.000000e-03 1.000000e-03 1.000000e-03 1.000000e-03 1.000000e-03 1.000000e-03
<GCONST> -3.650312e+02
<TRANSP> 8
 0.000000e+00 1.000000e+00 0.000000e+00 0.000000e+00 0.000000e+00 0.000000e+00 0.000000e+00 0.000000e+00
 0.000000e+00 8.587775e-01 1.412225e-01 0.000000e+00 0.000000e+00 0.000000e+00 0.000000e+00 0.000000e+00
 0.000000e+00 0.000000e+00 7.448325e-01 2.551676e-01 0.000000e+00 0.000000e+00 0.000000e+00 0.000000e+00
 0.000000e+00 0.000000e+00 0.000000e+00 5.131432e-01 4.868568e-01 0.000000e+00 0.000000e+00 0.000000e+00
 0.000000e+00 0.000000e+00 0.000000e+00 0.000000e+00 4.931495e-01 5.068504e-01 0.000000e+00 0.000000e+00
 0.000000e+00 0.000000e+00 0.000000e+00 0.000000e+00 0.000000e+00 5.888904e-01 4.111097e-01 0.000000e+00
 0.000000e+00 0.000000e+00 0.000000e+00 0.000000e+00 0.000000e+00 0.000000e+00 8.715277e-01 1.284723e-01
 0.000000e+00 0.000000e+00 0.000000e+00 0.000000e+00 0.000000e+00 0.000000e+00 0.000000e+00 0.000000e+00
<ENDHMM>
