~o
<STREAMINFO> 1 72
<VECSIZE> 72<NULLD><USER><DIAGC>
~h "down1"
<BEGINHMM>
<NUMSTATES> 8
<STATE> 2
<MEAN> 72
 1.000000e+00 1.000000e+00 1.000000e+00 1.000000e+00 1.000000e+00 1.000000e+00 1.000000e+00 1.000000e+00 1.000000e+00 1.000000e+00 1.000000e+00 1.000000e+00 1.000000e+00 1.000000e+00 1.000000e+00 1.000000e+00 1.000000e+00 1.000000e+00 1.000000e+00 1.000000e+00 1.000000e+00 1.000000e+00 1.000000e+00 1.000000e+00 1.000000e+00 1.000000e+00 1.000000e+00 1.000000e+00 1.000000e+00 1.000000e+00 1.000000e+00 1.000000e+00 1.000000e+00 1.000000e+00 1.000000e+00 1.000000e+00 1.000000e+00 1.000000e+00 1.000000e+00 1.000000e+00 1.000000e+00 1.000000e+00 1.000000e+00 1.000000e+00 1.000000e+00 9.058828e-01 8.823549e-01 8.823546e-01 1.000000e+00 1.000000e+00 1.000000e+00 9.411757e-01 7.647042e-01 6.235287e-01 5.882353e-01 6.117649e-01 1.000000e+00 1.000000e+00 1.000000e+00 8.117629e-01 5.411733e-01 3.529415e-01 2.588222e-01 2.705873e-01 1.000000e+00 1.000000e+00 8.941171e-01 6.588221e-01 2.823505e-01 1.176478e-01 0.000000e+00 0.000000e+00
<VARIANCE> 72
 1.000000e-03 1.000000e-03 1.000000e-03 1.000000e-03 1.000000e-03 1.000000e-03 1.000000e-03 1.000000e-03 1.000000e-03 1.000000e-03 1.000000e-03 1.000000e-03 1.000000e-03 1.000000e-03 1.000000e-03 1.000000e-03 1.000000e-03 1.000000e-03 1.000000e-03 1.000000e-03 1.000000e-03 1.000000e-03 1.000000e-03 1.000000e-03 1.000000e-03 1.000000e-03 1.000000e-03 1.000000e-03 1.000000e-03 1.000000e-03 1.000000e-03 1.000000e-03 1.000000e-03 1.000000e-03 1.000000e-03 1.000000e-03 1.000000e-03 1.000000e-03 1.000000e-03 1.000000e-03 1.000000e-03 1.000000e-03 1.000000e-03 1.000000e-03 1.000000e-03 8.525911e-02 1.038047e-01 1.038049e-01 1.000000e-03 1.000000e-03 1.000000e-03 5.536400e-02 1.799316e-01 2.347406e-01 2.422145e-01 2.375086e-01 1.000000e-03 1.000000e-03 1.000000e-03 1.528038e-01 2.483046e-01 2.283738e-01 1.918332e-01 1.973697e-01 1.000000e-03 1.000000e-03 9.467173e-02 2.247754e-01 2.026285e-01 1.038067e-01 1.000000e-03 1.000000e-03
<GCONST> -2.792396e+02
<STATE> 3
<MEAN> 72
 1.000000e+00 1.000000e+00 1.000000e+00 1.000000e+00 1.000000e+00 1.000000e+00 1.000000e+00 1.000000e+00 1.000000e+00 1.000000e+00 1.000000e+00 1.000000e+00 1.000000e+00 1.000000e+00 1.000000e+00 1.000000e+00 1.000000e+00 1.000000e+00 1.000000e+00 1.000000e+00 1.000000e+00 1.000000e+00 1.000000e+00 1.000000e+00 1.000000e+00 1.000000e+00 1.000000e+00 9.464289e-01 9.107153e-01 8.035726e-01 8.035726e-01 8.928589e-01 1.000000e+00 1.000000e+00 9.464289e-01 7.499983e-01 5.892867e-01 3.571444e-01 3.214300e-01 4.107150e-01 1.000000e+00 1.000000e+00 8.571435e-01 5.357099e-01 1.428562e-01 5.357127e-02 3.571329e-02 7.142796e-02 1.000000e+00 1.000000e+00 7.499982e-01 3.749976e-01 1.785798e-02 0.000000e+00 0.000000e+00 0.000000e+00 8.035701e-01 6.071450e-01 3.750008e-01 2.678546e-01 5.357051e-02 1.785651e-02 0.000000e+00 5.357108e-02 7.857126e-01 6.785708e-01 5.357127e-01 4.821414e-01 4.464275e-01 4.107130e-01 3.749972e-01 4.464279e-01
<VARIANCE> 72
 1.000000e-03 1.000000e-03 1.000000e-03 1.000000e-03 1.000000e-03 1.000000e-03 1.000000e-03 1.000000e-03 1.000000e-03 1.000000e-03 1.000000e-03 1.000000e-03 1.000000e-03 1.000000e-03 1.000000e-03 1.000000e-03 1.000000e-03 1.000000e-03 1.000000e-03 1.000000e-03 1.000000e-03 1.000000e-03 1.000000e-03 1.000000e-03 1.000000e-03 1.000000e-03 1.000000e-03 5.070122e-02 8.131293e-02 1.578437e-01 1.578437e-01 9.566189e-02 1.000000e-03 1.000000e-03 5.070122e-02 1.875008e-01 2.420278e-01 2.295923e-01 2.181127e-01 2.420281e-01 1.000000e-03 1.000000e-03 1.224486e-01 2.487248e-01 1.224483e-01 5.070136e-02 3.443787e-02 6.632601e-02 1.000000e-03 1.000000e-03 1.875009e-01 2.343744e-01 1.753907e-02 1.000000e-03 1.000000e-03 1.000000e-03 1.578451e-01 2.385199e-01 2.343752e-01 1.961085e-01 5.070072e-02 1.753766e-02 1.000000e-03 5.070122e-02 1.683682e-01 2.181124e-01 2.487246e-01 2.496811e-01 2.471299e-01 2.420278e-01 2.343743e-01 2.471300e-01
<GCONST> -1.952159e+02
<STATE> 4
<MEAN> 72
 1.000000e+00 1.000000e+00 1.000000e+00 9.846148e-01 1.000000e+00 9.846162e-01 9.538486e-01 9.692327e-01 1.000000e+00 1.000000e+00 9.692296e-01 8.153823e-01 7.846127e-01 6.000001e-01 6.000001e-01 7.230794e-01 1.000000e+00 1.000000e+00 8.615363e-01 6.923043e-01 4.307682e-01 2.153863e-01 2.615407e-01 3.076942e-01 1.000000e+00 9.538460e-01 7.384591e-01 4.769210e-01 7.692228e-02 0.000000e+00 0.000000e+00 0.000000e+00 8.153847e-01 7.538458e-01 5.999990e-01 3.538455e-01 3.076731e-02 0.000000e+00 0.000000e+00 0.000000e+00 7.692307e-01 6.923085e-01 5.846144e-01 4.153838e-01 3.076908e-01 3.076908e-01 3.076908e-01 3.538453e-01 8.307689e-01 7.846146e-01 7.538452e-01 7.692296e-01 7.076910e-01 6.923053e-01 6.615357e-01 6.923065e-01 1.000000e+00 1.000000e+00 1.000000e+00 1.000000e+00 1.000000e+00 9.846151e-01 9.692296e-01 9.846150e-01 1.000000e+00 1.000000e+00 1.000000e+00 1.000000e+00 1.000000e+00 1.000000e+00 1.000000e+00 1.000000e+00
<VARIANCE> 72
 1.000000e-03 1.000000e-03 1.000000e-03 1.514847e-02 1.000000e-03 1.514711e-02 4.402142e-02 2.982068e-02 1.000000e-03 1.000000e-03 2.982352e-02 1.505340e-01 1.689956e-01 2.399999e-01 2.399999e-01 2.002356e-01 1.000000e-03 1.000000e-03 1.192915e-01 2.130191e-01 2.452070e-01 1.689951e-01 1.931371e-01 2.130184e-01 1.000000e-03 4.402384e-02 1.931372e-01 2.494674e-01 7.100521e-02 1.000000e-03 1.000000e-03 1.000000e-03 1.505325e-01 1.855624e-01 2.400002e-01 2.286388e-01 2.982068e-02 1.000000e-03 1.000000e-03 1.000000e-03 1.775148e-01 2.130174e-01 2.428404e-01 2.428401e-01 2.130172e-01 2.130172e-01 2.130172e-01 2.286388e-01 1.405919e-01 1.689946e-01 1.855626e-01 1.775154e-01 2.068644e-01 2.130187e-01 2.239062e-01 2.130183e-01 1.000000e-03 1.000000e-03 1.000000e-03 1.000000e-03 1.000000e-03 1.514823e-02 2.982356e-02 1.514834e-02 1.000000e-03 1.000000e-03 1.000000e-03 1.000000e-03 1.000000e-03 1.000000e-03 1.000000e-03 1.000000e-03
<GCONST> -1.540232e+02
<STATE> 5
<MEAN> 72
 9.189175e-01 8.243253e-01 7.567559e-01 4.999970e-01 2.432420e-01 4.078507e-40 1.351295e-02 6.756787e-02 9.054053e-01 8.378378e-01 6.486456e-01 4.189155e-01 1.756756e-01 6.756657e-02 1.351400e-02 0.000000e+00 8.783786e-01 7.702706e-01 6.486485e-01 5.270269e-01 3.648645e-01 3.378374e-01 3.243236e-01 3.108095e-01 8.378388e-01 7.972955e-01 7.567563e-01 7.567563e-01 7.027013e-01 6.891888e-01 6.216217e-01 6.216217e-01 1.000000e+00 1.000000e+00 1.000000e+00 9.594593e-01 9.459461e-01 9.189192e-01 9.324337e-01 9.459457e-01 1.000000e+00 1.000000e+00 1.000000e+00 1.000000e+00 1.000000e+00 1.000000e+00 1.000000e+00 1.000000e+00 1.000000e+00 1.000000e+00 1.000000e+00 1.000000e+00 1.000000e+00 1.000000e+00 1.000000e+00 1.000000e+00 1.000000e+00 1.000000e+00 1.000000e+00 1.000000e+00 1.000000e+00 1.000000e+00 1.000000e+00 1.000000e+00 1.000000e+00 1.000000e+00 1.000000e+00 1.000000e+00 1.000000e+00 1.000000e+00 1.000000e+00 1.000000e+00
<VARIANCE> 72
 7.450808e-02 1.448130e-01 1.840763e-01 2.500000e-01 1.840753e-01 1.000000e-03 1.333033e-02 6.300242e-02 8.564652e-02 1.358656e-01 2.279045e-01 2.434253e-01 1.448136e-01 6.300131e-02 1.333137e-02 1.000000e-03 1.068296e-01 1.769537e-01 2.279035e-01 2.492695e-01 2.317383e-01 2.237033e-01 2.191378e-01 2.142069e-01 1.358649e-01 1.616154e-01 1.840762e-01 1.840762e-01 2.089122e-01 2.142075e-01 2.352081e-01 2.352081e-01 1.000000e-03 1.000000e-03 1.000000e-03 3.889710e-02 5.113208e-02 7.450669e-02 6.300111e-02 5.113248e-02 1.000000e-03 1.000000e-03 1.000000e-03 1.000000e-03 1.000000e-03 1.000000e-03 1.000000e-03 1.000000e-03 1.000000e-03 1.000000e-03 1.000000e-03 1.000000e-03 1.000000e-03 1.000000e-03 1.000000e-03 1.000000e-03 1.000000e-03 1.000000e-03 1.000000e-03 1.000000e-03 1.000000e-03 1.000000e-03 1.000000e-03 1.000000e-03 1.000000e-03 1.000000e-03 1.000000e-03 1.000000e-03 1.000000e-03 1.000000e-03 1.000000e-03 1.000000e-03
<GCONST> -1.966168e+02
<STATE> 6
<MEAN> 72
 1.000000e+00 9.545475e-01 7.727267e-01 5.909070e-01 4.090887e-01 1.363663e-01 9.091093e-02 0.000000e+00 1.000000e+00 1.000000e+00 1.000000e+00 1.000000e+00 1.000000e+00 1.000000e+00 1.000000e+00 1.000000e+00 1.000000e+00 1.000000e+00 1.000000e+00 1.000000e+00 1.000000e+00 1.000000e+00 1.000000e+00 1.000000e+00 1.000000e+00 1.000000e+00 1.000000e+00 1.000000e+00 1.000000e+00 1.000000e+00 1.000000e+00 1.000000e+00 1.000000e+00 1.000000e+00 1.000000e+00 1.000000e+00 1.000000e+00 1.000000e+00 1.000000e+00 1.000000e+00 1.000000e+00 1.000000e+00 1.000000e+00 1.000000e+00 1.000000e+00 1.000000e+00 1.000000e+00 1.000000e+00 1.000000e+00 1.000000e+00 1.000000e+00 1.000000e+00 1.000000e+00 1.000000e+00 1.000000e+00 1.000000e+00 1.000000e+00 1.000000e+00 1.000000e+00 1.000000e+00 1.000000e+00 1.000000e+00 1.000000e+00 1.000000e+00 1.000000e+00 1.000000e+00 1.000000e+00 1.000000e+00 1.000000e+00 1.000000e+00 1.000000e+00 1.000000e+00
<VARIANCE> 72
 1.000000e-03 4.338657e-02 1.756202e-01 2.417359e-01 2.417351e-01 1.177705e-01 8.264615e-02 1.000000e-03 1.000000e-03 1.000000e-03 1.000000e-03 1.000000e-03 1.000000e-03 1.000000e-03 1.000000e-03 1.000000e-03 1.000000e-03 1.000000e-03 1.000000e-03 1.000000e-03 1.000000e-03 1.000000e-03 1.000000e-03 1.000000e-03 1.000000e-03 1.000000e-03 1.000000e-03 1.000000e-03 1.000000e-03 1.000000e-03 1.000000e-03 1.000000e-03 1.000000e-03 1.000000e-03 1.000000e-03 1.000000e-03 1.000000e-03 1.000000e-03 1.000000e-03 1.000000e-03 1.000000e-03 1.000000e-03 1.000000e-03 1.000000e-03 1.000000e-03 1.000000e-03 1.000000e-03 1.000000e-03 1.000000e-03 1.000000e-03 1.000000e-03 1.000000e-03 1.000000e-03 1.000000e-03 1.000000e-03 1.000000e-03 1.000000e-03 1.000000e-03 1.000000e-03 1.000000e-03 1.000000e-03 1.000000e-03 1.000000e-03 1.000000e-03 1.000000e-03 1.000000e-03 1.000000e-03 1.000000e-03 1.000000e-03 1.000000e-03 1.000000e-03 1.000000e-03
<GCONST> -3.359338e+02
<STATE> 7
<MEAN> 72
 1.000000e+00 1.000000e+00 1.000000e+00 1.000000e+00 1.000000e+00 1.000000e+00 1.000000e+00 1.000000e+00 1.000000e+00 1.000000e+00 1.000000e+00 1.000000e+00 1.000000e+00 1.000000e+00 1.000000e+00 1.000000e+00 1.000000e+00 1.000000e+00 1.000000e+00 1.000000e+00 1.000000e+00 1.000000e+00 1.000000e+00 1.000000e+00 1.000000e+00 1.000000e+00 1.000000e+00 1.000000e+00 1.000000e+00 1.000000e+00 1.000000e+00 1.000000e+00 1.000000e+00 1.000000e+00 1.000000e+00 1.000000e+00 1.000000e+00 1.000000e+00 1.000000e+00 1.000000e+00 1.000000e+00 1.000000e+00 1.000000e+00 1.000000e+00 1.000000e+00 1.000000e+00 1.000000e+00 1.000000e+00 1.000000e+00 1.000000e+00 1.000000e+00 1.000000e+00 1.000000e+00 1.000000e+00 1.000000e+00 1.000000e+00 1.000000e+00 1.000000e+00 1.000000e+00 1.000000e+00 1.000000e+00 1.000000e+00 1.000000e+00 1.000000e+00 1.000000e+00 1.000000e+00 1.000000e+00 1.000000e+00 1.000000e+00 1.000000e+00 1.000000e+00 1.000000e+00
<VARIANCE> 72
 1.000000e-03 1.000000e-03 1.000000e-03 1.000000e-03 1.000000e-03 1.000000e-03 1.000000e-03 1.000000e-03 1.000000e-03 1.000000e-03 1.000000e-03 1.000000e-03 1.000000e-03 1.000000e-03 1.000000e-03 1.000000e-03 1.000000e-03 1.000000e-03 1.000000e-03 1.000000e-03 1.000000e-03 1.000000e-03 1.000000e-03 1.000000e-03 1.000000e-03 1.000000e-03 1.000000e-03 1.000000e-03 1.000000e-03 1.000000e-03 1.000000e-03 1.000000e-03 1.000000e-03 1.000000e-03 1.000000e-03 1.000000e-03 1.000000e-03 1.000000e-03 1.000000e-03 1.000000e-03 1.000000e-03 1.000000e-03 1.000000e-03 1.000000e-03 1.000000e-03 1.000000e-03 1.000000e-03 1.000000e-03 1.000000e-03 1.000000e-03 1.000000e-03 1.000000e-03 1.000000e-03 1.000000e-03 1.000000e-03 1.000000e-03 1.000000e-03 1.000000e-03 1.000000e-03 1.000000e-03 1.000000e-03 1.000000e-03 1.000000e-03 1.000000e-03 1.000000e-03 1.000000e-03 1.000000e-03 1.000000e-03 1.000000e-03 1.000000e-03 1.000000e-03 1.000000e-03
<GCONST> -3.650312e+02
<TRANSP> 8
 0.000000e+00 1.000000e+00 0.000000e+00 0.000000e+00 0.000000e+00 0.000000e+00 0.000000e+00 0.000000e+00
 0.000000e+00 8.235296e-01 1.764704e-01 0.000000e+00 0.000000e+00 0.000000e+00 0.000000e+00 0.000000e+00
 0.000000e+00 0.000000e+00 7.321431e-01 2.678569e-01 0.000000e+00 0.000000e+00 0.000000e+00 0.000000e+00
 0.000000e+00 0.000000e+00 0.000000e+00 7.692311e-01 2.307689e-01 0.000000e+00 0.000000e+00 0.000000e+00
 0.000000e+00 0.000000e+00 0.000000e+00 0.000000e+00 7.972976e-01 2.027024e-01 0.000000e+00 0.000000e+00
 0.000000e+00 0.000000e+00 0.000000e+00 0.000000e+00 0.000000e+00 3.181850e-01 6.818150e-01 0.000000e+00
 0.000000e+00 0.000000e+00 0.000000e+00 0.000000e+00 0.000000e+00 0.000000e+00 8.728813e-01 1.271187e-01
 0.000000e+00 0.000000e+00 0.000000e+00 0.000000e+00 0.000000e+00 0.000000e+00 0.000000e+00 0.000000e+00
<ENDHMM>
