~o
<STREAMINFO> 1 72
<VECSIZE> 72<NULLD><USER><DIAGC>
~h "down2"
<BEGINHMM>
<NUMSTATES> 8
<STATE> 2
<MEAN> 72
 1.000000e+00 1.000000e+00 1.000000e+00 1.000000e+00 1.000000e+00 1.000000e+00 1.000000e+00 1.000000e+00 1.000000e+00 1.000000e+00 1.000000e+00 1.000000e+00 1.000000e+00 1.000000e+00 1.000000e+00 1.000000e+00 1.000000e+00 1.000000e+00 1.000000e+00 1.000000e+00 1.000000e+00 1.000000e+00 1.000000e+00 9.602637e-01 1.000000e+00 1.000000e+00 1.000000e+00 1.000000e+00 1.000000e+00 9.735098e-01 8.543025e-01 7.549661e-01 1.000000e+00 1.000000e+00 1.000000e+00 1.000000e+00 9.867552e-01 8.211914e-01 6.556284e-01 5.827792e-01 1.000000e+00 9.933774e-01 9.933774e-01 9.933774e-01 9.536418e-01 6.887392e-01 4.768220e-01 4.105960e-01 1.000000e+00 9.205288e-01 8.807944e-01 8.675500e-01 8.278152e-01 5.496715e-01 3.576165e-01 2.317887e-01 9.933777e-01 9.139084e-01 8.079466e-01 8.079469e-01 7.152325e-01 4.370836e-01 1.456970e-01 8.609390e-02 9.933771e-01 9.271522e-01 7.947016e-01 7.615888e-01 6.158950e-01 4.635767e-01 1.523198e-01 1.788080e-01
<VARIANCE> 72
 1.000000e-03 1.000000e-03 1.000000e-03 1.000000e-03 1.000000e-03 1.000000e-03 1.000000e-03 1.000000e-03 1.000000e-03 1.000000e-03 1.000000e-03 1.000000e-03 1.000000e-03 1.000000e-03 1.000000e-03 1.000000e-03 1.000000e-03 1.000000e-03 1.000000e-03 1.000000e-03 1.000000e-03 1.000000e-03 1.000000e-03 3.815737e-02 1.000000e-03 1.000000e-03 1.000000e-03 1.000000e-03 1.000000e-03 2.578839e-02 1.244698e-01 1.849923e-01 1.000000e-03 1.000000e-03 1.000000e-03 1.000000e-03 1.306938e-02 1.468360e-01 2.257798e-01 2.431476e-01 1.000000e-03 6.578670e-03 6.578670e-03 6.578670e-03 4.420907e-02 2.143774e-01 2.494627e-01 2.420069e-01 1.000000e-03 7.315555e-02 1.049956e-01 1.149070e-01 1.425371e-01 2.475327e-01 2.297269e-01 1.780627e-01 6.578392e-03 7.867980e-02 1.551688e-01 1.551687e-01 2.036750e-01 2.460416e-01 1.244693e-01 7.868175e-02 6.579019e-03 6.754105e-02 1.631509e-01 1.815713e-01 2.365683e-01 2.486733e-01 1.291185e-01 1.468357e-01
<GCONST> -1.954501e+02
<STATE> 3
<MEAN> 72
 1.000000e+00 1.000000e+00 1.000000e+00 1.000000e+00 9.893622e-01 9.042560e-01 7.127668e-01 6.170198e-01 1.000000e+00 1.000000e+00 1.000000e+00 1.000000e+00 9.574463e-01 6.702130e-01 3.829753e-01 2.553158e-01 1.000000e+00 1.000000e+00 9.787238e-01 9.680861e-01 7.553222e-01 3.723381e-01 1.063821e-01 0.000000e+00 9.680862e-01 8.617027e-01 7.978721e-01 7.553186e-01 5.744666e-01 9.574629e-02 1.063935e-02 0.000000e+00 9.468077e-01 8.404261e-01 7.978736e-01 7.234028e-01 4.787229e-01 6.383207e-02 0.000000e+00 3.191661e-02 9.574465e-01 8.297896e-01 6.914916e-01 5.106389e-01 2.978721e-01 2.021292e-01 2.553184e-01 4.148934e-01 9.893616e-01 8.829817e-01 6.808524e-01 6.382977e-01 6.170210e-01 5.531938e-01 5.851098e-01 7.340456e-01 1.000000e+00 9.574468e-01 7.872332e-01 7.446825e-01 7.765926e-01 8.723429e-01 9.361721e-01 1.000000e+00 1.000000e+00 9.680858e-01 8.829782e-01 8.936184e-01 9.787254e-01 1.000000e+00 1.000000e+00 1.000000e+00
<VARIANCE> 72
 1.000000e-03 1.000000e-03 1.000000e-03 1.000000e-03 1.052457e-02 8.657709e-02 2.047303e-01 2.363063e-01 1.000000e-03 1.000000e-03 1.000000e-03 1.000000e-03 4.074291e-02 2.210275e-01 2.363052e-01 1.901297e-01 1.000000e-03 1.000000e-03 2.082351e-02 3.089542e-02 1.848106e-01 2.337024e-01 9.506495e-02 1.000000e-03 3.089530e-02 1.191711e-01 1.612722e-01 1.848124e-01 2.444547e-01 8.657894e-02 1.052616e-02 1.000000e-03 5.036281e-02 1.341101e-01 1.612713e-01 2.000912e-01 2.495472e-01 5.975753e-02 1.000000e-03 3.089794e-02 4.074272e-02 1.412388e-01 2.133309e-01 2.498868e-01 2.091443e-01 1.612730e-01 1.901309e-01 2.427568e-01 1.052519e-02 1.033250e-01 2.172925e-01 2.308737e-01 2.363061e-01 2.471704e-01 2.427564e-01 1.952226e-01 1.000000e-03 4.074247e-02 1.674970e-01 1.901305e-01 1.734965e-01 1.113607e-01 5.975387e-02 1.000000e-03 1.000000e-03 3.089568e-02 1.033277e-01 9.506448e-02 2.082194e-02 1.000000e-03 1.000000e-03 1.000000e-03
<GCONST> -1.188908e+02
<STATE> 4
<MEAN> 72
 9.430900e-01 8.699164e-01 7.886166e-01 7.560967e-01 5.365850e-01 1.138214e-01 0.000000e+00 0.000000e+00 9.674802e-01 8.536579e-01 7.317088e-01 6.747990e-01 2.926848e-01 2.439105e-02 6.503956e-02 1.544697e-01 9.674802e-01 8.130060e-01 5.853652e-01 5.121932e-01 3.658517e-01 3.414637e-01 3.739822e-01 4.634141e-01 9.674796e-01 9.268283e-01 7.723560e-01 6.747985e-01 6.341467e-01 6.097565e-01 6.747963e-01 7.398355e-01 1.000000e+00 9.268296e-01 8.373994e-01 7.642244e-01 7.723572e-01 8.536602e-01 9.268298e-01 1.000000e+00 9.918703e-01 9.593490e-01 8.536579e-01 9.430912e-01 1.000000e+00 1.000000e+00 1.000000e+00 1.000000e+00 1.000000e+00 1.000000e+00 1.000000e+00 1.000000e+00 1.000000e+00 1.000000e+00 1.000000e+00 1.000000e+00 1.000000e+00 1.000000e+00 1.000000e+00 1.000000e+00 1.000000e+00 1.000000e+00 1.000000e+00 1.000000e+00 1.000000e+00 1.000000e+00 1.000000e+00 1.000000e+00 1.000000e+00 1.000000e+00 1.000000e+00 1.000000e+00
<VARIANCE> 72
 5.367126e-02 1.131618e-01 1.667004e-01 1.844145e-01 2.486615e-01 1.008661e-01 1.000000e-03 1.000000e-03 3.146227e-02 1.249261e-01 1.963111e-01 2.194453e-01 2.070204e-01 2.379612e-02 6.080944e-02 1.306089e-01 3.146221e-02 1.520273e-01 2.427128e-01 2.498515e-01 2.320041e-01 2.248664e-01 2.341196e-01 2.486615e-01 3.146284e-02 6.781755e-02 1.758222e-01 2.194455e-01 2.320046e-01 2.379536e-01 2.194462e-01 1.924790e-01 1.000000e-03 6.781643e-02 1.361617e-01 1.801855e-01 1.758215e-01 1.249245e-01 6.781634e-02 1.000000e-03 8.063585e-03 3.899846e-02 1.249262e-01 5.367015e-02 1.000000e-03 1.000000e-03 1.000000e-03 1.000000e-03 1.000000e-03 1.000000e-03 1.000000e-03 1.000000e-03 1.000000e-03 1.000000e-03 1.000000e-03 1.000000e-03 1.000000e-03 1.000000e-03 1.000000e-03 1.000000e-03 1.000000e-03 1.000000e-03 1.000000e-03 1.000000e-03 1.000000e-03 1.000000e-03 1.000000e-03 1.000000e-03 1.000000e-03 1.000000e-03 1.000000e-03 1.000000e-03
<GCONST> -1.752107e+02
<STATE> 5
<MEAN> 72
 1.000000e+00 8.918964e-01 7.162159e-01 4.459475e-01 4.189194e-01 4.729691e-01 5.810771e-01 7.432374e-01 1.000000e+00 9.054087e-01 7.027026e-01 6.891865e-01 8.378327e-01 1.000000e+00 1.000000e+00 1.000000e+00 1.000000e+00 9.864867e-01 1.000000e+00 1.000000e+00 1.000000e+00 1.000000e+00 1.000000e+00 1.000000e+00 1.000000e+00 1.000000e+00 1.000000e+00 1.000000e+00 1.000000e+00 1.000000e+00 1.000000e+00 1.000000e+00 1.000000e+00 1.000000e+00 1.000000e+00 1.000000e+00 1.000000e+00 1.000000e+00 1.000000e+00 1.000000e+00 1.000000e+00 1.000000e+00 1.000000e+00 1.000000e+00 1.000000e+00 1.000000e+00 1.000000e+00 1.000000e+00 1.000000e+00 1.000000e+00 1.000000e+00 1.000000e+00 1.000000e+00 1.000000e+00 1.000000e+00 1.000000e+00 1.000000e+00 1.000000e+00 1.000000e+00 1.000000e+00 1.000000e+00 1.000000e+00 1.000000e+00 1.000000e+00 1.000000e+00 1.000000e+00 1.000000e+00 1.000000e+00 1.000000e+00 1.000000e+00 1.000000e+00 1.000000e+00
<VARIANCE> 72
 1.000000e-03 9.641719e-02 2.032507e-01 2.470784e-01 2.434260e-01 2.492693e-01 2.434266e-01 1.908356e-01 1.000000e-03 8.564383e-02 2.089117e-01 2.142085e-01 1.358691e-01 1.000000e-03 1.000000e-03 1.000000e-03 1.000000e-03 1.333066e-02 1.000000e-03 1.000000e-03 1.000000e-03 1.000000e-03 1.000000e-03 1.000000e-03 1.000000e-03 1.000000e-03 1.000000e-03 1.000000e-03 1.000000e-03 1.000000e-03 1.000000e-03 1.000000e-03 1.000000e-03 1.000000e-03 1.000000e-03 1.000000e-03 1.000000e-03 1.000000e-03 1.000000e-03 1.000000e-03 1.000000e-03 1.000000e-03 1.000000e-03 1.000000e-03 1.000000e-03 1.000000e-03 1.000000e-03 1.000000e-03 1.000000e-03 1.000000e-03 1.000000e-03 1.000000e-03 1.000000e-03 1.000000e-03 1.000000e-03 1.000000e-03 1.000000e-03 1.000000e-03 1.000000e-03 1.000000e-03 1.000000e-03 1.000000e-03 1.000000e-03 1.000000e-03 1.000000e-03 1.000000e-03 1.000000e-03 1.000000e-03 1.000000e-03 1.000000e-03 1.000000e-03 1.000000e-03
<GCONST> -3.052180e+02
<STATE> 6
<MEAN> 72
 1.000000e+00 1.000000e+00 1.000000e+00 1.000000e+00 1.000000e+00 1.000000e+00 1.000000e+00 1.000000e+00 1.000000e+00 1.000000e+00 1.000000e+00 1.000000e+00 1.000000e+00 1.000000e+00 1.000000e+00 1.000000e+00 1.000000e+00 1.000000e+00 1.000000e+00 1.000000e+00 1.000000e+00 1.000000e+00 1.000000e+00 1.000000e+00 1.000000e+00 1.000000e+00 1.000000e+00 1.000000e+00 1.000000e+00 1.000000e+00 1.000000e+00 1.000000e+00 1.000000e+00 1.000000e+00 1.000000e+00 1.000000e+00 1.000000e+00 1.000000e+00 1.000000e+00 1.000000e+00 1.000000e+00 1.000000e+00 1.000000e+00 1.000000e+00 1.000000e+00 1.000000e+00 1.000000e+00 1.000000e+00 1.000000e+00 1.000000e+00 1.000000e+00 1.000000e+00 1.000000e+00 1.000000e+00 1.000000e+00 1.000000e+00 1.000000e+00 1.000000e+00 1.000000e+00 1.000000e+00 1.000000e+00 1.000000e+00 1.000000e+00 1.000000e+00 1.000000e+00 1.000000e+00 1.000000e+00 1.000000e+00 1.000000e+00 1.000000e+00 1.000000e+00 1.000000e+00
<VARIANCE> 72
 1.000000e-03 1.000000e-03 1.000000e-03 1.000000e-03 1.000000e-03 1.000000e-03 1.000000e-03 1.000000e-03 1.000000e-03 1.000000e-03 1.000000e-03 1.000000e-03 1.000000e-03 1.000000e-03 1.000000e-03 1.000000e-03 1.000000e-03 1.000000e-03 1.000000e-03 1.000000e-03 1.000000e-03 1.000000e-03 1.000000e-03 1.000000e-03 1.000000e-03 1.000000e-03 1.000000e-03 1.000000e-03 1.000000e-03 1.000000e-03 1.000000e-03 1.000000e-03 1.000000e-03 1.000000e-03 1.000000e-03 1.000000e-03 1.000000e-03 1.000000e-03 1.000000e-03 1.000000e-03 1.000000e-03 1.000000e-03 1.000000e-03 1.000000e-03 1.000000e-03 1.000000e-03 1.000000e-03 1.000000e-03 1.000000e-03 1.000000e-03 1.000000e-03 1.000000e-03 1.000000e-03 1.000000e-03 1.000000e-03 1.000000e-03 1.000000e-03 1.000000e-03 1.000000e-03 1.000000e-03 1.000000e-03 1.000000e-03 1.000000e-03 1.000000e-03 1.000000e-03 1.000000e-03 1.000000e-03 1.000000e-03 1.000000e-03 1.000000e-03 1.000000e-03 1.000000e-03
<GCONST> -3.650312e+02
<STATE> 7
<MEAN> 72
 1.000000e+00 1.000000e+00 1.000000e+00 1.000000e+00 1.000000e+00 1.000000e+00 1.000000e+00 1.000000e+00 1.000000e+00 1.000000e+00 1.000000e+00 1.000000e+00 1.000000e+00 1.000000e+00 1.000000e+00 1.000000e+00 1.000000e+00 1.000000e+00 1.000000e+00 1.000000e+00 1.000000e+00 1.000000e+00 1.000000e+00 1.000000e+00 1.000000e+00 1.000000e+00 1.000000e+00 1.000000e+00 1.000000e+00 1.000000e+00 1.000000e+00 1.000000e+00 1.000000e+00 1.000000e+00 1.000000e+00 1.000000e+00 1.000000e+00 1.000000e+00 1.000000e+00 1.000000e+00 1.000000e+00 1.000000e+00 1.000000e+00 1.000000e+00 1.000000e+00 1.000000e+00 1.000000e+00 1.000000e+00 1.000000e+00 1.000000e+00 1.000000e+00 1.000000e+00 1.000000e+00 1.000000e+00 1.000000e+00 1.000000e+00 1.000000e+00 1.000000e+00 1.000000e+00 1.000000e+00 1.000000e+00 1.000000e+00 1.000000e+00 1.000000e+00 1.000000e+00 1.000000e+00 1.000000e+00 1.000000e+00 1.000000e+00 1.000000e+00 1.000000e+00 1.000000e+00
<VARIANCE> 72
 1.000000e-03 1.000000e-03 1.000000e-03 1.000000e-03 1.000000e-03 1.000000e-03 1.000000e-03 1.000000e-03 1.000000e-03 1.000000e-03 1.000000e-03 1.000000e-03 1.000000e-03 1.000000e-03 1.000000e-03 1.000000e-03 1.000000e-03 1.000000e-03 1.000000e-03 1.000000e-03 1.000000e-03 1.000000e-03 1.000000e-03 1.000000e-03 1.000000e-03 1.000000e-03 1.000000e-03 1.000000e-03 1.000000e-03 1.000000e-03 1.000000e-03 1.000000e-03 1.000000e-03 1.000000e-03 1.000000e-03 1.000000e-03 1.000000e-03 1.000000e-03 1.000000e-03 1.000000e-03 1.000000e-03 1.000000e-03 1.000000e-03 1.000000e-03 1.000000e-03 1.000000e-03 1.000000e-03 1.000000e-03 1.000000e-03 1.000000e-03 1.000000e-03 1.000000e-03 1.000000e-03 1.000000e-03 1.000000e-03 1.000000e-03 1.000000e-03 1.000000e-03 1.000000e-03 1.000000e-03 1.000000e-03 1.000000e-03 1.000000e-03 1.000000e-03 1.000000e-03 1.000000e-03 1.000000e-03 1.000000e-03 1.000000e-03 1.000000e-03 1.000000e-03 1.000000e-03
<GCONST> -3.650312e+02
<TRANSP> 8
 0.000000e+00 1.000000e+00 0.000000e+00 0.000000e+00 0.000000e+00 0.000000e+00 0.000000e+00 0.000000e+00
 0.000000e+00 7.284774e-01 2.715226e-01 0.000000e+00 0.000000e+00 0.000000e+00 0.000000e+00 0.000000e+00
 0.000000e+00 0.000000e+00 5.638304e-01 4.361696e-01 0.000000e+00 0.000000e+00 0.000000e+00 0.000000e+00
 0.000000e+00 0.000000e+00 0.000000e+00 6.666662e-01 3.333338e-01 0.000000e+00 0.000000e+00 0.000000e+00
 0.000000e+00 0.000000e+00 0.000000e+00 0.000000e+00 4.459464e-01 5.540536e-01 0.000000e+00 0.000000e+00
 0.000000e+00 0.000000e+00 0.000000e+00 0.000000e+00 0.000000e+00 8.519856e-01 1.480144e-01 0.000000e+00
 0.000000e+00 0.000000e+00 0.000000e+00 0.000000e+00 0.000000e+00 0.000000e+00 0.000000e+00 1.000000e+00
 0.000000e+00 0.000000e+00 0.000000e+00 0.000000e+00 0.000000e+00 0.000000e+00 0.000000e+00 0.000000e+00
<ENDHMM>
