~o
<STREAMINFO> 1 72
<VECSIZE> 72<NULLD><USER><DIAGC>
~h "downleft1"
<BEGINHMM>
<NUMSTATES> 8
<STATE> 2
<MEAN> 72
 1.000000e+00 1.000000e+00 1.000000e+00 1.000000e+00 1.000000e+00 1.000000e+00 1.000000e+00 1.000000e+00 1.000000e+00 1.000000e+00 1.000000e+00 1.000000e+00 1.000000e+00 1.000000e+00 1.000000e+00 1.000000e+00 1.000000e+00 1.000000e+00 1.000000e+00 1.000000e+00 1.000000e+00 1.000000e+00 1.000000e+00 1.000000e+00 1.000000e+00 1.000000e+00 1.000000e+00 1.000000e+00 1.000000e+00 1.000000e+00 9.902910e-01 9.708743e-01 1.000000e+00 1.000000e+00 1.000000e+00 1.000000e+00 9.805834e-01 8.932038e-01 8.058248e-01 7.281579e-01 1.000000e+00 1.000000e+00 1.000000e+00 9.223297e-01 7.864093e-01 6.699038e-01 5.631073e-01 5.048552e-01 1.000000e+00 1.000000e+00 9.611650e-01 8.155316e-01 6.019422e-01 5.145625e-01 3.883501e-01 2.815538e-01 1.000000e+00 9.902916e-01 9.223304e-01 7.475709e-01 5.339797e-01 3.398062e-01 1.941739e-01 1.067981e-01 1.000000e+00 9.805825e-01 9.029116e-01 7.281526e-01 4.077663e-01 2.912594e-01 5.825156e-02 1.067982e-01
<VARIANCE> 72
 1.000000e-03 1.000000e-03 1.000000e-03 1.000000e-03 1.000000e-03 1.000000e-03 1.000000e-03 1.000000e-03 1.000000e-03 1.000000e-03 1.000000e-03 1.000000e-03 1.000000e-03 1.000000e-03 1.000000e-03 1.000000e-03 1.000000e-03 1.000000e-03 1.000000e-03 1.000000e-03 1.000000e-03 1.000000e-03 1.000000e-03 1.000000e-03 1.000000e-03 1.000000e-03 1.000000e-03 1.000000e-03 1.000000e-03 1.000000e-03 9.614736e-03 2.827738e-02 1.000000e-03 1.000000e-03 1.000000e-03 1.000000e-03 1.903959e-02 9.539073e-02 1.564712e-01 1.979439e-01 1.000000e-03 1.000000e-03 1.000000e-03 7.163760e-02 1.679697e-01 2.211328e-01 2.460175e-01 2.499763e-01 1.000000e-03 1.000000e-03 3.732688e-02 1.504398e-01 2.396077e-01 2.497877e-01 2.375343e-01 2.022812e-01 1.000000e-03 9.614134e-03 7.163697e-02 1.887086e-01 2.488452e-01 2.243378e-01 1.564704e-01 9.539223e-02 1.000000e-03 1.904049e-02 8.766221e-02 1.979464e-01 2.414929e-01 2.064274e-01 5.485830e-02 9.539229e-02
<GCONST> -2.209432e+02
<STATE> 3
<MEAN> 72
 1.000000e+00 1.000000e+00 1.000000e+00 1.000000e+00 1.000000e+00 1.000000e+00 1.000000e+00 9.838703e-01 1.000000e+00 1.000000e+00 1.000000e+00 1.000000e+00 1.000000e+00 9.516140e-01 9.354843e-01 8.225794e-01 1.000000e+00 1.000000e+00 9.193558e-01 8.387086e-01 7.258066e-01 5.645177e-01 5.322596e-01 4.193549e-01 1.000000e+00 8.709645e-01 7.580662e-01 4.677402e-01 3.064549e-01 1.612924e-01 8.064540e-02 1.613007e-02 9.032241e-01 7.580613e-01 4.516127e-01 1.451609e-01 1.612969e-02 1.612969e-02 0.000000e+00 -0.000000e+00 8.548365e-01 6.451564e-01 2.903221e-01 6.451563e-02 0.000000e+00 3.225891e-02 1.612915e-01 2.903229e-01 8.225778e-01 5.806398e-01 3.064492e-01 1.290306e-01 1.612889e-01 3.064512e-01 4.838714e-01 6.290333e-01 7.903226e-01 5.483866e-01 3.870942e-01 3.870958e-01 5.000013e-01 6.129030e-01 7.419338e-01 9.677411e-01 8.064504e-01 7.096786e-01 5.645154e-01 6.774204e-01 7.903214e-01 9.354840e-01 9.838699e-01 1.000000e+00
<VARIANCE> 72
 1.000000e-03 1.000000e-03 1.000000e-03 1.000000e-03 1.000000e-03 1.000000e-03 1.000000e-03 1.586952e-02 1.000000e-03 1.000000e-03 1.000000e-03 1.000000e-03 1.000000e-03 4.604479e-02 6.035342e-02 1.459425e-01 1.000000e-03 1.000000e-03 7.414072e-02 1.352764e-01 1.990113e-01 2.458374e-01 2.489592e-01 2.434963e-01 1.000000e-03 1.123853e-01 1.834018e-01 2.489592e-01 2.125402e-01 1.352771e-01 7.414169e-02 1.586988e-02 8.741035e-02 1.834042e-01 2.476586e-01 1.240891e-01 1.586952e-02 1.586952e-02 1.000000e-03 1.000000e-03 1.240910e-01 2.289296e-01 2.060351e-01 6.035332e-02 1.000000e-03 3.121826e-02 1.352765e-01 2.060355e-01 1.459434e-01 2.434972e-01 2.125381e-01 1.123817e-01 1.352747e-01 2.125388e-01 2.497398e-01 2.333503e-01 1.657127e-01 2.476586e-01 2.372522e-01 2.372526e-01 2.499999e-01 2.372528e-01 1.914680e-01 3.121825e-02 1.560882e-01 2.060348e-01 2.458377e-01 2.185219e-01 1.657134e-01 6.035366e-02 1.586988e-02 1.000000e-03
<GCONST> -1.103486e+02
<STATE> 4
<MEAN> 72
 8.266672e-01 6.800013e-01 5.200021e-01 4.133330e-01 3.599998e-01 2.800002e-01 2.399991e-01 1.733347e-01 6.399997e-01 4.000022e-01 1.866676e-01 1.200007e-01 5.333342e-02 3.999880e-02 0.000000e+00 6.666683e-02 5.066637e-01 2.399978e-01 1.333368e-02 0.000000e+00 1.333231e-02 1.333324e-01 3.066659e-01 3.599993e-01 3.733308e-01 2.133301e-01 1.199997e-01 2.266643e-01 3.199997e-01 4.933331e-01 6.266674e-01 7.066650e-01 4.399997e-01 4.133300e-01 4.266668e-01 5.333322e-01 5.866670e-01 7.333341e-01 8.533345e-01 9.866661e-01 5.866634e-01 6.133317e-01 6.666663e-01 7.866651e-01 8.799988e-01 9.866677e-01 1.000000e+00 1.000000e+00 7.466679e-01 7.866665e-01 9.066666e-01 9.733348e-01 1.000000e+00 1.000000e+00 1.000000e+00 1.000000e+00 9.066648e-01 9.466674e-01 1.000000e+00 1.000000e+00 1.000000e+00 1.000000e+00 1.000000e+00 1.000000e+00 9.733349e-01 1.000000e+00 1.000000e+00 1.000000e+00 1.000000e+00 1.000000e+00 1.000000e+00 1.000000e+00
<VARIANCE> 72
 1.432884e-01 2.175994e-01 2.495998e-01 2.424888e-01 2.303999e-01 2.016000e-01 1.823994e-01 1.432897e-01 2.304000e-01 2.400003e-01 1.518228e-01 1.056005e-01 5.048894e-02 3.839888e-02 1.000000e-03 6.222233e-02 2.499555e-01 1.823988e-01 1.315589e-02 1.000000e-03 1.315456e-02 1.155548e-01 2.126218e-01 2.303998e-01 2.339549e-01 1.678203e-01 1.055998e-01 1.752875e-01 2.175998e-01 2.499554e-01 2.339552e-01 2.072894e-01 2.463998e-01 2.424883e-01 2.446221e-01 2.488889e-01 2.424888e-01 1.955551e-01 1.251547e-01 1.315612e-02 2.424895e-01 2.371559e-01 2.222222e-01 1.678230e-01 1.056009e-01 1.315456e-02 1.000000e-03 1.000000e-03 1.891549e-01 1.678222e-01 8.462221e-02 2.595411e-02 1.000000e-03 1.000000e-03 1.000000e-03 1.000000e-03 8.462365e-02 5.048814e-02 1.000000e-03 1.000000e-03 1.000000e-03 1.000000e-03 1.000000e-03 1.000000e-03 2.595404e-02 1.000000e-03 1.000000e-03 1.000000e-03 1.000000e-03 1.000000e-03 1.000000e-03 1.000000e-03
<GCONST> -1.183381e+02
<STATE> 5
<MEAN> 72
 8.108168e-02 0.000000e+00 1.351370e-01 2.297301e-01 3.648656e-01 4.459454e-01 5.135145e-01 5.945975e-01 2.837822e-01 3.783780e-01 4.594599e-01 5.945939e-01 7.297319e-01 8.378399e-01 8.918912e-01 9.594595e-01 6.081033e-01 6.756746e-01 8.108118e-01 9.054053e-01 1.000000e+00 1.000000e+00 1.000000e+00 1.000000e+00 8.783789e-01 9.459454e-01 1.000000e+00 1.000000e+00 1.000000e+00 1.000000e+00 1.000000e+00 1.000000e+00 1.000000e+00 1.000000e+00 1.000000e+00 1.000000e+00 1.000000e+00 1.000000e+00 1.000000e+00 1.000000e+00 1.000000e+00 1.000000e+00 1.000000e+00 1.000000e+00 1.000000e+00 1.000000e+00 1.000000e+00 1.000000e+00 1.000000e+00 1.000000e+00 1.000000e+00 1.000000e+00 1.000000e+00 1.000000e+00 1.000000e+00 1.000000e+00 1.000000e+00 1.000000e+00 1.000000e+00 1.000000e+00 1.000000e+00 1.000000e+00 1.000000e+00 1.000000e+00 1.000000e+00 1.000000e+00 1.000000e+00 1.000000e+00 1.000000e+00 1.000000e+00 1.000000e+00 1.000000e+00
<VARIANCE> 72
 7.450743e-02 1.000000e-03 1.168750e-01 1.769541e-01 2.317386e-01 2.470780e-01 2.498172e-01 2.410512e-01 2.032498e-01 2.352080e-01 2.483564e-01 2.410519e-01 1.972232e-01 1.358642e-01 9.642120e-02 3.889696e-02 2.383136e-01 2.191384e-01 1.533959e-01 8.564649e-02 1.000000e-03 1.000000e-03 1.000000e-03 1.000000e-03 1.068293e-01 5.113270e-02 1.000000e-03 1.000000e-03 1.000000e-03 1.000000e-03 1.000000e-03 1.000000e-03 1.000000e-03 1.000000e-03 1.000000e-03 1.000000e-03 1.000000e-03 1.000000e-03 1.000000e-03 1.000000e-03 1.000000e-03 1.000000e-03 1.000000e-03 1.000000e-03 1.000000e-03 1.000000e-03 1.000000e-03 1.000000e-03 1.000000e-03 1.000000e-03 1.000000e-03 1.000000e-03 1.000000e-03 1.000000e-03 1.000000e-03 1.000000e-03 1.000000e-03 1.000000e-03 1.000000e-03 1.000000e-03 1.000000e-03 1.000000e-03 1.000000e-03 1.000000e-03 1.000000e-03 1.000000e-03 1.000000e-03 1.000000e-03 1.000000e-03 1.000000e-03 1.000000e-03 1.000000e-03
<GCONST> -2.596697e+02
<STATE> 6
<MEAN> 72
 5.652152e-01 1.000000e+00 1.000000e+00 1.000000e+00 1.000000e+00 1.000000e+00 1.000000e+00 1.000000e+00 1.000000e+00 1.000000e+00 1.000000e+00 1.000000e+00 1.000000e+00 1.000000e+00 1.000000e+00 1.000000e+00 1.000000e+00 1.000000e+00 1.000000e+00 1.000000e+00 1.000000e+00 1.000000e+00 1.000000e+00 1.000000e+00 1.000000e+00 1.000000e+00 1.000000e+00 1.000000e+00 1.000000e+00 1.000000e+00 1.000000e+00 1.000000e+00 1.000000e+00 1.000000e+00 1.000000e+00 1.000000e+00 1.000000e+00 1.000000e+00 1.000000e+00 1.000000e+00 1.000000e+00 1.000000e+00 1.000000e+00 1.000000e+00 1.000000e+00 1.000000e+00 1.000000e+00 1.000000e+00 1.000000e+00 1.000000e+00 1.000000e+00 1.000000e+00 1.000000e+00 1.000000e+00 1.000000e+00 1.000000e+00 1.000000e+00 1.000000e+00 1.000000e+00 1.000000e+00 1.000000e+00 1.000000e+00 1.000000e+00 1.000000e+00 1.000000e+00 1.000000e+00 1.000000e+00 1.000000e+00 1.000000e+00 1.000000e+00 1.000000e+00 1.000000e+00
<VARIANCE> 72
 2.457470e-01 1.000000e-03 1.000000e-03 1.000000e-03 1.000000e-03 1.000000e-03 1.000000e-03 1.000000e-03 1.000000e-03 1.000000e-03 1.000000e-03 1.000000e-03 1.000000e-03 1.000000e-03 1.000000e-03 1.000000e-03 1.000000e-03 1.000000e-03 1.000000e-03 1.000000e-03 1.000000e-03 1.000000e-03 1.000000e-03 1.000000e-03 1.000000e-03 1.000000e-03 1.000000e-03 1.000000e-03 1.000000e-03 1.000000e-03 1.000000e-03 1.000000e-03 1.000000e-03 1.000000e-03 1.000000e-03 1.000000e-03 1.000000e-03 1.000000e-03 1.000000e-03 1.000000e-03 1.000000e-03 1.000000e-03 1.000000e-03 1.000000e-03 1.000000e-03 1.000000e-03 1.000000e-03 1.000000e-03 1.000000e-03 1.000000e-03 1.000000e-03 1.000000e-03 1.000000e-03 1.000000e-03 1.000000e-03 1.000000e-03 1.000000e-03 1.000000e-03 1.000000e-03 1.000000e-03 1.000000e-03 1.000000e-03 1.000000e-03 1.000000e-03 1.000000e-03 1.000000e-03 1.000000e-03 1.000000e-03 1.000000e-03 1.000000e-03 1.000000e-03 1.000000e-03
<GCONST> -3.595269e+02
<STATE> 7
<MEAN> 72
 1.000000e+00 1.000000e+00 1.000000e+00 1.000000e+00 1.000000e+00 1.000000e+00 1.000000e+00 1.000000e+00 1.000000e+00 1.000000e+00 1.000000e+00 1.000000e+00 1.000000e+00 1.000000e+00 1.000000e+00 1.000000e+00 1.000000e+00 1.000000e+00 1.000000e+00 1.000000e+00 1.000000e+00 1.000000e+00 1.000000e+00 1.000000e+00 1.000000e+00 1.000000e+00 1.000000e+00 1.000000e+00 1.000000e+00 1.000000e+00 1.000000e+00 1.000000e+00 1.000000e+00 1.000000e+00 1.000000e+00 1.000000e+00 1.000000e+00 1.000000e+00 1.000000e+00 1.000000e+00 1.000000e+00 1.000000e+00 1.000000e+00 1.000000e+00 1.000000e+00 1.000000e+00 1.000000e+00 1.000000e+00 1.000000e+00 1.000000e+00 1.000000e+00 1.000000e+00 1.000000e+00 1.000000e+00 1.000000e+00 1.000000e+00 1.000000e+00 1.000000e+00 1.000000e+00 1.000000e+00 1.000000e+00 1.000000e+00 1.000000e+00 1.000000e+00 1.000000e+00 1.000000e+00 1.000000e+00 1.000000e+00 1.000000e+00 1.000000e+00 1.000000e+00 1.000000e+00
<VARIANCE> 72
 1.000000e-03 1.000000e-03 1.000000e-03 1.000000e-03 1.000000e-03 1.000000e-03 1.000000e-03 1.000000e-03 1.000000e-03 1.000000e-03 1.000000e-03 1.000000e-03 1.000000e-03 1.000000e-03 1.000000e-03 1.000000e-03 1.000000e-03 1.000000e-03 1.000000e-03 1.000000e-03 1.000000e-03 1.000000e-03 1.000000e-03 1.000000e-03 1.000000e-03 1.000000e-03 1.000000e-03 1.000000e-03 1.000000e-03 1.000000e-03 1.000000e-03 1.000000e-03 1.000000e-03 1.000000e-03 1.000000e-03 1.000000e-03 1.000000e-03 1.000000e-03 1.000000e-03 1.000000e-03 1.000000e-03 1.000000e-03 1.000000e-03 1.000000e-03 1.000000e-03 1.000000e-03 1.000000e-03 1.000000e-03 1.000000e-03 1.000000e-03 1.000000e-03 1.000000e-03 1.000000e-03 1.000000e-03 1.000000e-03 1.000000e-03 1.000000e-03 1.000000e-03 1.000000e-03 1.000000e-03 1.000000e-03 1.000000e-03 1.000000e-03 1.000000e-03 1.000000e-03 1.000000e-03 1.000000e-03 1.000000e-03 1.000000e-03 1.000000e-03 1.000000e-03 1.000000e-03
<GCONST> -3.650312e+02
<TRANSP> 8
 0.000000e+00 1.000000e+00 0.000000e+00 0.000000e+00 0.000000e+00 0.000000e+00 0.000000e+00 0.000000e+00
 0.000000e+00 7.766990e-01 2.233010e-01 0.000000e+00 0.000000e+00 0.000000e+00 0.000000e+00 0.000000e+00
 0.000000e+00 0.000000e+00 6.290327e-01 3.709672e-01 0.000000e+00 0.000000e+00 0.000000e+00 0.000000e+00
 0.000000e+00 0.000000e+00 0.000000e+00 6.933337e-01 3.066663e-01 0.000000e+00 0.000000e+00 0.000000e+00
 0.000000e+00 0.000000e+00 0.000000e+00 0.000000e+00 6.891899e-01 3.108101e-01 0.000000e+00 0.000000e+00
 0.000000e+00 0.000000e+00 0.000000e+00 0.000000e+00 0.000000e+00 0.000000e+00 1.000000e+00 0.000000e+00
 0.000000e+00 0.000000e+00 0.000000e+00 0.000000e+00 0.000000e+00 0.000000e+00 8.571429e-01 1.428571e-01
 0.000000e+00 0.000000e+00 0.000000e+00 0.000000e+00 0.000000e+00 0.000000e+00 0.000000e+00 0.000000e+00
<ENDHMM>
