~o
<STREAMINFO> 1 72
<VECSIZE> 72<NULLD><USER><DIAGC>
~h "right1"
<BEGINHMM>
<NUMSTATES> 8
<STATE> 2
<MEAN> 72
 1.000000e+00 1.000000e+00 1.000000e+00 1.000000e+00 1.000000e+00 1.000000e+00 1.000000e+00 1.000000e+00 9.661017e-01 1.000000e+00 1.000000e+00 1.000000e+00 1.000000e+00 1.000000e+00 1.000000e+00 1.000000e+00 9.152504e-01 1.000000e+00 1.000000e+00 1.000000e+00 1.000000e+00 1.000000e+00 1.000000e+00 1.000000e+00 8.813528e-01 1.000000e+00 1.000000e+00 1.000000e+00 1.000000e+00 1.000000e+00 1.000000e+00 1.000000e+00 7.966118e-01 9.491524e-01 1.000000e+00 1.000000e+00 1.000000e+00 1.000000e+00 1.000000e+00 1.000000e+00 5.593229e-01 7.118671e-01 7.288164e-01 8.813582e-01 1.000000e+00 1.000000e+00 1.000000e+00 1.000000e+00 2.372935e-01 3.050847e-01 5.254256e-01 7.118662e-01 8.983087e-01 1.000000e+00 1.000000e+00 1.000000e+00 5.084798e-02 1.694933e-01 4.237294e-01 6.779654e-01 8.813560e-01 9.830496e-01 1.000000e+00 1.000000e+00 -0.000000e+00 1.694908e-01 4.237285e-01 6.610183e-01 8.644068e-01 1.000000e+00 1.000000e+00 1.000000e+00
<VARIANCE> 72
 1.000000e-03 1.000000e-03 1.000000e-03 1.000000e-03 1.000000e-03 1.000000e-03 1.000000e-03 1.000000e-03 3.274919e-02 1.000000e-03 1.000000e-03 1.000000e-03 1.000000e-03 1.000000e-03 1.000000e-03 1.000000e-03 7.756712e-02 1.000000e-03 1.000000e-03 1.000000e-03 1.000000e-03 1.000000e-03 1.000000e-03 1.000000e-03 1.045700e-01 1.000000e-03 1.000000e-03 1.000000e-03 1.000000e-03 1.000000e-03 1.000000e-03 1.000000e-03 1.620214e-01 4.826213e-02 1.000000e-03 1.000000e-03 1.000000e-03 1.000000e-03 1.000000e-03 1.000000e-03 2.464807e-01 2.051123e-01 1.976431e-01 1.045659e-01 1.000000e-03 1.000000e-03 1.000000e-03 1.000000e-03 1.809852e-01 2.120081e-01 2.493535e-01 2.051127e-01 9.135016e-02 1.000000e-03 1.000000e-03 1.000000e-03 4.826244e-02 1.407654e-01 2.441828e-01 2.183283e-01 1.045676e-01 1.666306e-02 1.000000e-03 1.000000e-03 1.000000e-03 1.407637e-01 2.441826e-01 2.240731e-01 1.172077e-01 1.000000e-03 1.000000e-03 1.000000e-03
<GCONST> -2.491061e+02
<STATE> 3
<MEAN> 72
 9.772736e-01 9.772736e-01 9.772748e-01 9.545429e-01 1.000000e+00 1.000000e+00 1.000000e+00 1.000000e+00 9.545469e-01 8.863683e-01 8.181846e-01 7.954548e-01 9.772709e-01 1.000000e+00 1.000000e+00 1.000000e+00 9.545473e-01 7.272792e-01 7.045489e-01 7.272732e-01 9.318182e-01 9.772736e-01 1.000000e+00 1.000000e+00 9.545450e-01 6.818224e-01 7.272756e-01 6.818182e-01 9.090919e-01 9.545473e-01 9.772736e-01 1.000000e+00 9.090901e-01 6.363678e-01 6.136384e-01 5.681831e-01 7.727271e-01 7.727292e-01 9.318188e-01 9.772736e-01 8.863606e-01 5.909097e-01 4.318184e-01 1.136386e-01 2.272803e-01 2.727348e-01 6.136459e-01 8.636404e-01 9.090892e-01 5.681807e-01 2.272729e-01 2.272753e-02 2.272753e-02 1.818199e-01 5.000045e-01 8.181879e-01 8.409061e-01 5.227267e-01 1.363617e-01 2.272753e-02 6.817910e-02 1.818181e-01 4.772773e-01 7.727293e-01 7.727259e-01 4.999984e-01 9.090360e-02 0.000000e+00 4.545585e-02 2.500016e-01 5.909098e-01 8.863626e-01
<VARIANCE> 72
 2.220986e-02 2.220986e-02 2.220881e-02 4.339071e-02 1.000000e-03 1.000000e-03 1.000000e-03 1.000000e-03 4.338710e-02 1.007195e-01 1.487587e-01 1.627065e-01 2.221248e-02 1.000000e-03 1.000000e-03 1.000000e-03 4.338674e-02 1.983443e-01 2.081598e-01 1.983469e-01 6.353304e-02 2.220986e-02 1.000000e-03 1.000000e-03 4.338884e-02 2.169406e-01 1.983459e-01 2.169422e-01 8.264385e-02 4.338674e-02 2.220986e-02 1.000000e-03 8.264533e-02 2.314039e-01 2.370864e-01 2.453511e-01 1.756200e-01 1.756188e-01 6.353249e-02 2.220986e-02 1.007255e-01 2.417355e-01 2.453513e-01 1.007249e-01 1.756239e-01 1.983506e-01 2.370847e-01 1.177657e-01 8.264603e-02 2.453514e-01 1.756200e-01 2.221100e-02 2.221100e-02 1.487615e-01 2.500000e-01 1.487565e-01 1.337831e-01 2.494836e-01 1.177673e-01 2.221100e-02 6.353074e-02 1.487603e-01 2.494838e-01 1.756188e-01 1.756206e-01 2.500000e-01 8.264017e-02 1.000000e-03 4.338961e-02 1.875008e-01 2.417354e-01 1.007240e-01
<GCONST> -8.385947e+01
<STATE> 4
<MEAN> 72
 1.000000e+00 1.000000e+00 1.000000e+00 9.565232e-01 9.565247e-01 9.782598e-01 8.695676e-01 9.130442e-01 1.000000e+00 1.000000e+00 1.000000e+00 9.565232e-01 8.913065e-01 8.912989e-01 8.478314e-01 9.347814e-01 1.000000e+00 1.000000e+00 1.000000e+00 9.565232e-01 8.695652e-01 7.826043e-01 7.826160e-01 8.043497e-01 1.000000e+00 1.000000e+00 1.000000e+00 9.782618e-01 7.391335e-01 7.608640e-01 7.391365e-01 8.043528e-01 1.000000e+00 1.000000e+00 1.000000e+00 9.782618e-01 7.173935e-01 6.521740e-01 4.347880e-01 4.347906e-01 1.000000e+00 1.000000e+00 1.000000e+00 9.565206e-01 6.521713e-01 3.478220e-01 6.521579e-02 8.695981e-02 1.000000e+00 1.000000e+00 1.000000e+00 8.695620e-01 5.869560e-01 2.608700e-01 4.347865e-02 8.695551e-02 1.000000e+00 1.000000e+00 1.000000e+00 8.043475e-01 5.000015e-01 1.956511e-01 8.695435e-02 1.086910e-01 1.000000e+00 1.000000e+00 1.000000e+00 7.173854e-01 3.913020e-01 8.695632e-02 -0.000000e+00 1.086995e-01
<VARIANCE> 72
 1.000000e-03 1.000000e-03 1.000000e-03 4.158653e-02 4.158522e-02 2.126757e-02 1.134198e-01 7.939446e-02 1.000000e-03 1.000000e-03 1.000000e-03 4.158653e-02 9.687926e-02 9.688516e-02 1.290134e-01 6.096517e-02 1.000000e-03 1.000000e-03 1.000000e-03 4.158653e-02 1.134215e-01 1.701348e-01 1.701283e-01 1.573713e-01 1.000000e-03 1.000000e-03 1.000000e-03 2.126564e-02 1.928152e-01 1.819500e-01 1.928137e-01 1.573694e-01 1.000000e-03 1.000000e-03 1.000000e-03 2.126564e-02 2.027401e-01 2.268431e-01 2.457474e-01 2.457477e-01 1.000000e-03 1.000000e-03 1.000000e-03 4.158895e-02 2.268440e-01 2.268419e-01 6.096270e-02 7.939783e-02 1.000000e-03 1.000000e-03 1.000000e-03 1.134239e-01 2.424387e-01 1.928169e-01 4.158827e-02 7.939426e-02 1.000000e-03 1.000000e-03 1.000000e-03 1.573726e-01 2.500000e-01 1.573717e-01 7.939330e-02 9.687724e-02 1.000000e-03 1.000000e-03 1.000000e-03 2.027437e-01 2.381848e-01 7.939493e-02 1.000000e-03 9.688396e-02
<GCONST> -1.601662e+02
<STATE> 5
<MEAN> 72
 1.000000e+00 1.000000e+00 1.000000e+00 1.000000e+00 1.000000e+00 1.000000e+00 1.000000e+00 9.696986e-01 1.000000e+00 1.000000e+00 1.000000e+00 1.000000e+00 1.000000e+00 1.000000e+00 1.000000e+00 9.090944e-01 1.000000e+00 1.000000e+00 1.000000e+00 1.000000e+00 1.000000e+00 1.000000e+00 1.000000e+00 8.787906e-01 1.000000e+00 1.000000e+00 1.000000e+00 1.000000e+00 1.000000e+00 1.000000e+00 1.000000e+00 8.787906e-01 1.000000e+00 1.000000e+00 1.000000e+00 1.000000e+00 1.000000e+00 1.000000e+00 1.000000e+00 7.878780e-01 1.000000e+00 1.000000e+00 1.000000e+00 1.000000e+00 1.000000e+00 1.000000e+00 1.000000e+00 5.757573e-01 1.000000e+00 1.000000e+00 1.000000e+00 1.000000e+00 1.000000e+00 1.000000e+00 8.787826e-01 3.939402e-01 1.000000e+00 1.000000e+00 1.000000e+00 1.000000e+00 1.000000e+00 1.000000e+00 6.666681e-01 3.030294e-01 1.000000e+00 1.000000e+00 1.000000e+00 1.000000e+00 1.000000e+00 1.000000e+00 5.454494e-01 -0.000000e+00
<VARIANCE> 72
 1.000000e-03 1.000000e-03 1.000000e-03 1.000000e-03 1.000000e-03 1.000000e-03 1.000000e-03 2.938321e-02 1.000000e-03 1.000000e-03 1.000000e-03 1.000000e-03 1.000000e-03 1.000000e-03 1.000000e-03 8.264179e-02 1.000000e-03 1.000000e-03 1.000000e-03 1.000000e-03 1.000000e-03 1.000000e-03 1.000000e-03 1.065177e-01 1.000000e-03 1.000000e-03 1.000000e-03 1.000000e-03 1.000000e-03 1.000000e-03 1.000000e-03 1.065177e-01 1.000000e-03 1.000000e-03 1.000000e-03 1.000000e-03 1.000000e-03 1.000000e-03 1.000000e-03 1.671263e-01 1.000000e-03 1.000000e-03 1.000000e-03 1.000000e-03 1.000000e-03 1.000000e-03 1.000000e-03 2.442609e-01 1.000000e-03 1.000000e-03 1.000000e-03 1.000000e-03 1.000000e-03 1.000000e-03 1.065238e-01 2.387514e-01 1.000000e-03 1.000000e-03 1.000000e-03 1.000000e-03 1.000000e-03 1.000000e-03 2.222218e-01 2.112026e-01 1.000000e-03 1.000000e-03 1.000000e-03 1.000000e-03 1.000000e-03 1.000000e-03 2.479344e-01 1.000000e-03
<GCONST> -3.108692e+02
<STATE> 6
<MEAN> 72
 1.000000e+00 1.000000e+00 1.000000e+00 1.000000e+00 1.000000e+00 1.000000e+00 1.000000e+00 1.000000e+00 1.000000e+00 1.000000e+00 1.000000e+00 1.000000e+00 1.000000e+00 1.000000e+00 1.000000e+00 1.000000e+00 1.000000e+00 1.000000e+00 1.000000e+00 1.000000e+00 1.000000e+00 1.000000e+00 1.000000e+00 1.000000e+00 1.000000e+00 1.000000e+00 1.000000e+00 1.000000e+00 1.000000e+00 1.000000e+00 1.000000e+00 1.000000e+00 1.000000e+00 1.000000e+00 1.000000e+00 1.000000e+00 1.000000e+00 1.000000e+00 1.000000e+00 1.000000e+00 1.000000e+00 1.000000e+00 1.000000e+00 1.000000e+00 1.000000e+00 1.000000e+00 1.000000e+00 1.000000e+00 1.000000e+00 1.000000e+00 1.000000e+00 1.000000e+00 1.000000e+00 1.000000e+00 1.000000e+00 1.000000e+00 1.000000e+00 1.000000e+00 1.000000e+00 1.000000e+00 1.000000e+00 1.000000e+00 1.000000e+00 1.000000e+00 1.000000e+00 1.000000e+00 1.000000e+00 1.000000e+00 1.000000e+00 1.000000e+00 1.000000e+00 1.000000e+00
<VARIANCE> 72
 1.000000e-03 1.000000e-03 1.000000e-03 1.000000e-03 1.000000e-03 1.000000e-03 1.000000e-03 1.000000e-03 1.000000e-03 1.000000e-03 1.000000e-03 1.000000e-03 1.000000e-03 1.000000e-03 1.000000e-03 1.000000e-03 1.000000e-03 1.000000e-03 1.000000e-03 1.000000e-03 1.000000e-03 1.000000e-03 1.000000e-03 1.000000e-03 1.000000e-03 1.000000e-03 1.000000e-03 1.000000e-03 1.000000e-03 1.000000e-03 1.000000e-03 1.000000e-03 1.000000e-03 1.000000e-03 1.000000e-03 1.000000e-03 1.000000e-03 1.000000e-03 1.000000e-03 1.000000e-03 1.000000e-03 1.000000e-03 1.000000e-03 1.000000e-03 1.000000e-03 1.000000e-03 1.000000e-03 1.000000e-03 1.000000e-03 1.000000e-03 1.000000e-03 1.000000e-03 1.000000e-03 1.000000e-03 1.000000e-03 1.000000e-03 1.000000e-03 1.000000e-03 1.000000e-03 1.000000e-03 1.000000e-03 1.000000e-03 1.000000e-03 1.000000e-03 1.000000e-03 1.000000e-03 1.000000e-03 1.000000e-03 1.000000e-03 1.000000e-03 1.000000e-03 1.000000e-03
<GCONST> -3.650312e+02
<STATE> 7
<MEAN> 72
 1.000000e+00 1.000000e+00 1.000000e+00 1.000000e+00 1.000000e+00 1.000000e+00 1.000000e+00 1.000000e+00 1.000000e+00 1.000000e+00 1.000000e+00 1.000000e+00 1.000000e+00 1.000000e+00 1.000000e+00 1.000000e+00 1.000000e+00 1.000000e+00 1.000000e+00 1.000000e+00 1.000000e+00 1.000000e+00 1.000000e+00 1.000000e+00 1.000000e+00 1.000000e+00 1.000000e+00 1.000000e+00 1.000000e+00 1.000000e+00 1.000000e+00 1.000000e+00 1.000000e+00 1.000000e+00 1.000000e+00 1.000000e+00 1.000000e+00 1.000000e+00 1.000000e+00 1.000000e+00 1.000000e+00 1.000000e+00 1.000000e+00 1.000000e+00 1.000000e+00 1.000000e+00 1.000000e+00 1.000000e+00 1.000000e+00 1.000000e+00 1.000000e+00 1.000000e+00 1.000000e+00 1.000000e+00 1.000000e+00 1.000000e+00 1.000000e+00 1.000000e+00 1.000000e+00 1.000000e+00 1.000000e+00 1.000000e+00 1.000000e+00 1.000000e+00 1.000000e+00 1.000000e+00 1.000000e+00 1.000000e+00 1.000000e+00 1.000000e+00 1.000000e+00 1.000000e+00
<VARIANCE> 72
 1.000000e-03 1.000000e-03 1.000000e-03 1.000000e-03 1.000000e-03 1.000000e-03 1.000000e-03 1.000000e-03 1.000000e-03 1.000000e-03 1.000000e-03 1.000000e-03 1.000000e-03 1.000000e-03 1.000000e-03 1.000000e-03 1.000000e-03 1.000000e-03 1.000000e-03 1.000000e-03 1.000000e-03 1.000000e-03 1.000000e-03 1.000000e-03 1.000000e-03 1.000000e-03 1.000000e-03 1.000000e-03 1.000000e-03 1.000000e-03 1.000000e-03 1.000000e-03 1.000000e-03 1.000000e-03 1.000000e-03 1.000000e-03 1.000000e-03 1.000000e-03 1.000000e-03 1.000000e-03 1.000000e-03 1.000000e-03 1.000000e-03 1.000000e-03 1.000000e-03 1.000000e-03 1.000000e-03 1.000000e-03 1.000000e-03 1.000000e-03 1.000000e-03 1.000000e-03 1.000000e-03 1.000000e-03 1.000000e-03 1.000000e-03 1.000000e-03 1.000000e-03 1.000000e-03 1.000000e-03 1.000000e-03 1.000000e-03 1.000000e-03 1.000000e-03 1.000000e-03 1.000000e-03 1.000000e-03 1.000000e-03 1.000000e-03 1.000000e-03 1.000000e-03 1.000000e-03
<GCONST> -3.650312e+02
<TRANSP> 8
 0.000000e+00 1.000000e+00 0.000000e+00 0.000000e+00 0.000000e+00 0.000000e+00 0.000000e+00 0.000000e+00
 0.000000e+00 7.118638e-01 2.881363e-01 0.000000e+00 0.000000e+00 0.000000e+00 0.000000e+00 0.000000e+00
 0.000000e+00 0.000000e+00 6.136349e-01 3.863650e-01 0.000000e+00 0.000000e+00 0.000000e+00 0.000000e+00
 0.000000e+00 0.000000e+00 0.000000e+00 6.304343e-01 3.695657e-01 0.000000e+00 0.000000e+00 0.000000e+00
 0.000000e+00 0.000000e+00 0.000000e+00 0.000000e+00 4.848536e-01 5.151464e-01 0.000000e+00 0.000000e+00
 0.000000e+00 0.000000e+00 0.000000e+00 0.000000e+00 0.000000e+00 8.454545e-01 1.545455e-01 0.000000e+00
 0.000000e+00 0.000000e+00 0.000000e+00 0.000000e+00 0.000000e+00 0.000000e+00 0.000000e+00 1.000000e+00
 0.000000e+00 0.000000e+00 0.000000e+00 0.000000e+00 0.000000e+00 0.000000e+00 0.000000e+00 0.000000e+00
<ENDHMM>
