~o
<STREAMINFO> 1 72
<VECSIZE> 72<NULLD><USER><DIAGC>
~h "up1"
<BEGINHMM>
<NUMSTATES> 8
<STATE> 2
<MEAN> 72
 7.761179e-01 7.313439e-01 7.462736e-01 4.029936e-01 1.194094e-01 4.477862e-02 0.000000e+00 0.000000e+00 7.761188e-01 7.910451e-01 7.462695e-01 5.522421e-01 3.731385e-01 2.835818e-01 2.388061e-01 2.089544e-01 9.850751e-01 9.253744e-01 8.059692e-01 7.313432e-01 6.567202e-01 5.223875e-01 4.776119e-01 4.477604e-01 1.000000e+00 1.000000e+00 1.000000e+00 1.000000e+00 8.955228e-01 7.910427e-01 7.462675e-01 7.014893e-01 1.000000e+00 1.000000e+00 1.000000e+00 1.000000e+00 1.000000e+00 1.000000e+00 9.701486e-01 9.552222e-01 1.000000e+00 1.000000e+00 1.000000e+00 1.000000e+00 1.000000e+00 1.000000e+00 1.000000e+00 1.000000e+00 1.000000e+00 1.000000e+00 1.000000e+00 1.000000e+00 1.000000e+00 1.000000e+00 1.000000e+00 1.000000e+00 1.000000e+00 1.000000e+00 1.000000e+00 1.000000e+00 1.000000e+00 1.000000e+00 1.000000e+00 1.000000e+00 1.000000e+00 1.000000e+00 1.000000e+00 1.000000e+00 1.000000e+00 1.000000e+00 1.000000e+00 1.000000e+00
<VARIANCE> 72
 1.737588e-01 1.964800e-01 1.893493e-01 2.405897e-01 1.051508e-01 4.277349e-02 1.000000e-03 1.000000e-03 1.737584e-01 1.652927e-01 1.893513e-01 2.472707e-01 2.339061e-01 2.031632e-01 1.817777e-01 1.652925e-01 1.470216e-02 6.905657e-02 1.563828e-01 1.964803e-01 2.254388e-01 2.494987e-01 2.494987e-01 2.472711e-01 1.000000e-03 1.000000e-03 1.000000e-03 1.000000e-03 9.356172e-02 1.652941e-01 1.893523e-01 2.094021e-01 1.000000e-03 1.000000e-03 1.000000e-03 1.000000e-03 1.000000e-03 1.000000e-03 2.896029e-02 4.277276e-02 1.000000e-03 1.000000e-03 1.000000e-03 1.000000e-03 1.000000e-03 1.000000e-03 1.000000e-03 1.000000e-03 1.000000e-03 1.000000e-03 1.000000e-03 1.000000e-03 1.000000e-03 1.000000e-03 1.000000e-03 1.000000e-03 1.000000e-03 1.000000e-03 1.000000e-03 1.000000e-03 1.000000e-03 1.000000e-03 1.000000e-03 1.000000e-03 1.000000e-03 1.000000e-03 1.000000e-03 1.000000e-03 1.000000e-03 1.000000e-03 1.000000e-03 1.000000e-03
<GCONST> -2.267768e+02
<STATE> 3
<MEAN> 72
 1.000000e+00 1.000000e+00 1.000000e+00 9.387798e-01 8.367372e-01 6.122466e-01 5.918374e-01 6.734694e-01 9.387752e-01 1.000000e+00 9.183726e-01 7.347016e-01 5.102067e-01 2.857134e-01 2.857144e-01 3.469376e-01 7.551045e-01 8.367367e-01 8.163293e-01 5.102092e-01 1.224524e-01 -1.331234e-43 -1.331234e-43 -1.853918e-42 7.142874e-01 6.734654e-01 4.898010e-01 2.040867e-01 2.040937e-02 0.000000e+00 0.000000e+00 0.000000e+00 7.346966e-01 6.734684e-01 5.714311e-01 3.265306e-01 1.632644e-01 1.020364e-01 2.040686e-02 -9.276596e-43 9.387761e-01 8.571444e-01 7.551060e-01 6.530586e-01 5.102059e-01 4.285710e-01 3.061171e-01 2.448936e-01 1.000000e+00 1.000000e+00 1.000000e+00 1.000000e+00 8.571469e-01 7.142856e-01 6.530594e-01 6.122416e-01 1.000000e+00 1.000000e+00 1.000000e+00 1.000000e+00 1.000000e+00 1.000000e+00 9.387766e-01 8.979588e-01 1.000000e+00 1.000000e+00 1.000000e+00 1.000000e+00 1.000000e+00 1.000000e+00 1.000000e+00 1.000000e+00
<VARIANCE> 72
 1.000000e-03 1.000000e-03 1.000000e-03 5.747230e-02 1.366081e-01 2.374006e-01 2.415659e-01 2.199083e-01 5.747633e-02 1.000000e-03 7.496443e-02 1.949152e-01 2.498958e-01 2.040812e-01 2.040817e-01 2.265719e-01 1.849217e-01 1.366083e-01 1.499358e-01 2.498957e-01 1.074578e-01 1.000000e-03 1.000000e-03 1.000000e-03 2.040809e-01 2.199098e-01 2.498960e-01 1.624353e-01 1.999283e-02 1.000000e-03 1.000000e-03 1.000000e-03 1.949175e-01 2.199087e-01 2.448976e-01 2.199083e-01 1.366092e-01 9.162495e-02 1.999042e-02 1.000000e-03 5.747559e-02 1.224478e-01 1.849209e-01 2.265731e-01 2.498958e-01 2.448979e-01 2.124094e-01 1.849206e-01 1.000000e-03 1.000000e-03 1.000000e-03 1.000000e-03 1.224461e-01 2.040817e-01 2.265728e-01 2.374018e-01 1.000000e-03 1.000000e-03 1.000000e-03 1.000000e-03 1.000000e-03 1.000000e-03 5.747516e-02 9.162880e-02 1.000000e-03 1.000000e-03 1.000000e-03 1.000000e-03 1.000000e-03 1.000000e-03 1.000000e-03 1.000000e-03
<GCONST> -1.501464e+02
<STATE> 4
<MEAN> 72
 1.000000e+00 1.000000e+00 1.000000e+00 1.000000e+00 1.000000e+00 1.000000e+00 1.000000e+00 1.000000e+00 1.000000e+00 1.000000e+00 1.000000e+00 1.000000e+00 1.000000e+00 1.000000e+00 1.000000e+00 1.000000e+00 1.000000e+00 1.000000e+00 1.000000e+00 1.000000e+00 1.000000e+00 9.642835e-01 9.464265e-01 9.821404e-01 1.000000e+00 1.000000e+00 1.000000e+00 9.642869e-01 8.214297e-01 7.500015e-01 6.785675e-01 7.142832e-01 9.821431e-01 1.000000e+00 9.642872e-01 8.214321e-01 6.250017e-01 4.999996e-01 4.285717e-01 4.464286e-01 8.214280e-01 8.571426e-01 8.392903e-01 6.071471e-01 3.392882e-01 2.678557e-01 1.785692e-01 1.964261e-01 8.214288e-01 7.678601e-01 6.250009e-01 3.750020e-01 8.928734e-02 3.571343e-02 8.589960e-43 0.000000e+00 7.857183e-01 7.142869e-01 6.250026e-01 4.285755e-01 1.071468e-01 3.571661e-02 0.000000e+00 5.885454e-43 8.214281e-01 8.035753e-01 6.785817e-01 4.464316e-01 3.214278e-01 2.678585e-01 1.428584e-01 1.071392e-01
<VARIANCE> 72
 1.000000e-03 1.000000e-03 1.000000e-03 1.000000e-03 1.000000e-03 1.000000e-03 1.000000e-03 1.000000e-03 1.000000e-03 1.000000e-03 1.000000e-03 1.000000e-03 1.000000e-03 1.000000e-03 1.000000e-03 1.000000e-03 1.000000e-03 1.000000e-03 1.000000e-03 1.000000e-03 1.000000e-03 3.444085e-02 5.070337e-02 1.754067e-02 1.000000e-03 1.000000e-03 1.000000e-03 3.443764e-02 1.466830e-01 1.874993e-01 2.181136e-01 2.040827e-01 1.753801e-02 1.000000e-03 3.443744e-02 1.466814e-01 2.343746e-01 2.500000e-01 2.448980e-01 2.471301e-01 1.466840e-01 1.224492e-01 1.348821e-01 2.385194e-01 2.241717e-01 1.961090e-01 1.466822e-01 1.578429e-01 1.466835e-01 1.782510e-01 2.343747e-01 2.343755e-01 8.131512e-02 3.443798e-02 1.000000e-03 1.000000e-03 1.683651e-01 2.040811e-01 2.343744e-01 2.448986e-01 9.566634e-02 3.444093e-02 1.000000e-03 1.000000e-03 1.466840e-01 1.578421e-01 2.181085e-01 2.471304e-01 2.181120e-01 1.961104e-01 1.224499e-01 9.566039e-02
<GCONST> -1.564377e+02
<STATE> 5
<MEAN> 72
 1.000000e+00 1.000000e+00 1.000000e+00 1.000000e+00 1.000000e+00 1.000000e+00 1.000000e+00 1.000000e+00 1.000000e+00 1.000000e+00 1.000000e+00 1.000000e+00 1.000000e+00 1.000000e+00 1.000000e+00 1.000000e+00 1.000000e+00 1.000000e+00 1.000000e+00 1.000000e+00 1.000000e+00 1.000000e+00 1.000000e+00 1.000000e+00 1.000000e+00 1.000000e+00 1.000000e+00 1.000000e+00 1.000000e+00 1.000000e+00 1.000000e+00 1.000000e+00 1.000000e+00 1.000000e+00 1.000000e+00 1.000000e+00 1.000000e+00 1.000000e+00 1.000000e+00 1.000000e+00 1.000000e+00 1.000000e+00 1.000000e+00 1.000000e+00 1.000000e+00 1.000000e+00 1.000000e+00 1.000000e+00 1.000000e+00 1.000000e+00 1.000000e+00 1.000000e+00 1.000000e+00 1.000000e+00 9.629621e-01 9.259201e-01 1.000000e+00 1.000000e+00 1.000000e+00 1.000000e+00 9.259315e-01 5.555539e-01 3.703671e-01 3.703671e-01 9.629580e-01 1.000000e+00 1.000000e+00 8.518518e-01 4.074085e-01 2.592607e-01 -0.000000e+00 -0.000000e+00
<VARIANCE> 72
 1.000000e-03 1.000000e-03 1.000000e-03 1.000000e-03 1.000000e-03 1.000000e-03 1.000000e-03 1.000000e-03 1.000000e-03 1.000000e-03 1.000000e-03 1.000000e-03 1.000000e-03 1.000000e-03 1.000000e-03 1.000000e-03 1.000000e-03 1.000000e-03 1.000000e-03 1.000000e-03 1.000000e-03 1.000000e-03 1.000000e-03 1.000000e-03 1.000000e-03 1.000000e-03 1.000000e-03 1.000000e-03 1.000000e-03 1.000000e-03 1.000000e-03 1.000000e-03 1.000000e-03 1.000000e-03 1.000000e-03 1.000000e-03 1.000000e-03 1.000000e-03 1.000000e-03 1.000000e-03 1.000000e-03 1.000000e-03 1.000000e-03 1.000000e-03 1.000000e-03 1.000000e-03 1.000000e-03 1.000000e-03 1.000000e-03 1.000000e-03 1.000000e-03 1.000000e-03 1.000000e-03 1.000000e-03 3.566612e-02 6.859206e-02 1.000000e-03 1.000000e-03 1.000000e-03 1.000000e-03 6.858236e-02 2.469138e-01 2.331953e-01 2.331953e-01 3.566985e-02 1.000000e-03 1.000000e-03 1.262003e-01 2.414268e-01 1.920446e-01 1.000000e-03 1.000000e-03
<GCONST> -3.174315e+02
<STATE> 6
<MEAN> 72
 1.000000e+00 1.000000e+00 1.000000e+00 1.000000e+00 1.000000e+00 1.000000e+00 1.000000e+00 1.000000e+00 1.000000e+00 1.000000e+00 1.000000e+00 1.000000e+00 1.000000e+00 1.000000e+00 1.000000e+00 1.000000e+00 1.000000e+00 1.000000e+00 1.000000e+00 1.000000e+00 1.000000e+00 1.000000e+00 1.000000e+00 1.000000e+00 1.000000e+00 1.000000e+00 1.000000e+00 1.000000e+00 1.000000e+00 1.000000e+00 1.000000e+00 1.000000e+00 1.000000e+00 1.000000e+00 1.000000e+00 1.000000e+00 1.000000e+00 1.000000e+00 1.000000e+00 1.000000e+00 1.000000e+00 1.000000e+00 1.000000e+00 1.000000e+00 1.000000e+00 1.000000e+00 1.000000e+00 1.000000e+00 1.000000e+00 1.000000e+00 1.000000e+00 1.000000e+00 1.000000e+00 1.000000e+00 1.000000e+00 1.000000e+00 1.000000e+00 1.000000e+00 1.000000e+00 1.000000e+00 1.000000e+00 1.000000e+00 1.000000e+00 1.000000e+00 1.000000e+00 1.000000e+00 1.000000e+00 1.000000e+00 1.000000e+00 1.000000e+00 1.000000e+00 1.000000e+00
<VARIANCE> 72
 1.000000e-03 1.000000e-03 1.000000e-03 1.000000e-03 1.000000e-03 1.000000e-03 1.000000e-03 1.000000e-03 1.000000e-03 1.000000e-03 1.000000e-03 1.000000e-03 1.000000e-03 1.000000e-03 1.000000e-03 1.000000e-03 1.000000e-03 1.000000e-03 1.000000e-03 1.000000e-03 1.000000e-03 1.000000e-03 1.000000e-03 1.000000e-03 1.000000e-03 1.000000e-03 1.000000e-03 1.000000e-03 1.000000e-03 1.000000e-03 1.000000e-03 1.000000e-03 1.000000e-03 1.000000e-03 1.000000e-03 1.000000e-03 1.000000e-03 1.000000e-03 1.000000e-03 1.000000e-03 1.000000e-03 1.000000e-03 1.000000e-03 1.000000e-03 1.000000e-03 1.000000e-03 1.000000e-03 1.000000e-03 1.000000e-03 1.000000e-03 1.000000e-03 1.000000e-03 1.000000e-03 1.000000e-03 1.000000e-03 1.000000e-03 1.000000e-03 1.000000e-03 1.000000e-03 1.000000e-03 1.000000e-03 1.000000e-03 1.000000e-03 1.000000e-03 1.000000e-03 1.000000e-03 1.000000e-03 1.000000e-03 1.000000e-03 1.000000e-03 1.000000e-03 1.000000e-03
<GCONST> -3.650312e+02
<STATE> 7
<MEAN> 72
 1.000000e+00 1.000000e+00 1.000000e+00 1.000000e+00 1.000000e+00 1.000000e+00 1.000000e+00 1.000000e+00 1.000000e+00 1.000000e+00 1.000000e+00 1.000000e+00 1.000000e+00 1.000000e+00 1.000000e+00 1.000000e+00 1.000000e+00 1.000000e+00 1.000000e+00 1.000000e+00 1.000000e+00 1.000000e+00 1.000000e+00 1.000000e+00 1.000000e+00 1.000000e+00 1.000000e+00 1.000000e+00 1.000000e+00 1.000000e+00 1.000000e+00 1.000000e+00 1.000000e+00 1.000000e+00 1.000000e+00 1.000000e+00 1.000000e+00 1.000000e+00 1.000000e+00 1.000000e+00 1.000000e+00 1.000000e+00 1.000000e+00 1.000000e+00 1.000000e+00 1.000000e+00 1.000000e+00 1.000000e+00 1.000000e+00 1.000000e+00 1.000000e+00 1.000000e+00 1.000000e+00 1.000000e+00 1.000000e+00 1.000000e+00 1.000000e+00 1.000000e+00 1.000000e+00 1.000000e+00 1.000000e+00 1.000000e+00 1.000000e+00 1.000000e+00 1.000000e+00 1.000000e+00 1.000000e+00 1.000000e+00 1.000000e+00 1.000000e+00 1.000000e+00 1.000000e+00
<VARIANCE> 72
 1.000000e-03 1.000000e-03 1.000000e-03 1.000000e-03 1.000000e-03 1.000000e-03 1.000000e-03 1.000000e-03 1.000000e-03 1.000000e-03 1.000000e-03 1.000000e-03 1.000000e-03 1.000000e-03 1.000000e-03 1.000000e-03 1.000000e-03 1.000000e-03 1.000000e-03 1.000000e-03 1.000000e-03 1.000000e-03 1.000000e-03 1.000000e-03 1.000000e-03 1.000000e-03 1.000000e-03 1.000000e-03 1.000000e-03 1.000000e-03 1.000000e-03 1.000000e-03 1.000000e-03 1.000000e-03 1.000000e-03 1.000000e-03 1.000000e-03 1.000000e-03 1.000000e-03 1.000000e-03 1.000000e-03 1.000000e-03 1.000000e-03 1.000000e-03 1.000000e-03 1.000000e-03 1.000000e-03 1.000000e-03 1.000000e-03 1.000000e-03 1.000000e-03 1.000000e-03 1.000000e-03 1.000000e-03 1.000000e-03 1.000000e-03 1.000000e-03 1.000000e-03 1.000000e-03 1.000000e-03 1.000000e-03 1.000000e-03 1.000000e-03 1.000000e-03 1.000000e-03 1.000000e-03 1.000000e-03 1.000000e-03 1.000000e-03 1.000000e-03 1.000000e-03 1.000000e-03
<GCONST> -3.650312e+02
<TRANSP> 8
 0.000000e+00 1.000000e+00 0.000000e+00 0.000000e+00 0.000000e+00 0.000000e+00 0.000000e+00 0.000000e+00
 0.000000e+00 7.462689e-01 2.537311e-01 0.000000e+00 0.000000e+00 0.000000e+00 0.000000e+00 0.000000e+00
 0.000000e+00 0.000000e+00 6.530585e-01 3.469414e-01 0.000000e+00 0.000000e+00 0.000000e+00 0.000000e+00
 0.000000e+00 0.000000e+00 0.000000e+00 6.964269e-01 3.035731e-01 0.000000e+00 0.000000e+00 0.000000e+00
 0.000000e+00 0.000000e+00 0.000000e+00 0.000000e+00 3.703671e-01 6.296328e-01 0.000000e+00 0.000000e+00
 0.000000e+00 0.000000e+00 0.000000e+00 0.000000e+00 0.000000e+00 8.571429e-01 1.428571e-01 0.000000e+00
 0.000000e+00 0.000000e+00 0.000000e+00 0.000000e+00 0.000000e+00 0.000000e+00 0.000000e+00 1.000000e+00
 0.000000e+00 0.000000e+00 0.000000e+00 0.000000e+00 0.000000e+00 0.000000e+00 0.000000e+00 0.000000e+00
<ENDHMM>
