~o
<STREAMINFO> 1 72
<VECSIZE> 72<NULLD><USER><DIAGC>
~h "upleft1"
<BEGINHMM>
<NUMSTATES> 8
<STATE> 2
<MEAN> 72
 1.000000e+00 1.000000e+00 1.000000e+00 1.000000e+00 9.883716e-01 8.255820e-01 7.558172e-01 8.837191e-01 1.000000e+00 1.000000e+00 1.000000e+00 1.000000e+00 9.069774e-01 8.255800e-01 7.325591e-01 6.976782e-01 1.000000e+00 1.000000e+00 1.000000e+00 9.883712e-01 9.069747e-01 7.906998e-01 7.325607e-01 2.558116e-01 1.000000e+00 1.000000e+00 1.000000e+00 1.000000e+00 1.000000e+00 8.372088e-01 6.627891e-01 2.209288e-01 1.000000e+00 1.000000e+00 1.000000e+00 1.000000e+00 1.000000e+00 9.651169e-01 6.860464e-01 4.186056e-01 1.000000e+00 1.000000e+00 1.000000e+00 1.000000e+00 1.000000e+00 1.000000e+00 8.720929e-01 6.279078e-01 1.000000e+00 1.000000e+00 1.000000e+00 1.000000e+00 1.000000e+00 1.000000e+00 1.000000e+00 8.488380e-01 1.000000e+00 1.000000e+00 1.000000e+00 1.000000e+00 1.000000e+00 1.000000e+00 1.000000e+00 9.651142e-01 1.000000e+00 1.000000e+00 1.000000e+00 1.000000e+00 1.000000e+00 1.000000e+00 1.000000e+00 1.000000e+00
<VARIANCE> 72
 1.000000e-03 1.000000e-03 1.000000e-03 1.000000e-03 1.149320e-02 1.439964e-01 1.845576e-01 1.027596e-01 1.000000e-03 1.000000e-03 1.000000e-03 1.000000e-03 8.436944e-02 1.439977e-01 1.959163e-01 2.109234e-01 1.000000e-03 1.000000e-03 1.000000e-03 1.149357e-02 8.437159e-02 1.654937e-01 1.959156e-01 1.903720e-01 1.000000e-03 1.000000e-03 1.000000e-03 1.000000e-03 1.000000e-03 1.362902e-01 2.234998e-01 1.721193e-01 1.000000e-03 1.000000e-03 1.000000e-03 1.000000e-03 1.000000e-03 3.366626e-02 2.153867e-01 2.433749e-01 1.000000e-03 1.000000e-03 1.000000e-03 1.000000e-03 1.000000e-03 1.000000e-03 1.115469e-01 2.336396e-01 1.000000e-03 1.000000e-03 1.000000e-03 1.000000e-03 1.000000e-03 1.000000e-03 1.000000e-03 1.283121e-01 1.000000e-03 1.000000e-03 1.000000e-03 1.000000e-03 1.000000e-03 1.000000e-03 1.000000e-03 3.366876e-02 1.000000e-03 1.000000e-03 1.000000e-03 1.000000e-03 1.000000e-03 1.000000e-03 1.000000e-03 1.000000e-03
<GCONST> -2.568274e+02
<STATE> 3
<MEAN> 72
 1.000000e+00 1.000000e+00 1.000000e+00 1.000000e+00 1.000000e+00 1.000000e+00 1.000000e+00 1.000000e+00 1.000000e+00 1.000000e+00 1.000000e+00 1.000000e+00 9.814795e-01 9.814795e-01 1.000000e+00 1.000000e+00 1.000000e+00 1.000000e+00 9.629645e-01 8.518512e-01 8.703686e-01 9.814795e-01 9.629616e-01 9.629616e-01 1.000000e+00 1.000000e+00 9.259273e-01 7.592568e-01 7.407426e-01 7.962982e-01 6.111069e-01 5.740699e-01 1.000000e+00 1.000000e+00 9.074060e-01 7.963007e-01 6.851874e-01 3.148029e-01 9.259129e-02 2.592584e-01 1.000000e+00 1.000000e+00 9.814801e-01 8.703722e-01 5.555536e-01 1.666702e-01 0.000000e+00 0.000000e+00 1.000000e+00 1.000000e+00 1.000000e+00 1.000000e+00 7.407432e-01 4.074106e-01 3.704049e-02 0.000000e+00 1.000000e+00 1.000000e+00 1.000000e+00 1.000000e+00 9.444454e-01 6.666687e-01 3.333401e-01 9.259636e-02 1.000000e+00 1.000000e+00 1.000000e+00 1.000000e+00 1.000000e+00 9.259276e-01 6.296302e-01 3.333376e-01
<VARIANCE> 72
 1.000000e-03 1.000000e-03 1.000000e-03 1.000000e-03 1.000000e-03 1.000000e-03 1.000000e-03 1.000000e-03 1.000000e-03 1.000000e-03 1.000000e-03 1.000000e-03 1.817746e-02 1.817746e-02 1.000000e-03 1.000000e-03 1.000000e-03 1.000000e-03 3.566384e-02 1.262007e-01 1.128272e-01 1.817746e-02 3.566653e-02 3.566653e-02 1.000000e-03 1.000000e-03 6.858596e-02 1.827859e-01 1.920430e-01 1.622074e-01 2.376552e-01 2.445137e-01 1.000000e-03 1.000000e-03 8.402032e-02 1.622059e-01 2.157056e-01 2.157021e-01 8.401813e-02 1.920435e-01 1.000000e-03 1.000000e-03 1.817690e-02 1.128245e-01 2.469139e-01 1.388912e-01 1.000000e-03 1.000000e-03 1.000000e-03 1.000000e-03 1.000000e-03 1.000000e-03 1.920427e-01 2.414272e-01 3.566850e-02 1.000000e-03 1.000000e-03 1.000000e-03 1.000000e-03 1.000000e-03 5.246828e-02 2.222216e-01 2.222245e-01 8.402231e-02 1.000000e-03 1.000000e-03 1.000000e-03 1.000000e-03 1.000000e-03 6.858567e-02 2.331960e-01 2.222237e-01
<GCONST> -2.086652e+02
<STATE> 4
<MEAN> 72
 1.000000e+00 1.000000e+00 1.000000e+00 1.000000e+00 1.000000e+00 1.000000e+00 1.000000e+00 1.000000e+00 1.000000e+00 1.000000e+00 1.000000e+00 1.000000e+00 1.000000e+00 1.000000e+00 1.000000e+00 1.000000e+00 1.000000e+00 1.000000e+00 9.772722e-01 1.000000e+00 1.000000e+00 1.000000e+00 1.000000e+00 1.000000e+00 1.000000e+00 9.545442e-01 9.772705e-01 9.772705e-01 1.000000e+00 1.000000e+00 1.000000e+00 1.000000e+00 9.545478e-01 8.636346e-01 7.727283e-01 9.545428e-01 9.318162e-01 9.318200e-01 9.772758e-01 1.000000e+00 9.772720e-01 8.181873e-01 7.045512e-01 6.590931e-01 5.454524e-01 5.000002e-01 7.045450e-01 1.000000e+00 9.318142e-01 8.181799e-01 6.590895e-01 3.181791e-01 6.818397e-02 1.136353e-01 2.727271e-01 6.818200e-01 1.000000e+00 9.090864e-01 7.272749e-01 2.727256e-01 0.000000e+00 0.000000e+00 9.090776e-02 3.863576e-01 1.000000e+00 1.000000e+00 8.863648e-01 5.909067e-01 2.272732e-01 2.272963e-02 2.272776e-02 1.590925e-01
<VARIANCE> 72
 1.000000e-03 1.000000e-03 1.000000e-03 1.000000e-03 1.000000e-03 1.000000e-03 1.000000e-03 1.000000e-03 1.000000e-03 1.000000e-03 1.000000e-03 1.000000e-03 1.000000e-03 1.000000e-03 1.000000e-03 1.000000e-03 1.000000e-03 1.000000e-03 2.221121e-02 1.000000e-03 1.000000e-03 1.000000e-03 1.000000e-03 1.000000e-03 1.000000e-03 4.338954e-02 2.221283e-02 2.221283e-02 1.000000e-03 1.000000e-03 1.000000e-03 1.000000e-03 4.338630e-02 1.177698e-01 1.756193e-01 4.339087e-02 6.353477e-02 6.353145e-02 2.220779e-02 1.000000e-03 2.221145e-02 1.487568e-01 2.081589e-01 2.246894e-01 2.479341e-01 2.500001e-01 2.081614e-01 1.000000e-03 6.353652e-02 1.487615e-01 2.246905e-01 2.169412e-01 6.353492e-02 1.007223e-01 1.983470e-01 2.169415e-01 1.000000e-03 8.264831e-02 1.983462e-01 1.983464e-01 1.000000e-03 1.000000e-03 8.264355e-02 2.370854e-01 1.000000e-03 1.000000e-03 1.007223e-01 2.417360e-01 1.756201e-01 2.221299e-02 2.221121e-02 1.337821e-01
<GCONST> -1.972237e+02
<STATE> 5
<MEAN> 72
 1.000000e+00 1.000000e+00 1.000000e+00 1.000000e+00 1.000000e+00 1.000000e+00 1.000000e+00 1.000000e+00 1.000000e+00 1.000000e+00 1.000000e+00 1.000000e+00 1.000000e+00 1.000000e+00 1.000000e+00 1.000000e+00 1.000000e+00 1.000000e+00 1.000000e+00 1.000000e+00 1.000000e+00 1.000000e+00 1.000000e+00 1.000000e+00 1.000000e+00 1.000000e+00 1.000000e+00 1.000000e+00 1.000000e+00 1.000000e+00 1.000000e+00 1.000000e+00 1.000000e+00 1.000000e+00 1.000000e+00 1.000000e+00 1.000000e+00 1.000000e+00 1.000000e+00 1.000000e+00 9.322031e-01 1.000000e+00 1.000000e+00 1.000000e+00 1.000000e+00 1.000000e+00 1.000000e+00 1.000000e+00 8.813556e-01 9.152557e-01 9.321994e-01 9.152536e-01 8.983053e-01 1.000000e+00 1.000000e+00 1.000000e+00 7.796573e-01 6.440694e-01 6.271155e-01 5.932195e-01 5.932177e-01 7.796631e-01 1.000000e+00 1.000000e+00 6.610226e-01 4.406811e-01 1.355918e-01 1.864381e-01 3.050786e-01 6.271147e-01 7.627099e-01 1.000000e+00
<VARIANCE> 72
 1.000000e-03 1.000000e-03 1.000000e-03 1.000000e-03 1.000000e-03 1.000000e-03 1.000000e-03 1.000000e-03 1.000000e-03 1.000000e-03 1.000000e-03 1.000000e-03 1.000000e-03 1.000000e-03 1.000000e-03 1.000000e-03 1.000000e-03 1.000000e-03 1.000000e-03 1.000000e-03 1.000000e-03 1.000000e-03 1.000000e-03 1.000000e-03 1.000000e-03 1.000000e-03 1.000000e-03 1.000000e-03 1.000000e-03 1.000000e-03 1.000000e-03 1.000000e-03 1.000000e-03 1.000000e-03 1.000000e-03 1.000000e-03 1.000000e-03 1.000000e-03 1.000000e-03 1.000000e-03 6.320046e-02 1.000000e-03 1.000000e-03 1.000000e-03 1.000000e-03 1.000000e-03 1.000000e-03 1.000000e-03 1.045679e-01 7.756271e-02 6.320367e-02 7.756445e-02 9.135287e-02 1.000000e-03 1.000000e-03 1.000000e-03 1.717918e-01 2.292440e-01 2.338416e-01 2.413102e-01 2.413105e-01 1.717885e-01 1.000000e-03 1.000000e-03 2.240717e-01 2.464813e-01 1.172067e-01 1.516790e-01 2.120057e-01 2.338419e-01 1.809835e-01 1.000000e-03
<GCONST> -2.700030e+02
<STATE> 6
<MEAN> 72
 1.000000e+00 1.000000e+00 1.000000e+00 1.000000e+00 1.000000e+00 1.000000e+00 1.000000e+00 1.000000e+00 1.000000e+00 1.000000e+00 1.000000e+00 1.000000e+00 1.000000e+00 1.000000e+00 1.000000e+00 1.000000e+00 1.000000e+00 1.000000e+00 1.000000e+00 1.000000e+00 1.000000e+00 1.000000e+00 1.000000e+00 1.000000e+00 1.000000e+00 1.000000e+00 1.000000e+00 1.000000e+00 1.000000e+00 1.000000e+00 1.000000e+00 1.000000e+00 1.000000e+00 1.000000e+00 1.000000e+00 1.000000e+00 1.000000e+00 1.000000e+00 1.000000e+00 1.000000e+00 1.000000e+00 1.000000e+00 1.000000e+00 1.000000e+00 1.000000e+00 1.000000e+00 1.000000e+00 1.000000e+00 1.000000e+00 1.000000e+00 1.000000e+00 1.000000e+00 1.000000e+00 1.000000e+00 1.000000e+00 1.000000e+00 1.000000e+00 1.000000e+00 1.000000e+00 1.000000e+00 1.000000e+00 1.000000e+00 1.000000e+00 1.000000e+00 1.000000e+00 1.000000e+00 1.000000e+00 1.000000e+00 1.000000e+00 1.000000e+00 1.000000e+00 1.000000e+00
<VARIANCE> 72
 1.000000e-03 1.000000e-03 1.000000e-03 1.000000e-03 1.000000e-03 1.000000e-03 1.000000e-03 1.000000e-03 1.000000e-03 1.000000e-03 1.000000e-03 1.000000e-03 1.000000e-03 1.000000e-03 1.000000e-03 1.000000e-03 1.000000e-03 1.000000e-03 1.000000e-03 1.000000e-03 1.000000e-03 1.000000e-03 1.000000e-03 1.000000e-03 1.000000e-03 1.000000e-03 1.000000e-03 1.000000e-03 1.000000e-03 1.000000e-03 1.000000e-03 1.000000e-03 1.000000e-03 1.000000e-03 1.000000e-03 1.000000e-03 1.000000e-03 1.000000e-03 1.000000e-03 1.000000e-03 1.000000e-03 1.000000e-03 1.000000e-03 1.000000e-03 1.000000e-03 1.000000e-03 1.000000e-03 1.000000e-03 1.000000e-03 1.000000e-03 1.000000e-03 1.000000e-03 1.000000e-03 1.000000e-03 1.000000e-03 1.000000e-03 1.000000e-03 1.000000e-03 1.000000e-03 1.000000e-03 1.000000e-03 1.000000e-03 1.000000e-03 1.000000e-03 1.000000e-03 1.000000e-03 1.000000e-03 1.000000e-03 1.000000e-03 1.000000e-03 1.000000e-03 1.000000e-03
<GCONST> -3.650312e+02
<STATE> 7
<MEAN> 72
 1.000000e+00 1.000000e+00 1.000000e+00 1.000000e+00 1.000000e+00 1.000000e+00 1.000000e+00 1.000000e+00 1.000000e+00 1.000000e+00 1.000000e+00 1.000000e+00 1.000000e+00 1.000000e+00 1.000000e+00 1.000000e+00 1.000000e+00 1.000000e+00 1.000000e+00 1.000000e+00 1.000000e+00 1.000000e+00 1.000000e+00 1.000000e+00 1.000000e+00 1.000000e+00 1.000000e+00 1.000000e+00 1.000000e+00 1.000000e+00 1.000000e+00 1.000000e+00 1.000000e+00 1.000000e+00 1.000000e+00 1.000000e+00 1.000000e+00 1.000000e+00 1.000000e+00 1.000000e+00 1.000000e+00 1.000000e+00 1.000000e+00 1.000000e+00 1.000000e+00 1.000000e+00 1.000000e+00 1.000000e+00 1.000000e+00 1.000000e+00 1.000000e+00 1.000000e+00 1.000000e+00 1.000000e+00 1.000000e+00 1.000000e+00 1.000000e+00 1.000000e+00 1.000000e+00 1.000000e+00 1.000000e+00 1.000000e+00 1.000000e+00 1.000000e+00 1.000000e+00 1.000000e+00 1.000000e+00 1.000000e+00 1.000000e+00 1.000000e+00 1.000000e+00 1.000000e+00
<VARIANCE> 72
 1.000000e-03 1.000000e-03 1.000000e-03 1.000000e-03 1.000000e-03 1.000000e-03 1.000000e-03 1.000000e-03 1.000000e-03 1.000000e-03 1.000000e-03 1.000000e-03 1.000000e-03 1.000000e-03 1.000000e-03 1.000000e-03 1.000000e-03 1.000000e-03 1.000000e-03 1.000000e-03 1.000000e-03 1.000000e-03 1.000000e-03 1.000000e-03 1.000000e-03 1.000000e-03 1.000000e-03 1.000000e-03 1.000000e-03 1.000000e-03 1.000000e-03 1.000000e-03 1.000000e-03 1.000000e-03 1.000000e-03 1.000000e-03 1.000000e-03 1.000000e-03 1.000000e-03 1.000000e-03 1.000000e-03 1.000000e-03 1.000000e-03 1.000000e-03 1.000000e-03 1.000000e-03 1.000000e-03 1.000000e-03 1.000000e-03 1.000000e-03 1.000000e-03 1.000000e-03 1.000000e-03 1.000000e-03 1.000000e-03 1.000000e-03 1.000000e-03 1.000000e-03 1.000000e-03 1.000000e-03 1.000000e-03 1.000000e-03 1.000000e-03 1.000000e-03 1.000000e-03 1.000000e-03 1.000000e-03 1.000000e-03 1.000000e-03 1.000000e-03 1.000000e-03 1.000000e-03
<GCONST> -3.650312e+02
<TRANSP> 8
 0.000000e+00 1.000000e+00 0.000000e+00 0.000000e+00 0.000000e+00 0.000000e+00 0.000000e+00 0.000000e+00
 0.000000e+00 7.558131e-01 2.441869e-01 0.000000e+00 0.000000e+00 0.000000e+00 0.000000e+00 0.000000e+00
 0.000000e+00 0.000000e+00 6.111109e-01 3.888892e-01 0.000000e+00 0.000000e+00 0.000000e+00 0.000000e+00
 0.000000e+00 0.000000e+00 0.000000e+00 5.227311e-01 4.772689e-01 0.000000e+00 0.000000e+00 0.000000e+00
 0.000000e+00 0.000000e+00 0.000000e+00 0.000000e+00 6.440660e-01 3.559340e-01 0.000000e+00 0.000000e+00
 0.000000e+00 0.000000e+00 0.000000e+00 0.000000e+00 0.000000e+00 8.500003e-01 1.499998e-01 0.000000e+00
 0.000000e+00 0.000000e+00 0.000000e+00 0.000000e+00 0.000000e+00 0.000000e+00 0.000000e+00 1.000000e+00
 0.000000e+00 0.000000e+00 0.000000e+00 0.000000e+00 0.000000e+00 0.000000e+00 0.000000e+00 0.000000e+00
<ENDHMM>
