~o
<STREAMINFO> 1 142
<VECSIZE> 142<NULLD><USER><DIAGC>
~h "adult"
<BEGINHMM>
<NUMSTATES> 4
<STATE> 2
<MEAN> 142
 5.571269e-01 4.772750e-01 3.311224e-01 3.385751e-01 3.739418e-01 2.786219e-01 3.472792e-01 4.216004e-01 4.213364e-01 4.907220e-01 5.000167e-01 4.659246e-01 4.040551e-01 4.517773e-01 3.592920e-01 3.783695e-01 4.037885e-01 4.820556e-01 2.548220e-01 3.859027e-01 4.062043e-01 4.694298e-01 3.689400e-01 4.903567e-01 4.554890e-01 4.597688e-01 3.937055e-01 3.862935e-01 5.104263e-01 3.681090e-01 4.119096e-01 5.022085e-01 3.583681e-01 5.806282e-01 4.595990e-01 4.366228e-01 3.766870e-01 4.883186e-01 4.695758e-01 3.502987e-01 5.213212e-01 5.452626e-01 4.028844e-01 3.168440e-01 1.971747e-01 4.111051e-01 4.058658e-01 5.126457e-01 3.793512e-01 3.096337e-01 4.505981e-01 4.325885e-01 5.209551e-01 3.088266e-01 3.833859e-01 4.038268e-01 4.181380e-01 3.315371e-01 3.077510e-01 2.837611e-01 4.129349e-01 5.309677e-01 5.080965e-01 4.997125e-01 5.317796e-01 4.179407e-01 3.838006e-01 3.446055e-01 3.486991e-01 4.276203e-01 4.446514e-01 4.474128e-01 4.430440e-01 3.808783e-01 3.263222e-01 4.518223e-01 4.351667e-01 4.548096e-01 4.924897e-01 4.413016e-01 5.759491e-01 4.082786e-01 4.699268e-01 3.507942e-01 3.322783e-01 3.485542e-01 4.715078e-01 5.227200e-01 4.705536e-01 2.970042e-01 4.459622e-01 2.866139e-01 5.046545e-01 3.644954e-01 3.936129e-01 5.445508e-01 4.647810e-01 4.290032e-01 5.671085e-01 4.672529e-01 4.585924e-01 4.499190e-01 4.182101e-01 4.301563e-01 3.544789e-01 3.118402e-01 4.271493e-01 4.514078e-01 3.620495e-01 3.063002e-01 4.479058e-01 3.939992e-01 3.147976e-01 4.566072e-01 4.170029e-01 4.868670e-01 4.719983e-01 4.728208e-01 5.411605e-01 4.054753e-01 4.711410e-01 4.798527e-01 4.585323e-01 3.775400e-01 4.301526e-01 3.933543e-01 4.233707e-01 5.625058e-01 5.128908e-01 3.997421e-01 4.405718e-01 4.777546e-01 4.414449e-01 5.041471e-01 4.544550e-01 4.355706e-01 3.412279e-01 4.166107e-01 4.031251e-01 4.662218e-01 4.915709e-01 3.970069e-01
<VARIANCE> 142
 1.877259e-02 6.410633e-03 8.370612e-03 1.097546e-02 2.964078e-02 1.214018e-02 2.775498e-03 1.885346e-02 1.183427e-02 8.157983e-03 1.201967e-02 1.554648e-03 7.131752e-03 1.299650e-03 1.930881e-02 9.167440e-03 3.317598e-03 1.098275e-02 2.036149e-03 4.658374e-03 2.080997e-03 1.169685e-02 3.911551e-03 1.577168e-02 3.644664e-03 7.886454e-03 9.956287e-03 1.217563e-02 6.015205e-03 9.498531e-03 2.086596e-03 9.256721e-03 8.942752e-03 1.391582e-02 4.124603e-03 1.090987e-02 3.101688e-02 1.942004e-02 3.060083e-02 2.688863e-03 1.535910e-02 8.501393e-03 2.082020e-02 3.679247e-03 5.770814e-03 6.245374e-03 5.788609e-03 4.302035e-03 7.372146e-03 8.345075e-03 8.470594e-03 2.496075e-03 5.703274e-03 5.913888e-03 4.706100e-03 9.715224e-03 1.540942e-03 1.227223e-02 7.402061e-03 1.941352e-02 6.393415e-03 3.005387e-02 8.781091e-03 3.975410e-03 2.744430e-02 1.034543e-03 8.956999e-03 2.660502e-03 4.821646e-03 4.621376e-03 6.491103e-03 5.261880e-03 3.497106e-03 3.716149e-03 1.183330e-02 3.221353e-03 1.068701e-03 5.241194e-02 2.113554e-03 1.384136e-02 2.875153e-02 2.563785e-02 6.869605e-03 4.368071e-03 1.317121e-02 4.799874e-03 4.891935e-03 9.795120e-03 2.393564e-03 5.170732e-03 9.449559e-03 1.126155e-02 2.458874e-02 6.342024e-03 8.997144e-03 1.052197e-02 7.893762e-03 1.394790e-02 4.757743e-02 5.178876e-03 1.253245e-02 8.070822e-03 1.530899e-02 1.452343e-02 6.543984e-03 8.297775e-03 3.094482e-03 4.373589e-03 9.364515e-03 1.932886e-03 1.000000e-03 1.008354e-02 1.000000e-03 5.067857e-02 2.343357e-03 1.041143e-02 2.068849e-02 3.670333e-02 8.292117e-03 1.150180e-02 1.548938e-02 1.470873e-03 1.433580e-02 3.812873e-02 8.771207e-03 1.000000e-03 1.932696e-02 2.438892e-02 1.830727e-02 1.428464e-03 2.022943e-03 2.366892e-02 1.346710e-02 1.574005e-03 3.284631e-02 3.789671e-02 6.243822e-03 1.292463e-02 9.191381e-03 1.493187e-02 1.081973e-02 1.504608e-03
<GCONST> -4.317840e+02
<STATE> 3
<MEAN> 142
 7.927589e-01 3.253762e-01 3.313154e-01 3.268789e-01 2.854899e-01 4.036002e-01 4.022565e-01 3.524431e-01 3.383242e-01 4.606060e-01 3.770882e-01 4.516532e-01 4.024014e-01 4.194752e-01 2.155954e-01 3.373376e-01 3.625475e-01 3.997937e-01 2.869426e-01 3.965483e-01 4.249213e-01 4.661964e-01 3.914663e-01 4.373822e-01 4.109023e-01 3.722471e-01 3.624574e-01 3.473460e-01 3.701285e-01 3.294800e-01 4.372152e-01 4.507313e-01 4.534876e-01 4.672443e-01 4.356453e-01 3.847866e-01 2.633986e-01 3.590524e-01 3.238888e-01 3.168390e-01 3.575471e-01 4.539514e-01 2.674772e-01 4.295110e-01 2.319897e-01 4.363159e-01 4.071261e-01 4.100350e-01 3.510030e-01 2.726213e-01 4.884529e-01 4.180996e-01 4.291388e-01 2.707893e-01 4.562702e-01 2.988533e-01 4.183086e-01 3.584101e-01 3.541670e-01 2.501952e-01 4.702554e-01 4.738889e-01 3.735233e-01 4.169059e-01 3.612348e-01 4.064350e-01 3.794414e-01 3.514228e-01 4.683482e-01 3.929302e-01 4.882849e-01 5.269665e-01 4.628157e-01 3.923244e-01 3.689206e-01 3.405735e-01 4.719899e-01 4.016116e-01 4.788668e-01 3.953286e-01 4.276104e-01 3.480718e-01 4.174663e-01 4.074283e-01 2.707969e-01 4.900255e-01 3.977314e-01 4.380422e-01 4.490137e-01 3.720755e-01 3.990208e-01 3.439900e-01 3.904071e-01 3.212504e-01 3.176843e-01 4.868253e-01 3.462166e-01 3.254516e-01 4.765849e-01 3.808205e-01 3.515819e-01 4.586172e-01 3.135040e-01 3.750978e-01 2.832726e-01 3.118581e-01 4.353413e-01 3.079352e-01 4.025652e-01 3.593339e-01 4.143788e-01 3.549378e-01 3.052814e-01 3.183003e-01 3.799115e-01 3.803104e-01 3.624495e-01 3.742085e-01 4.549983e-01 3.856294e-01 4.117113e-01 4.908771e-01 4.359585e-01 4.383792e-01 4.280593e-01 3.859051e-01 3.987309e-01 3.689345e-01 3.792531e-01 4.389972e-01 3.817804e-01 3.410241e-01 4.827797e-01 3.732558e-01 3.667743e-01 3.706397e-01 4.466689e-01 3.567863e-01 3.712737e-01 3.187847e-01 5.055611e-01 3.953858e-01
<VARIANCE> 142
 3.572448e-02 4.028788e-03 4.657567e-03 2.317970e-03 6.788917e-03 2.505127e-02 9.501753e-03 3.800481e-03 2.548295e-03 1.300760e-02 2.585955e-03 1.000000e-03 1.305191e-03 1.000000e-03 4.355201e-03 2.566339e-03 1.000000e-03 7.128031e-03 1.000000e-03 3.919326e-03 1.088442e-02 4.462223e-03 1.147499e-02 3.204374e-03 1.620828e-03 1.089265e-02 5.700395e-03 1.671535e-03 8.097279e-03 3.685985e-03 1.000000e-03 9.886017e-03 3.032814e-02 5.820431e-03 2.549161e-03 1.903200e-03 7.574372e-03 1.842940e-02 8.741710e-03 8.013842e-03 1.051518e-02 3.245338e-03 4.802177e-03 9.130076e-03 1.000000e-03 1.582605e-02 4.699110e-03 2.728043e-03 4.689096e-03 1.695782e-03 3.226463e-03 7.005639e-03 2.764603e-03 3.965506e-03 1.204128e-02 7.503781e-03 1.791151e-03 6.102890e-03 2.022344e-03 1.761403e-03 9.740873e-03 3.289256e-03 5.386353e-03 1.000000e-03 5.417880e-03 4.388917e-03 1.029033e-02 1.289430e-03 8.152691e-03 8.195258e-03 2.422849e-03 2.505878e-02 2.288070e-03 1.576027e-03 6.699902e-03 2.495581e-03 8.819658e-03 2.131584e-02 5.300237e-03 1.506882e-03 4.786656e-03 3.244750e-03 1.155108e-02 1.459920e-02 2.020379e-03 3.032361e-02 2.798005e-03 1.579245e-03 1.385848e-03 4.233366e-03 1.057226e-03 1.235904e-02 5.087799e-03 1.000000e-03 3.502223e-03 4.815587e-03 1.821668e-03 7.956491e-03 3.755012e-02 6.382270e-03 6.776501e-03 5.687509e-03 5.055721e-03 1.589155e-03 2.096664e-03 7.937893e-03 1.136043e-03 1.099396e-02 2.063903e-03 1.000000e-03 1.000000e-03 1.478909e-03 1.000000e-03 7.443769e-03 7.107482e-03 1.249134e-02 8.771950e-03 3.827591e-03 8.091140e-03 2.268306e-03 2.392763e-03 2.063061e-02 5.027944e-03 1.815059e-02 3.823592e-03 2.807777e-03 1.871373e-03 9.525479e-03 7.613094e-03 1.145248e-03 1.461230e-03 7.102724e-03 6.751832e-03 1.571183e-03 5.682370e-03 4.937339e-03 9.215438e-03 1.277398e-03 2.585859e-03 2.799882e-03 1.718273e-03 1.706457e-02
<GCONST> -5.129344e+02
<TRANSP> 4
 0.000000e+00 1.000000e+00 0.000000e+00 0.000000e+00
 0.000000e+00 5.000000e-01 5.000000e-01 0.000000e+00
 0.000000e+00 0.000000e+00 5.000000e-01 5.000000e-01
 0.000000e+00 0.000000e+00 0.000000e+00 0.000000e+00
<ENDHMM>
