~o
<STREAMINFO> 1 142
<VECSIZE> 142<NULLD><USER><DIAGC>
~h "america"
<BEGINHMM>
<NUMSTATES> 4
<STATE> 2
<MEAN> 142
 5.273989e-01 3.070438e-01 3.380223e-01 3.114940e-01 3.078649e-01 5.336845e-01 4.257925e-01 4.208231e-01 4.382390e-01 4.545498e-01 4.119861e-01 4.285968e-01 5.217518e-01 4.770816e-01 4.879258e-01 4.077872e-01 4.188194e-01 3.607667e-01 3.447711e-01 4.009005e-01 4.548434e-01 4.155772e-01 3.286861e-01 4.060674e-01 4.424883e-01 4.829486e-01 3.966214e-01 3.865454e-01 3.725562e-01 5.064534e-01 5.050304e-01 3.837574e-01 3.628337e-01 4.685785e-01 4.119430e-01 4.703786e-01 4.139604e-01 5.407556e-01 3.952926e-01 5.390109e-01 5.249025e-01 3.547660e-01 3.542981e-01 4.462412e-01 3.038817e-01 3.374001e-01 3.746609e-01 5.556308e-01 5.490156e-01 3.782674e-01 5.304151e-01 5.378684e-01 5.273560e-01 3.265724e-01 4.058977e-01 2.854843e-01 4.711125e-01 3.770578e-01 4.417967e-01 3.962053e-01 5.356995e-01 4.177280e-01 3.674440e-01 4.606704e-01 4.893025e-01 3.821648e-01 6.005315e-01 5.122083e-01 4.519770e-01 5.772527e-01 4.462485e-01 4.841740e-01 4.382522e-01 3.904971e-01 4.257259e-01 5.046856e-01 4.266412e-01 2.719240e-01 4.666517e-01 3.354706e-01 4.828079e-01 3.777011e-01 5.131639e-01 4.505466e-01 4.099366e-01 4.581253e-01 4.227152e-01 4.302888e-01 5.291659e-01 4.537914e-01 3.172213e-01 4.655879e-01 4.504185e-01 3.538513e-01 3.866032e-01 4.559579e-01 4.562886e-01 4.323266e-01 4.694079e-01 4.522217e-01 3.833003e-01 4.302090e-01 3.351099e-01 4.378838e-01 3.716473e-01 2.831020e-01 4.474984e-01 4.386968e-01 5.261149e-01 4.978455e-01 4.257963e-01 3.902683e-01 3.382739e-01 3.798141e-01 3.311383e-01 4.806378e-01 3.958234e-01 3.512909e-01 3.696175e-01 3.725719e-01 4.151958e-01 3.482744e-01 3.101256e-01 4.873313e-01 4.488056e-01 2.907883e-01 4.543332e-01 4.693772e-01 3.087791e-01 4.236725e-01 4.256661e-01 3.940448e-01 4.549917e-01 4.296668e-01 4.174501e-01 4.599053e-01 4.883977e-01 4.569506e-01 5.484316e-01 3.790914e-01 3.813834e-01 3.435510e-01
<VARIANCE> 142
 1.017412e-02 8.027778e-03 9.648513e-03 2.003449e-03 4.216679e-03 2.596239e-02 9.007322e-03 2.531332e-02 8.823284e-03 1.504460e-03 7.473096e-03 2.110464e-02 2.706217e-02 7.473343e-03 1.631927e-02 1.944247e-02 7.032792e-03 1.127795e-02 3.194520e-02 9.051521e-03 7.377020e-03 1.284625e-02 9.335603e-03 4.978653e-03 1.096107e-02 2.605908e-02 2.341553e-02 5.752784e-03 3.896314e-03 3.402590e-02 4.340536e-03 1.005280e-02 1.992746e-02 7.037343e-03 1.000000e-03 1.545764e-02 1.263366e-02 4.499371e-02 4.844090e-03 4.918825e-02 2.227485e-02 3.976674e-03 8.419293e-03 1.671360e-02 4.513186e-03 7.220815e-03 7.456723e-03 2.696906e-02 2.112150e-02 8.176254e-03 8.406798e-03 5.484315e-02 1.338179e-02 9.966401e-03 5.425780e-03 1.328861e-03 2.464008e-02 3.650471e-02 1.098509e-02 6.638413e-03 1.038815e-02 5.299180e-03 2.365311e-03 1.017024e-02 1.222390e-02 4.357005e-03 5.145992e-02 2.170601e-02 1.399432e-02 1.810438e-02 3.209458e-03 2.609442e-02 1.300895e-03 2.539774e-03 6.995440e-03 1.226249e-02 5.955374e-03 1.479895e-02 6.679873e-03 1.526640e-02 1.164858e-02 2.945268e-03 2.863050e-02 7.476006e-03 5.000236e-03 2.006611e-02 6.857576e-03 3.847753e-03 3.089502e-03 1.248708e-02 2.189802e-02 2.022743e-02 1.117303e-02 8.162190e-03 9.084177e-03 9.910197e-03 1.595712e-02 2.378598e-02 1.539375e-02 7.252839e-03 1.541577e-02 8.646937e-03 8.349479e-03 1.837633e-02 1.065706e-02 1.008070e-03 9.101999e-03 1.433865e-02 1.468208e-02 5.557573e-02 1.178669e-02 1.470892e-02 7.760921e-03 4.881224e-03 3.614006e-03 2.600065e-02 1.998896e-02 1.532625e-02 3.550437e-03 1.817620e-02 5.611909e-03 1.046563e-02 8.942006e-03 6.263577e-02 2.567266e-02 4.338903e-03 1.026754e-02 2.159539e-02 1.630897e-02 2.033006e-02 2.426632e-02 1.257320e-02 3.271904e-02 2.700748e-02 1.017999e-02 1.005175e-02 9.000571e-03 1.215202e-02 3.947371e-02 2.807052e-03 9.391530e-03 1.194724e-02
<GCONST> -3.853367e+02
<STATE> 3
<MEAN> 142
 5.348760e-01 3.820943e-01 3.455678e-01 3.123420e-01 2.950933e-01 3.092937e-01 3.631975e-01 3.054284e-01 4.153692e-01 4.251417e-01 4.267169e-01 4.495524e-01 3.862535e-01 4.451095e-01 3.915371e-01 3.026265e-01 4.055161e-01 3.736303e-01 2.902792e-01 3.043090e-01 4.351621e-01 4.631383e-01 3.344495e-01 4.638659e-01 4.428674e-01 3.801820e-01 3.560340e-01 3.958688e-01 4.577856e-01 4.505489e-01 4.858775e-01 3.923931e-01 4.040256e-01 4.468884e-01 4.252108e-01 3.714420e-01 3.761139e-01 3.281281e-01 3.716241e-01 3.889222e-01 3.881274e-01 4.255636e-01 3.620026e-01 2.795382e-01 2.340376e-01 3.621309e-01 4.603469e-01 4.306895e-01 4.087537e-01 3.602165e-01 4.800099e-01 3.354757e-01 4.414963e-01 2.829725e-01 3.963851e-01 3.523273e-01 3.914294e-01 3.359424e-01 3.404099e-01 3.601167e-01 4.104901e-01 4.368322e-01 3.716274e-01 3.969844e-01 3.848069e-01 4.378741e-01 3.475298e-01 3.824969e-01 4.213432e-01 3.962849e-01 4.305329e-01 4.174212e-01 4.112875e-01 4.417648e-01 3.143716e-01 3.333377e-01 4.375208e-01 5.068968e-01 4.314871e-01 3.762209e-01 4.581314e-01 3.897518e-01 3.911326e-01 4.108244e-01 3.753422e-01 3.976082e-01 4.150404e-01 4.420770e-01 4.465590e-01 3.686397e-01 3.566587e-01 2.841788e-01 4.299047e-01 3.449654e-01 4.728615e-01 4.560449e-01 4.487443e-01 3.118467e-01 4.416836e-01 4.969591e-01 4.176550e-01 4.485747e-01 3.652059e-01 3.760244e-01 2.680059e-01 2.573860e-01 3.436881e-01 4.302596e-01 3.685847e-01 3.818409e-01 4.028715e-01 3.794492e-01 3.611330e-01 3.701256e-01 3.337002e-01 4.718458e-01 3.534547e-01 4.385511e-01 4.695984e-01 4.168570e-01 3.938657e-01 4.608845e-01 3.993939e-01 3.828785e-01 3.919645e-01 4.067287e-01 4.434357e-01 3.581520e-01 3.947279e-01 4.030897e-01 3.761468e-01 4.633063e-01 3.116235e-01 3.929273e-01 4.897641e-01 4.215353e-01 4.154783e-01 4.548904e-01 3.597994e-01 4.150957e-01 4.083754e-01 4.579105e-01
<VARIANCE> 142
 6.005915e-03 1.226716e-02 6.643123e-03 4.287747e-03 3.542381e-03 3.722946e-02 1.946544e-02 7.762494e-03 3.275878e-03 2.338120e-03 2.236739e-02 1.233398e-02 6.306704e-03 2.025818e-02 7.330194e-03 6.151918e-03 6.957823e-03 6.183897e-03 6.824028e-03 8.693104e-03 8.907045e-03 8.859119e-03 1.019621e-02 2.884217e-03 2.912081e-03 1.083720e-02 1.239887e-02 2.018672e-02 4.882103e-03 1.134627e-02 6.829305e-03 3.664604e-03 1.224435e-02 2.121387e-03 1.000000e-03 1.491557e-02 9.782157e-03 6.681581e-03 6.032712e-03 3.251467e-02 6.483929e-03 1.220307e-02 1.008184e-02 5.764285e-03 1.189409e-02 4.254331e-03 5.349294e-03 7.225752e-03 4.637901e-03 1.042062e-02 1.527389e-02 6.596633e-03 9.392785e-03 9.449438e-03 2.695353e-03 4.864913e-03 1.698856e-02 1.249294e-02 1.679293e-02 1.608294e-02 2.194063e-02 5.841566e-03 2.980935e-03 2.503663e-03 1.265007e-02 4.483691e-03 1.633709e-02 1.780488e-02 8.908641e-03 1.221402e-02 5.786520e-03 3.347316e-02 4.305170e-03 7.253117e-03 9.926376e-03 9.219129e-03 6.108773e-03 4.209608e-02 1.034929e-02 1.650812e-02 7.466095e-03 1.390898e-02 8.593581e-03 6.188789e-03 1.946878e-02 1.140377e-02 4.537063e-03 3.449247e-03 4.096116e-03 2.455816e-02 9.135153e-03 2.079604e-02 6.029261e-03 6.920461e-03 1.843160e-02 6.222795e-03 1.093035e-02 2.752773e-03 5.293564e-03 8.421985e-03 1.883600e-02 6.318092e-03 1.086210e-02 1.656228e-02 5.573774e-03 4.078918e-03 6.682893e-03 4.821908e-03 9.502174e-03 1.791004e-02 8.911233e-03 1.473237e-02 9.196842e-03 9.280037e-03 1.570153e-03 1.538401e-02 1.650095e-02 1.670725e-02 3.518212e-03 9.631695e-03 1.950672e-02 8.787574e-03 1.267189e-02 6.350726e-02 1.334060e-02 2.888811e-03 1.134678e-02 1.263849e-02 1.021565e-02 1.275760e-02 2.547380e-02 1.195426e-02 1.505684e-02 1.554801e-02 1.369884e-02 1.425310e-02 1.662068e-02 3.208651e-03 2.094695e-02 6.834407e-03 8.995363e-03 1.648098e-02
<GCONST> -4.097715e+02
<TRANSP> 4
 0.000000e+00 1.000000e+00 0.000000e+00 0.000000e+00
 0.000000e+00 5.000000e-01 5.000000e-01 0.000000e+00
 0.000000e+00 0.000000e+00 5.000000e-01 5.000000e-01
 0.000000e+00 0.000000e+00 0.000000e+00 0.000000e+00
<ENDHMM>
