~o
<STREAMINFO> 1 142
<VECSIZE> 142<NULLD><USER><DIAGC>
~h "apologize"
<BEGINHMM>
<NUMSTATES> 4
<STATE> 2
<MEAN> 142
 4.847842e-01 4.088414e-01 3.962358e-01 5.104436e-01 4.184295e-01 3.503520e-01 4.289665e-01 2.948686e-01 3.659961e-01 4.260955e-01 4.771436e-01 3.822336e-01 3.488613e-01 5.372504e-01 4.268277e-01 3.804706e-01 3.388942e-01 3.382809e-01 3.323853e-01 2.477090e-01 5.708806e-01 5.888906e-01 4.240501e-01 5.067700e-01 5.533054e-01 3.130840e-01 5.386048e-01 3.257957e-01 4.828873e-01 4.166695e-01 5.686067e-01 3.882954e-01 4.193234e-01 4.206769e-01 4.361499e-01 3.464203e-01 5.250965e-01 3.347401e-01 4.668176e-01 4.265251e-01 3.884103e-01 4.496318e-01 3.602559e-01 3.053215e-01 2.389861e-01 3.211252e-01 6.101264e-01 3.678460e-01 5.195813e-01 4.269643e-01 4.882796e-01 3.120812e-01 4.305008e-01 2.223659e-01 4.351651e-01 5.021872e-01 4.129887e-01 4.304495e-01 4.452079e-01 5.701248e-01 3.572411e-01 4.149911e-01 3.826236e-01 3.792654e-01 3.274397e-01 4.570670e-01 3.354674e-01 4.853679e-01 4.517732e-01 3.595597e-01 3.482871e-01 3.386401e-01 3.417585e-01 4.208512e-01 3.059883e-01 3.185791e-01 4.848185e-01 5.442072e-01 4.469285e-01 4.913670e-01 5.312983e-01 4.120359e-01 4.058914e-01 5.035207e-01 4.566019e-01 3.666870e-01 4.250632e-01 4.092031e-01 5.191343e-01 3.949787e-01 3.490789e-01 3.531767e-01 4.615759e-01 3.232895e-01 5.559128e-01 4.704713e-01 4.287528e-01 2.989328e-01 5.009462e-01 4.626033e-01 4.662665e-01 5.160148e-01 3.426831e-01 3.083357e-01 4.454676e-01 3.150975e-01 3.195936e-01 3.615398e-01 5.167371e-01 4.960399e-01 3.305968e-01 3.948516e-01 5.147445e-01 3.959944e-01 3.458931e-01 3.064487e-01 3.893177e-01 5.719618e-01 4.159687e-01 4.908307e-01 4.175617e-01 4.252238e-01 4.606056e-01 3.093046e-01 3.390209e-01 3.313646e-01 4.327865e-01 3.610133e-01 3.236729e-01 3.601416e-01 4.265782e-01 5.027617e-01 2.459977e-01 4.304988e-01 4.384471e-01 5.650577e-01 4.092031e-01 4.505257e-01 4.186723e-01 4.577793e-01 4.565546e-01 4.836607e-01
<VARIANCE> 142
 3.219767e-03 2.247148e-03 1.974654e-02 1.691943e-02 1.087061e-02 4.296128e-02 2.678877e-02 7.218966e-03 1.000000e-03 1.250640e-03 9.508173e-03 1.000000e-03 1.786649e-03 4.460966e-03 5.853768e-03 2.581233e-02 5.545796e-03 1.179147e-02 1.578536e-02 2.199007e-03 3.102046e-02 1.540215e-03 1.217527e-02 1.518939e-03 1.274357e-03 2.172780e-03 2.242126e-02 3.000592e-03 1.797710e-03 3.280677e-03 2.588796e-02 1.000000e-03 2.133946e-02 1.070512e-02 3.534282e-03 8.765897e-03 1.064866e-02 5.956721e-03 4.621138e-03 1.387604e-02 5.436658e-03 6.216249e-03 1.370810e-03 1.060515e-02 1.342954e-02 3.499527e-03 1.289371e-02 2.937648e-03 1.871589e-02 1.001490e-02 6.906103e-03 6.455786e-03 3.593582e-03 1.000000e-03 1.059704e-03 3.741018e-03 8.384808e-03 3.973766e-02 3.935056e-02 9.896673e-02 3.043219e-02 1.168443e-03 1.764536e-03 1.000000e-03 1.000000e-03 9.491672e-03 8.510602e-03 4.193631e-02 3.816219e-03 5.697095e-03 1.524900e-03 2.729843e-03 4.837124e-03 1.446425e-03 9.975284e-03 7.163989e-03 4.357897e-03 3.866990e-02 1.147194e-03 1.534905e-02 5.722842e-03 1.738766e-02 1.222769e-02 5.239562e-03 4.824619e-02 6.959064e-03 1.249476e-03 1.879535e-03 1.369043e-02 1.918910e-02 7.149755e-03 2.289575e-02 2.773341e-03 7.481287e-03 1.716215e-02 2.516303e-03 1.580802e-03 2.431441e-03 1.299609e-03 6.172472e-03 3.629285e-03 1.182154e-03 3.700659e-03 1.000000e-03 3.869212e-02 3.755423e-03 1.623349e-03 3.098266e-03 3.969380e-02 4.234711e-02 1.538422e-03 5.404987e-03 1.581015e-02 1.000000e-03 1.718120e-03 1.000000e-03 1.000000e-03 1.365961e-03 1.065587e-03 3.844917e-03 1.343409e-02 3.353302e-03 4.999356e-03 1.058594e-02 1.146687e-02 1.000000e-03 4.117338e-03 3.043562e-03 2.953371e-03 9.040924e-03 1.238084e-02 3.753936e-03 1.000000e-03 1.000000e-03 1.713517e-03 9.031514e-03 2.425016e-02 3.994879e-03 2.161121e-02 1.000000e-03 4.499428e-03 3.244122e-03
<GCONST> -4.855932e+02
<STATE> 3
<MEAN> 142
 5.703142e-01 2.996177e-01 3.349648e-01 3.814601e-01 3.329952e-01 3.490833e-01 4.380092e-01 3.856533e-01 3.398754e-01 4.015579e-01 5.471517e-01 3.645184e-01 3.973421e-01 5.754815e-01 4.463550e-01 4.078309e-01 4.073921e-01 4.266881e-01 2.904875e-01 2.679166e-01 5.653954e-01 5.620725e-01 3.944202e-01 5.352436e-01 5.117716e-01 3.595497e-01 5.430960e-01 3.244804e-01 4.604067e-01 3.388362e-01 5.597634e-01 4.555793e-01 3.355962e-01 4.799787e-01 4.220168e-01 3.986844e-01 4.141238e-01 4.275299e-01 4.344608e-01 3.981264e-01 3.577074e-01 4.816296e-01 2.641229e-01 3.542704e-01 2.137835e-01 3.094551e-01 5.104343e-01 4.366668e-01 5.202861e-01 3.706018e-01 5.050737e-01 3.805426e-01 4.637603e-01 2.078694e-01 3.996628e-01 3.423714e-01 5.248958e-01 3.425257e-01 3.823665e-01 5.325488e-01 4.288923e-01 3.906808e-01 3.511341e-01 3.662018e-01 3.060388e-01 4.318987e-01 4.087540e-01 4.664932e-01 4.121299e-01 4.260694e-01 3.650782e-01 3.241114e-01 3.855203e-01 4.195314e-01 2.788902e-01 3.337260e-01 3.894420e-01 3.761251e-01 4.713381e-01 5.023450e-01 4.660840e-01 4.298414e-01 5.036165e-01 4.596811e-01 4.026812e-01 3.806894e-01 3.568434e-01 3.880876e-01 4.833633e-01 4.018479e-01 3.270378e-01 3.902901e-01 4.235346e-01 3.203554e-01 3.752113e-01 3.821847e-01 4.113647e-01 3.147350e-01 4.435504e-01 3.937379e-01 3.946735e-01 5.176374e-01 2.670137e-01 3.255824e-01 4.474041e-01 3.148932e-01 4.036982e-01 3.555585e-01 5.155475e-01 4.171442e-01 3.616202e-01 3.677163e-01 3.399650e-01 3.786646e-01 2.976741e-01 3.054952e-01 3.987283e-01 4.921191e-01 3.454385e-01 4.184174e-01 4.346979e-01 4.244423e-01 3.774160e-01 3.295133e-01 4.330804e-01 3.523554e-01 3.889767e-01 4.012002e-01 2.722251e-01 4.342773e-01 3.634649e-01 4.063641e-01 3.016791e-01 4.428712e-01 4.201261e-01 4.689795e-01 4.592437e-01 4.840674e-01 4.357145e-01 4.317425e-01 4.134631e-01 3.575249e-01
<VARIANCE> 142
 1.977461e-03 7.497674e-03 2.067423e-02 1.489307e-02 8.316361e-03 8.640713e-03 1.340723e-02 9.486207e-03 4.053400e-03 2.846977e-03 4.738073e-02 6.288161e-03 3.382457e-03 3.411969e-02 4.706002e-02 2.777753e-03 2.917078e-02 4.134911e-02 1.587071e-02 1.431390e-02 2.221601e-02 6.632311e-03 2.137724e-02 7.545985e-03 6.638104e-03 1.000000e-03 1.353756e-02 4.907134e-03 1.375590e-02 2.181693e-02 3.317350e-03 1.000000e-03 1.021084e-02 1.892890e-03 1.000000e-03 2.707972e-02 1.900458e-03 2.693815e-02 1.427434e-02 2.014750e-02 1.557478e-02 1.515139e-02 1.385232e-03 3.200102e-02 6.999029e-03 4.801681e-03 2.876404e-02 1.037921e-02 4.964124e-03 1.009621e-02 3.845534e-03 4.285332e-02 2.366614e-02 1.000000e-03 1.000000e-03 4.110501e-03 3.383386e-02 2.236113e-02 1.512639e-02 5.135659e-02 3.571110e-03 3.153673e-03 2.994056e-03 1.000000e-03 2.514089e-03 4.056377e-03 3.490398e-02 4.862478e-03 1.792960e-02 8.841826e-03 3.619953e-03 5.795796e-03 1.543050e-02 9.581047e-03 1.406799e-03 3.910986e-03 4.782803e-03 5.149546e-03 1.064475e-02 8.298523e-03 1.006562e-02 5.526661e-03 7.455419e-02 1.104399e-02 8.983458e-03 3.538712e-03 2.984211e-03 1.596134e-03 1.606236e-03 1.299688e-02 2.140027e-03 1.408528e-02 7.013317e-03 1.000000e-03 3.817455e-03 1.277953e-02 8.563294e-03 1.942979e-02 6.201060e-03 1.983256e-03 3.477924e-03 9.600339e-03 2.081423e-03 2.001919e-03 8.172454e-03 1.226189e-02 5.309495e-03 1.188113e-02 9.022364e-03 1.100439e-02 1.391063e-03 1.000000e-03 1.694752e-02 1.000000e-03 4.318238e-03 1.000000e-03 5.025671e-03 3.485678e-03 5.633020e-03 2.797236e-02 8.091896e-03 3.263798e-03 2.467528e-03 1.264371e-02 1.585122e-02 3.838881e-03 3.523045e-03 8.149421e-03 4.798564e-03 9.155510e-03 3.115664e-03 4.116751e-03 1.446396e-03 6.435636e-03 1.385840e-02 2.460849e-03 4.421280e-03 3.141221e-02 1.203113e-02 2.388584e-03 1.095283e-02 1.192302e-03
<GCONST> -4.507224e+02
<TRANSP> 4
 0.000000e+00 1.000000e+00 0.000000e+00 0.000000e+00
 0.000000e+00 5.000000e-01 5.000000e-01 0.000000e+00
 0.000000e+00 0.000000e+00 5.000000e-01 5.000000e-01
 0.000000e+00 0.000000e+00 0.000000e+00 0.000000e+00
<ENDHMM>
