~o
<STREAMINFO> 1 142
<VECSIZE> 142<NULLD><USER><DIAGC>
~h "appreciate"
<BEGINHMM>
<NUMSTATES> 4
<STATE> 2
<MEAN> 142
 6.643064e-01 3.329049e-01 2.868243e-01 2.669249e-01 2.151017e-01 2.879404e-01 3.251735e-01 4.702988e-01 3.316228e-01 4.010549e-01 4.656045e-01 3.964248e-01 4.041105e-01 5.110564e-01 2.561561e-01 3.675557e-01 4.137895e-01 3.740411e-01 2.880868e-01 4.056063e-01 4.891923e-01 4.624842e-01 3.989813e-01 4.619371e-01 4.642025e-01 4.569454e-01 4.294930e-01 3.412616e-01 3.774994e-01 3.114167e-01 5.267068e-01 5.274762e-01 3.909948e-01 4.262980e-01 4.399758e-01 2.900133e-01 2.708638e-01 2.558590e-01 2.751178e-01 2.376495e-01 2.822869e-01 4.061507e-01 2.796204e-01 3.368016e-01 1.803274e-01 3.491223e-01 4.002144e-01 3.932226e-01 3.346982e-01 3.119159e-01 4.191864e-01 3.467039e-01 4.767336e-01 2.335492e-01 3.916790e-01 3.842702e-01 4.088364e-01 2.635845e-01 2.806296e-01 2.628267e-01 3.429999e-01 5.077167e-01 3.990640e-01 4.893503e-01 3.933432e-01 4.435518e-01 2.414235e-01 2.964693e-01 3.770498e-01 2.824149e-01 4.351504e-01 4.250008e-01 4.328267e-01 4.411907e-01 3.182482e-01 3.790959e-01 4.012689e-01 3.809444e-01 4.786578e-01 4.044408e-01 3.768382e-01 3.283453e-01 2.777856e-01 3.806918e-01 2.808789e-01 3.840952e-01 3.957811e-01 3.478056e-01 4.144900e-01 2.482489e-01 2.910691e-01 2.831732e-01 3.350448e-01 2.727552e-01 3.849609e-01 4.368644e-01 4.033638e-01 2.435913e-01 4.000356e-01 4.723384e-01 3.694740e-01 5.100585e-01 3.206995e-01 2.617967e-01 3.193293e-01 2.976438e-01 3.492683e-01 2.964256e-01 3.835093e-01 3.297493e-01 4.127966e-01 3.005244e-01 2.678214e-01 2.897171e-01 3.301867e-01 3.810695e-01 3.876168e-01 4.104129e-01 3.426276e-01 4.532701e-01 4.258862e-01 5.432290e-01 4.479319e-01 2.273106e-01 4.578844e-01 3.777939e-01 3.124652e-01 2.837137e-01 2.769926e-01 4.572217e-01 3.354180e-01 2.855560e-01 2.565107e-01 4.157355e-01 3.175667e-01 3.271774e-01 3.800675e-01 3.668610e-01 2.379127e-01 4.169311e-01 4.293259e-01 4.642070e-01
<VARIANCE> 142
 6.715597e-03 1.939218e-03 9.082405e-03 3.589633e-03 3.059383e-03 5.053166e-03 4.591409e-03 1.897740e-02 3.254995e-03 5.062055e-03 8.105544e-03 8.812497e-03 1.947298e-02 1.067869e-02 7.577001e-03 5.847530e-03 1.185185e-02 5.286889e-03 5.048943e-03 5.762033e-03 9.924216e-03 2.198126e-02 1.024858e-02 5.381757e-03 8.137408e-03 6.303857e-03 1.156730e-02 3.971446e-03 4.127645e-03 1.093995e-02 5.145364e-03 7.534501e-03 4.917358e-03 3.253031e-03 5.233358e-03 4.316187e-03 5.243205e-03 9.013196e-03 3.723279e-03 5.530300e-03 2.307785e-02 2.042194e-03 2.829479e-03 2.077839e-02 1.897966e-03 2.118466e-03 8.908272e-03 1.304221e-02 1.354952e-02 1.081327e-02 3.225510e-03 2.375513e-02 2.282623e-03 7.086110e-03 6.187845e-03 1.336394e-02 1.375855e-02 9.481300e-03 9.519578e-03 3.066608e-02 6.417067e-03 5.345099e-02 2.203621e-02 2.209998e-02 3.720233e-02 2.257744e-03 1.459277e-02 8.705014e-03 2.051929e-03 5.605610e-03 9.427880e-03 3.775961e-03 3.981299e-03 9.431038e-03 1.062989e-02 1.825007e-02 2.635647e-03 1.028401e-02 5.845918e-03 4.993902e-03 7.618830e-03 1.965670e-03 2.808583e-03 4.534252e-03 1.429188e-03 3.199630e-03 5.537414e-03 9.015381e-03 2.486080e-03 6.549221e-03 3.945599e-03 8.352364e-03 4.046983e-03 1.040365e-02 1.821651e-03 2.626451e-02 6.144104e-03 1.574389e-02 6.142937e-03 1.697453e-03 2.920724e-03 2.321116e-02 4.201914e-03 8.199682e-03 5.932674e-03 4.932340e-03 4.366229e-03 4.190208e-03 9.141965e-03 7.833760e-03 1.769227e-03 5.364253e-03 2.697894e-03 4.205012e-03 1.051434e-03 6.109073e-03 1.000000e-03 8.650186e-03 1.125426e-02 4.268569e-03 1.000000e-03 3.974390e-03 6.185615e-03 7.819640e-03 1.729267e-02 1.198202e-03 4.040586e-03 1.138702e-02 6.923683e-03 5.903578e-03 3.638388e-03 8.013598e-03 2.918957e-02 2.114917e-03 4.799451e-03 6.576744e-03 3.061837e-03 1.514319e-03 4.738521e-03 4.688948e-03 5.822015e-03 5.545457e-03
<GCONST> -4.642753e+02
<STATE> 3
<MEAN> 142
 6.859736e-01 3.614860e-01 4.053689e-01 3.171323e-01 2.495858e-01 3.924403e-01 3.719468e-01 3.756374e-01 3.830051e-01 4.088341e-01 5.766162e-01 4.718441e-01 4.787071e-01 6.206131e-01 3.345735e-01 3.074908e-01 3.532868e-01 3.670927e-01 3.920779e-01 4.529195e-01 5.047543e-01 5.064586e-01 4.581699e-01 4.778737e-01 5.200642e-01 4.146156e-01 4.565414e-01 3.935122e-01 4.479631e-01 3.803550e-01 5.204632e-01 4.107628e-01 3.739139e-01 4.612291e-01 4.872144e-01 3.291727e-01 3.755471e-01 4.020559e-01 3.205195e-01 2.920083e-01 3.776529e-01 4.175864e-01 3.343224e-01 3.948301e-01 1.792348e-01 3.921889e-01 4.984602e-01 4.606907e-01 4.147748e-01 4.090210e-01 4.695961e-01 4.371321e-01 4.584681e-01 2.837336e-01 4.632207e-01 3.374556e-01 5.063228e-01 4.036033e-01 4.031339e-01 3.302379e-01 4.581508e-01 4.033902e-01 3.539774e-01 4.510964e-01 3.834782e-01 4.143100e-01 4.026648e-01 4.167174e-01 3.947969e-01 3.968071e-01 5.367467e-01 4.465830e-01 4.264385e-01 4.689507e-01 4.122586e-01 4.169551e-01 4.430327e-01 4.494260e-01 4.741624e-01 4.122196e-01 4.128982e-01 3.500252e-01 3.652146e-01 4.287208e-01 3.142131e-01 4.005657e-01 4.751742e-01 4.956172e-01 4.342542e-01 3.241632e-01 3.623242e-01 3.371166e-01 4.090911e-01 3.983820e-01 3.968516e-01 4.783896e-01 4.165285e-01 3.713208e-01 4.384896e-01 4.473585e-01 4.093174e-01 4.818855e-01 3.960984e-01 3.420655e-01 4.050348e-01 3.856029e-01 4.070703e-01 4.152596e-01 4.781584e-01 3.947595e-01 4.220747e-01 4.026632e-01 3.057916e-01 3.025967e-01 3.366888e-01 4.404495e-01 3.805601e-01 4.298888e-01 4.485851e-01 4.672202e-01 4.309730e-01 5.136307e-01 4.455336e-01 3.484453e-01 4.923622e-01 4.296469e-01 4.035193e-01 3.530771e-01 3.877631e-01 4.570587e-01 3.969341e-01 4.203471e-01 4.226955e-01 4.767328e-01 3.531992e-01 4.029167e-01 4.283049e-01 3.821347e-01 2.965319e-01 3.715479e-01 4.320374e-01 5.171569e-01
<VARIANCE> 142
 2.889209e-02 5.345967e-03 1.153393e-02 1.019635e-02 4.253032e-03 7.137508e-03 8.646255e-03 8.178641e-03 1.023597e-02 5.366175e-03 2.300106e-02 9.141970e-03 1.340652e-02 2.221351e-02 1.250945e-02 9.619086e-03 1.141759e-02 3.319641e-03 1.281732e-02 8.520817e-03 3.554842e-02 4.002703e-02 2.176605e-02 1.739840e-02 1.720007e-02 9.190883e-03 1.871107e-02 5.546487e-03 1.317052e-02 1.014227e-02 9.319082e-03 4.457798e-03 1.279371e-02 1.511962e-02 3.625052e-03 2.005222e-02 1.070054e-02 1.350672e-02 1.663970e-02 2.212414e-03 9.429552e-03 9.072601e-03 2.878419e-03 1.215484e-02 2.668267e-03 5.421133e-03 3.303499e-02 3.247795e-03 1.686058e-02 2.442122e-03 3.765292e-03 9.140792e-03 5.213287e-03 9.998015e-03 1.122008e-02 3.850874e-03 3.668712e-02 2.153768e-02 2.077493e-02 1.426814e-02 1.196337e-02 8.191139e-03 5.841211e-03 6.348433e-03 1.579179e-02 7.577769e-03 1.342309e-02 1.731571e-02 9.656571e-03 5.104828e-03 6.045570e-03 1.263213e-02 7.229416e-03 9.631651e-03 1.340934e-02 1.462478e-02 3.797696e-03 1.202736e-02 1.219073e-02 2.465525e-02 5.792298e-03 7.732713e-03 4.013416e-03 1.461811e-02 4.020333e-03 9.698019e-03 1.390177e-02 1.383298e-02 3.832118e-03 6.764063e-03 5.644836e-03 1.670288e-02 6.471882e-03 2.623670e-02 6.801669e-03 5.442072e-03 4.003707e-03 1.878921e-02 1.631684e-02 5.123453e-03 3.102660e-03 1.626332e-02 1.114229e-02 8.501014e-03 2.447350e-02 1.729536e-02 9.649585e-03 1.687413e-03 2.164165e-02 1.454333e-02 7.708040e-03 2.430934e-03 4.748615e-03 1.879886e-02 2.891344e-03 1.674137e-02 2.328097e-03 9.809044e-03 8.686824e-03 2.169049e-02 4.450310e-03 1.124997e-02 1.256732e-02 1.787289e-02 1.891180e-02 2.099553e-03 7.571559e-03 9.471734e-03 9.839986e-03 2.125186e-02 7.135211e-03 1.017210e-02 3.030198e-02 3.625818e-03 2.117539e-02 1.997711e-02 1.138102e-02 5.948969e-03 2.892698e-03 1.769835e-02 1.204645e-02 9.498327e-03
<GCONST> -4.008468e+02
<TRANSP> 4
 0.000000e+00 1.000000e+00 0.000000e+00 0.000000e+00
 0.000000e+00 5.000000e-01 5.000000e-01 0.000000e+00
 0.000000e+00 0.000000e+00 5.000000e-01 5.000000e-01
 0.000000e+00 0.000000e+00 0.000000e+00 0.000000e+00
<ENDHMM>
