~o
<STREAMINFO> 1 142
<VECSIZE> 142<NULLD><USER><DIAGC>
~h "arch"
<BEGINHMM>
<NUMSTATES> 4
<STATE> 2
<MEAN> 142
 5.598793e-01 4.579693e-01 3.862764e-01 4.199800e-01 3.562732e-01 2.571930e-01 3.383502e-01 3.385044e-01 3.453429e-01 4.705167e-01 4.737932e-01 4.750283e-01 4.413892e-01 5.101677e-01 3.877045e-01 3.151501e-01 3.953802e-01 4.013580e-01 2.934188e-01 3.227907e-01 4.049565e-01 4.376005e-01 3.288479e-01 4.553599e-01 4.763175e-01 3.839037e-01 4.401989e-01 4.922117e-01 4.267700e-01 4.363635e-01 4.539593e-01 3.722982e-01 4.160699e-01 3.873135e-01 4.635904e-01 3.504926e-01 4.655105e-01 3.800961e-01 4.291182e-01 3.335237e-01 3.739227e-01 5.080165e-01 3.808245e-01 2.496112e-01 2.907398e-01 4.729784e-01 4.673734e-01 3.630410e-01 4.126305e-01 4.097387e-01 4.452873e-01 3.188609e-01 4.369778e-01 3.140437e-01 4.624047e-01 4.510020e-01 4.665242e-01 3.203899e-01 3.818074e-01 3.539904e-01 3.969450e-01 4.758978e-01 3.905433e-01 3.799198e-01 4.064055e-01 4.710589e-01 3.751486e-01 3.978564e-01 4.498753e-01 4.225454e-01 4.392283e-01 3.585818e-01 4.376534e-01 4.605992e-01 2.879137e-01 3.508565e-01 4.634731e-01 5.138026e-01 4.477928e-01 4.372486e-01 5.059010e-01 3.817765e-01 3.779182e-01 4.370875e-01 3.537579e-01 4.301175e-01 3.918302e-01 4.385994e-01 4.491915e-01 3.592614e-01 3.657162e-01 3.309715e-01 4.910837e-01 4.214128e-01 5.127869e-01 4.483862e-01 4.755249e-01 3.579832e-01 4.778994e-01 3.785970e-01 4.804455e-01 4.796955e-01 3.656061e-01 3.933121e-01 3.940686e-01 3.259958e-01 3.782689e-01 3.875514e-01 4.019724e-01 3.510876e-01 4.311275e-01 3.850386e-01 4.279245e-01 3.844424e-01 4.251000e-01 4.335940e-01 3.782924e-01 4.838372e-01 4.477413e-01 3.998521e-01 4.138128e-01 4.620507e-01 4.406356e-01 3.583502e-01 3.577032e-01 4.499619e-01 4.478793e-01 3.681540e-01 4.450842e-01 3.327620e-01 3.401150e-01 4.689408e-01 4.080623e-01 4.193268e-01 4.321355e-01 4.960275e-01 3.737439e-01 4.392143e-01 3.558461e-01 3.807027e-01 4.628534e-01 4.467190e-01
<VARIANCE> 142
 1.658712e-02 1.985044e-02 1.148847e-02 1.430897e-02 2.692996e-02 1.425177e-02 1.221238e-02 7.600402e-03 6.786854e-03 1.561330e-02 1.271806e-02 2.112285e-02 3.198264e-03 1.683720e-02 1.621895e-02 1.393813e-02 7.420413e-03 1.121999e-02 1.289895e-02 8.227006e-03 1.385265e-02 2.682864e-02 6.455319e-03 1.044634e-02 3.167994e-03 1.067009e-02 9.604653e-03 7.378628e-03 6.664787e-03 1.023380e-02 4.112303e-03 1.109614e-02 2.948270e-02 7.005659e-03 3.508852e-03 7.176669e-03 1.604650e-02 1.412464e-02 1.691199e-02 2.036349e-02 7.755986e-03 1.278213e-02 6.399216e-03 4.174381e-03 1.629167e-02 2.336981e-02 2.586193e-02 1.334161e-02 1.814236e-02 9.624596e-03 4.923508e-03 1.323272e-02 9.601799e-03 2.485623e-03 1.174004e-02 1.747952e-02 3.032521e-02 1.134273e-02 2.589454e-02 4.211251e-02 1.585809e-02 8.596278e-03 1.183211e-02 7.176135e-03 1.653117e-02 9.487012e-03 1.206321e-02 2.453372e-02 1.322802e-02 5.586256e-03 1.303564e-02 3.646256e-03 3.226307e-03 3.148128e-03 9.905544e-03 8.685696e-03 1.248339e-02 3.059596e-02 1.284608e-02 1.671469e-02 6.343158e-03 1.094217e-02 7.524840e-03 3.914851e-02 1.769473e-02 1.975515e-02 1.375552e-02 1.064937e-02 1.087062e-02 4.824516e-03 2.020728e-02 1.195543e-02 1.203134e-02 1.814760e-02 1.794856e-02 2.019019e-02 4.113625e-03 1.069517e-02 1.161834e-02 1.751202e-02 2.752497e-03 2.813978e-02 1.140966e-02 2.511150e-03 1.502266e-02 3.585123e-03 4.122478e-03 4.888874e-03 1.284127e-02 3.217845e-02 9.773793e-03 6.257772e-03 6.905180e-02 2.173426e-02 1.724340e-02 5.633857e-03 2.375280e-02 1.666429e-02 1.067115e-02 7.777666e-03 1.408262e-02 5.974474e-03 8.320106e-03 4.897724e-03 7.041912e-03 9.786472e-03 7.579050e-03 1.441347e-02 1.090746e-02 6.423868e-03 1.905800e-02 5.911218e-03 1.333747e-02 9.829340e-03 1.358322e-02 1.226028e-02 1.762176e-02 2.031767e-02 2.204831e-02 1.520547e-02 2.289188e-02 5.762561e-03
<GCONST> -3.770004e+02
<STATE> 3
<MEAN> 142
 5.896564e-01 2.755253e-01 3.900448e-01 3.336657e-01 2.571061e-01 4.554682e-01 4.026722e-01 4.256806e-01 4.667792e-01 4.375273e-01 4.962077e-01 4.293872e-01 5.290650e-01 4.819695e-01 2.985717e-01 3.650350e-01 3.632223e-01 3.518046e-01 4.402271e-01 5.368358e-01 4.636692e-01 4.611467e-01 5.676609e-01 4.020698e-01 4.885135e-01 5.660521e-01 3.635213e-01 3.937648e-01 3.817916e-01 4.608222e-01 5.274459e-01 3.976395e-01 3.904427e-01 4.554277e-01 3.838071e-01 3.123510e-01 3.026791e-01 4.464298e-01 2.829520e-01 4.620956e-01 3.832443e-01 3.416167e-01 3.472140e-01 4.213373e-01 2.329733e-01 3.449163e-01 4.384218e-01 5.164906e-01 4.495310e-01 4.122254e-01 5.676024e-01 5.586044e-01 4.802610e-01 3.418264e-01 4.470657e-01 3.386829e-01 4.129989e-01 4.486228e-01 4.179789e-01 3.565284e-01 5.831969e-01 4.263453e-01 4.046871e-01 4.491326e-01 4.494787e-01 5.169573e-01 5.076244e-01 4.142093e-01 4.084031e-01 4.328425e-01 5.241264e-01 4.637259e-01 3.604341e-01 4.343224e-01 4.659649e-01 5.268930e-01 4.429533e-01 3.939164e-01 5.168321e-01 4.653793e-01 4.097827e-01 2.819856e-01 3.475372e-01 3.673678e-01 3.878863e-01 4.003340e-01 4.409125e-01 4.613228e-01 4.236261e-01 3.443730e-01 4.079818e-01 3.163943e-01 4.268788e-01 3.947230e-01 3.301664e-01 5.001643e-01 3.964843e-01 4.202258e-01 4.616336e-01 5.605143e-01 4.044292e-01 4.352672e-01 4.344206e-01 4.202710e-01 3.300767e-01 3.604522e-01 4.641867e-01 4.386339e-01 4.286447e-01 3.969951e-01 4.361912e-01 3.547886e-01 4.045000e-01 2.301649e-01 3.563304e-01 5.418301e-01 3.666467e-01 4.291009e-01 4.190364e-01 4.157328e-01 3.940594e-01 4.275736e-01 4.878363e-01 3.181580e-01 4.793648e-01 3.640817e-01 3.799000e-01 3.719729e-01 3.347529e-01 4.732196e-01 4.829063e-01 3.645646e-01 4.731615e-01 5.274608e-01 3.630530e-01 3.623887e-01 4.375333e-01 3.943008e-01 4.115147e-01 3.069040e-01 4.354765e-01 4.873983e-01
<VARIANCE> 142
 4.077729e-02 1.307871e-02 2.585508e-02 9.551653e-03 5.251816e-03 1.774374e-02 7.742788e-03 9.278029e-03 1.822253e-02 4.429064e-03 6.512996e-03 3.620968e-03 9.541260e-03 3.858034e-03 2.403379e-02 1.103757e-02 7.214350e-03 2.376206e-03 5.862089e-03 1.523710e-02 3.222972e-03 1.321829e-02 1.143028e-02 6.141590e-03 5.377423e-03 2.597800e-02 1.560786e-02 1.161220e-02 6.188899e-03 1.435709e-02 9.756147e-03 9.783364e-03 4.638404e-02 4.060216e-03 7.216478e-03 7.837955e-03 1.316539e-02 5.079579e-02 1.309362e-02 2.549383e-02 4.641369e-02 5.471725e-03 1.521335e-03 2.213145e-02 6.045525e-03 2.213186e-02 8.957208e-03 3.549961e-02 7.890964e-03 2.302871e-03 5.429964e-03 5.597539e-02 1.141937e-02 1.273919e-02 6.587090e-03 5.329775e-03 2.763372e-02 1.041713e-02 1.369159e-02 5.140310e-03 1.355899e-02 1.440876e-02 5.819504e-03 1.178707e-02 2.902548e-02 3.264507e-02 5.708286e-02 2.766829e-03 1.310771e-02 4.569456e-02 5.107703e-03 1.872232e-03 1.357112e-02 4.965837e-03 1.340197e-02 2.904182e-02 8.439341e-03 1.930853e-02 1.301508e-02 1.806868e-02 6.379955e-03 2.464248e-03 3.161390e-02 9.024763e-03 8.835593e-03 1.413462e-02 9.871210e-03 1.220866e-03 6.047358e-03 2.355181e-03 8.691109e-03 1.017847e-02 5.860073e-03 2.118227e-03 2.527666e-02 4.925092e-03 6.188698e-03 2.247085e-02 1.000342e-02 1.367052e-02 1.576204e-03 1.523897e-02 7.810396e-03 1.641320e-02 4.423791e-03 6.269237e-03 3.414212e-02 1.902292e-02 1.802018e-02 3.769021e-03 2.062316e-03 6.555440e-03 1.309058e-02 1.068520e-02 1.685595e-02 5.286823e-03 3.680862e-03 4.063700e-03 2.730567e-03 7.410721e-03 3.738724e-03 3.292776e-02 4.740356e-03 1.313391e-03 6.468331e-03 3.108260e-02 9.620474e-03 2.376002e-02 2.511849e-03 7.968839e-03 6.706473e-03 5.639091e-03 1.035482e-02 1.737790e-02 4.360031e-03 6.677484e-03 1.171711e-02 6.591938e-03 2.664089e-02 4.404663e-03 1.607429e-02 1.934912e-03
<GCONST> -4.039148e+02
<TRANSP> 4
 0.000000e+00 1.000000e+00 0.000000e+00 0.000000e+00
 0.000000e+00 5.000000e-01 5.000000e-01 0.000000e+00
 0.000000e+00 0.000000e+00 5.000000e-01 5.000000e-01
 0.000000e+00 0.000000e+00 0.000000e+00 0.000000e+00
<ENDHMM>
