~o
<STREAMINFO> 1 142
<VECSIZE> 142<NULLD><USER><DIAGC>
~h "area"
<BEGINHMM>
<NUMSTATES> 4
<STATE> 2
<MEAN> 142
 6.623959e-01 3.405455e-01 3.623686e-01 3.062283e-01 2.403269e-01 3.664276e-01 3.299789e-01 3.316374e-01 4.307864e-01 4.464626e-01 5.462504e-01 4.405824e-01 4.374021e-01 5.673763e-01 2.776040e-01 2.724678e-01 3.346991e-01 3.961132e-01 3.999857e-01 4.550972e-01 4.286673e-01 4.148553e-01 4.112633e-01 4.046243e-01 4.647130e-01 4.484952e-01 4.453990e-01 4.085842e-01 4.467583e-01 4.100331e-01 4.637592e-01 4.349152e-01 3.717130e-01 4.348024e-01 4.631217e-01 2.659035e-01 3.237662e-01 4.226195e-01 3.444539e-01 2.806431e-01 3.591426e-01 4.344124e-01 3.464465e-01 3.378291e-01 2.262561e-01 3.915296e-01 3.267744e-01 4.102887e-01 3.428000e-01 4.307546e-01 4.364435e-01 4.811366e-01 5.200742e-01 3.143056e-01 4.393290e-01 4.363790e-01 4.144357e-01 3.364535e-01 3.479953e-01 2.485255e-01 4.920549e-01 4.173390e-01 3.987098e-01 4.846948e-01 4.605268e-01 3.679325e-01 4.134011e-01 3.973196e-01 4.336166e-01 4.564088e-01 4.810252e-01 4.133585e-01 3.928797e-01 4.212697e-01 4.114887e-01 4.123311e-01 4.200182e-01 3.754658e-01 4.876088e-01 4.215541e-01 4.471322e-01 3.021230e-01 3.890592e-01 3.703305e-01 3.145727e-01 3.704064e-01 4.504276e-01 4.833326e-01 4.315245e-01 3.254682e-01 3.820013e-01 2.924420e-01 4.504671e-01 4.873295e-01 3.865157e-01 4.615451e-01 3.794137e-01 4.174387e-01 4.121520e-01 4.944836e-01 4.212430e-01 4.377082e-01 3.837120e-01 4.008625e-01 3.242345e-01 3.033499e-01 4.651197e-01 4.564974e-01 4.754302e-01 3.106143e-01 4.731229e-01 3.829487e-01 2.961372e-01 2.595275e-01 3.229438e-01 4.469783e-01 4.380053e-01 4.158551e-01 4.559664e-01 4.074541e-01 3.977315e-01 4.582524e-01 4.720808e-01 3.660504e-01 3.770230e-01 3.977694e-01 4.300841e-01 4.102984e-01 4.013863e-01 4.143974e-01 3.535962e-01 3.444686e-01 4.269865e-01 4.402578e-01 2.984273e-01 3.728690e-01 4.158743e-01 3.798273e-01 3.035737e-01 3.050361e-01 3.678349e-01 4.651263e-01
<VARIANCE> 142
 2.220962e-02 1.029403e-02 6.142095e-03 7.140647e-03 4.590495e-03 2.863278e-02 9.171859e-03 3.421461e-03 2.412635e-02 8.769910e-03 2.305062e-02 4.654984e-03 8.515847e-03 1.818657e-02 6.908758e-03 8.114463e-03 6.317842e-03 7.079654e-03 8.828147e-03 8.904078e-03 1.160503e-02 1.971185e-02 1.615363e-02 1.162109e-02 2.619594e-03 8.668136e-03 7.399100e-03 1.995678e-02 7.956890e-03 9.421811e-03 1.581075e-03 6.890464e-03 1.772864e-02 9.535356e-03 4.492786e-03 9.530781e-03 2.111930e-02 2.488045e-02 3.036826e-03 6.581539e-03 1.454103e-02 1.325856e-02 8.938952e-03 1.638513e-02 5.242979e-03 1.501536e-02 6.604867e-03 8.300623e-03 1.080755e-02 1.268990e-03 8.403600e-03 2.413512e-02 5.334494e-03 1.971409e-02 1.261507e-02 4.168798e-03 5.799991e-03 1.176737e-02 2.451922e-02 6.622611e-03 8.977049e-03 3.552049e-03 8.829878e-03 1.091392e-02 2.742360e-02 1.125491e-02 2.779167e-02 1.093421e-02 5.136372e-03 1.024581e-02 7.859190e-03 3.134764e-03 1.065263e-02 3.711870e-03 1.838676e-02 7.595373e-03 2.573433e-03 4.731648e-03 9.427032e-03 8.654501e-03 4.512384e-03 3.782495e-03 8.197780e-03 2.178479e-02 4.699565e-03 1.514868e-02 8.548432e-03 6.235506e-03 3.864118e-03 3.625644e-03 2.075248e-03 8.581384e-03 7.628823e-03 1.950171e-02 6.077189e-03 2.535633e-03 6.520434e-03 1.213903e-02 9.384395e-03 1.902635e-02 1.433202e-03 3.408558e-02 4.549786e-03 2.875814e-02 7.156277e-03 4.969974e-03 1.039045e-02 1.457782e-02 1.092314e-02 1.433931e-02 2.015561e-03 1.229123e-02 1.586741e-03 6.645652e-03 2.936445e-03 6.966941e-03 4.381877e-03 2.764226e-03 1.402676e-02 1.238720e-03 2.962636e-03 1.870403e-02 4.788716e-03 4.569075e-03 1.287299e-02 9.603780e-03 3.779739e-03 1.673867e-02 2.041139e-02 8.358440e-03 3.617084e-03 1.407448e-02 2.314382e-02 5.730952e-03 5.569723e-03 4.810637e-03 1.101476e-02 2.191977e-03 1.084565e-02 1.274663e-02 1.309516e-02 4.697106e-03
<GCONST> -4.238777e+02
<STATE> 3
<MEAN> 142
 5.521135e-01 3.486287e-01 3.917325e-01 4.565869e-01 4.279706e-01 5.749417e-01 4.272142e-01 3.804418e-01 4.250542e-01 4.283189e-01 5.004091e-01 3.654270e-01 3.502415e-01 5.138931e-01 4.102812e-01 4.625928e-01 3.258354e-01 2.891161e-01 4.810120e-01 4.510705e-01 5.659470e-01 5.524697e-01 4.249533e-01 3.766150e-01 5.177107e-01 4.247677e-01 5.072574e-01 3.507196e-01 3.807016e-01 3.594471e-01 5.063172e-01 3.841447e-01 3.866465e-01 5.145541e-01 4.419768e-01 3.470380e-01 4.843466e-01 3.632292e-01 3.715543e-01 4.658265e-01 4.500942e-01 3.763376e-01 3.430523e-01 4.872431e-01 3.284055e-01 3.282509e-01 3.970234e-01 4.893610e-01 5.390049e-01 3.638796e-01 4.974997e-01 3.845548e-01 4.725010e-01 2.810767e-01 4.535796e-01 4.043218e-01 5.657203e-01 5.416088e-01 4.605740e-01 5.456039e-01 4.756353e-01 4.124991e-01 3.676580e-01 4.218066e-01 3.938048e-01 4.106306e-01 4.384057e-01 6.136670e-01 4.142048e-01 4.313091e-01 4.627115e-01 4.607445e-01 3.681542e-01 4.199999e-01 4.276463e-01 4.176974e-01 4.410513e-01 3.687586e-01 5.042486e-01 5.274466e-01 4.342817e-01 3.820975e-01 3.500280e-01 4.768032e-01 4.627942e-01 4.005347e-01 4.434829e-01 4.172514e-01 5.502306e-01 4.425671e-01 2.677902e-01 3.914194e-01 4.034749e-01 3.910999e-01 3.717876e-01 4.102435e-01 3.976270e-01 3.045750e-01 4.813053e-01 5.112418e-01 3.833198e-01 4.931605e-01 3.778990e-01 3.634553e-01 4.837470e-01 2.762714e-01 3.896553e-01 4.145217e-01 5.145352e-01 6.552966e-01 3.484493e-01 3.847926e-01 3.723814e-01 4.059363e-01 3.077163e-01 3.902369e-01 3.878465e-01 4.204533e-01 4.578391e-01 4.745815e-01 4.178162e-01 3.453090e-01 3.829709e-01 3.759831e-01 5.768280e-01 3.845885e-01 3.452562e-01 3.351437e-01 3.178700e-01 5.339839e-01 4.674158e-01 3.266261e-01 2.950791e-01 4.016038e-01 3.749354e-01 4.447585e-01 4.796888e-01 4.192179e-01 5.504766e-01 3.848900e-01 3.283251e-01 4.493816e-01
<VARIANCE> 142
 1.409644e-02 2.482395e-02 8.170084e-03 8.861814e-03 2.267388e-02 4.583441e-02 1.599244e-02 5.588351e-03 5.899157e-03 2.510965e-03 1.192470e-02 4.525941e-03 1.320868e-02 2.116477e-02 5.958423e-03 1.780289e-02 5.418363e-03 6.102622e-03 2.455070e-02 4.515448e-02 1.048139e-02 1.109130e-02 2.059886e-02 6.492815e-03 1.350150e-02 1.191485e-02 1.546653e-02 5.072413e-03 1.858518e-02 1.124513e-02 9.039223e-03 1.021298e-02 7.182971e-03 7.729030e-03 1.431798e-03 9.684671e-03 1.357953e-02 3.422226e-03 1.530759e-02 1.604678e-02 6.650291e-03 8.084026e-03 7.121589e-03 2.985057e-02 3.847357e-02 5.054172e-03 1.075531e-02 1.924805e-03 1.503704e-02 7.612467e-03 1.189628e-02 6.678825e-03 1.513547e-03 4.854049e-03 1.378210e-02 3.064600e-02 3.466044e-02 2.390454e-02 2.248952e-02 1.668096e-02 1.000329e-02 2.053809e-03 3.372850e-03 2.551627e-03 7.987366e-03 4.657017e-03 5.256982e-03 2.573454e-02 5.153100e-03 1.304854e-03 4.862761e-03 4.027676e-03 6.179777e-03 6.669550e-03 3.038470e-02 1.580325e-02 2.218381e-03 2.030367e-02 8.773541e-03 1.062409e-02 6.772103e-03 1.232437e-02 4.172368e-03 8.576873e-03 2.409088e-02 4.607846e-03 8.056069e-03 3.713909e-03 6.233871e-03 1.584601e-02 1.469259e-02 1.605361e-02 4.694251e-03 4.302907e-03 6.575072e-03 3.995455e-03 1.942051e-03 3.284174e-03 8.615414e-03 4.753959e-03 4.548225e-03 7.343004e-03 1.143150e-02 6.491896e-03 2.946602e-02 3.897413e-03 5.126029e-03 8.987862e-03 2.057195e-02 3.930453e-02 6.108060e-03 7.230055e-03 1.300729e-02 7.836379e-03 7.162154e-03 1.317170e-03 1.162737e-02 3.742739e-03 1.511350e-02 1.277495e-02 4.716050e-03 1.350073e-02 2.083322e-02 2.180031e-03 4.677420e-02 8.295984e-03 5.738693e-03 5.273275e-03 8.539994e-03 3.008903e-02 2.439360e-03 2.684454e-02 8.104052e-03 2.253843e-03 2.175510e-02 6.729892e-03 6.933308e-03 8.603843e-03 2.497703e-02 6.796832e-03 1.133017e-02 5.054967e-03
<GCONST> -4.126241e+02
<TRANSP> 4
 0.000000e+00 1.000000e+00 0.000000e+00 0.000000e+00
 0.000000e+00 5.000000e-01 5.000000e-01 0.000000e+00
 0.000000e+00 0.000000e+00 5.000000e-01 5.000000e-01
 0.000000e+00 0.000000e+00 0.000000e+00 0.000000e+00
<ENDHMM>
