~o
<STREAMINFO> 1 142
<VECSIZE> 142<NULLD><USER><DIAGC>
~h "badge"
<BEGINHMM>
<NUMSTATES> 4
<STATE> 2
<MEAN> 142
 8.452213e-01 3.492089e-01 4.725341e-01 3.232738e-01 2.669001e-01 3.615896e-01 4.633930e-01 3.851044e-01 2.968519e-01 3.734164e-01 4.551401e-01 4.634976e-01 4.137208e-01 4.625055e-01 1.892986e-01 2.889297e-01 3.769463e-01 3.607132e-01 3.961594e-01 4.655749e-01 4.753005e-01 4.884530e-01 4.620296e-01 3.802560e-01 4.337416e-01 3.670549e-01 4.027295e-01 3.555880e-01 3.872665e-01 3.083720e-01 4.475667e-01 4.438443e-01 5.255997e-01 3.917233e-01 4.256664e-01 3.222479e-01 2.884335e-01 2.711718e-01 2.605887e-01 2.747120e-01 2.782210e-01 3.542579e-01 3.142158e-01 4.454473e-01 2.457340e-01 4.339042e-01 4.594748e-01 3.618553e-01 4.069632e-01 3.543853e-01 4.788757e-01 4.662019e-01 4.576644e-01 2.132118e-01 5.290897e-01 3.150318e-01 5.409518e-01 4.244740e-01 3.922723e-01 2.699495e-01 5.273778e-01 4.775945e-01 3.852188e-01 4.073393e-01 3.517937e-01 4.891398e-01 3.385206e-01 4.141639e-01 4.775203e-01 3.316573e-01 5.116504e-01 5.271293e-01 4.731984e-01 4.441788e-01 4.394915e-01 4.047872e-01 4.976930e-01 4.882039e-01 4.677291e-01 4.269513e-01 3.841294e-01 3.091055e-01 3.198012e-01 4.732230e-01 2.945353e-01 4.707225e-01 3.937895e-01 4.173761e-01 4.124162e-01 3.472243e-01 4.094245e-01 3.899325e-01 3.728236e-01 3.964486e-01 4.004964e-01 4.866526e-01 4.299899e-01 3.073182e-01 3.975360e-01 4.495327e-01 3.934357e-01 5.127379e-01 3.695482e-01 2.747000e-01 3.484832e-01 3.334446e-01 4.006356e-01 3.595282e-01 4.299142e-01 3.615118e-01 4.589197e-01 4.068345e-01 3.001607e-01 3.055081e-01 3.760241e-01 4.216707e-01 3.331277e-01 4.191885e-01 3.999415e-01 4.839358e-01 3.966395e-01 5.834829e-01 5.088716e-01 4.055775e-01 5.251055e-01 4.488274e-01 4.153191e-01 3.223010e-01 3.286111e-01 4.434963e-01 4.013799e-01 3.777183e-01 4.361485e-01 4.203999e-01 3.184170e-01 3.565429e-01 5.065260e-01 2.799899e-01 2.962496e-01 3.215362e-01 5.116565e-01 5.667407e-01
<VARIANCE> 142
 4.616814e-02 4.206921e-03 9.529695e-03 3.662151e-03 6.142464e-03 5.562374e-03 7.549124e-03 4.711573e-03 2.043671e-03 7.387341e-03 1.740680e-03 1.660347e-03 3.480894e-03 4.211492e-03 4.055092e-03 4.279256e-03 4.590624e-03 1.003159e-02 6.339662e-03 3.721197e-03 1.275416e-03 4.324822e-03 7.486858e-03 1.718034e-03 5.364854e-03 1.448621e-03 2.376119e-03 1.273422e-03 6.957949e-03 2.788063e-03 1.858885e-03 4.822138e-03 1.054303e-02 7.061407e-03 2.563179e-03 1.013108e-02 1.138538e-02 1.128358e-02 3.416325e-03 7.929533e-03 6.170248e-03 3.610091e-03 5.728282e-03 1.102155e-02 4.324416e-03 3.455982e-03 2.704438e-03 2.060367e-03 8.050079e-03 3.769569e-03 2.450564e-03 3.913785e-03 3.726688e-03 3.552476e-03 1.009364e-02 6.786318e-03 7.664654e-03 2.577450e-03 6.461091e-03 1.093269e-02 7.714277e-03 8.463690e-03 2.100181e-03 2.752216e-03 1.260296e-03 7.285852e-03 1.435331e-02 9.024021e-03 3.623182e-03 7.954038e-03 2.086501e-03 6.697083e-03 2.478185e-03 4.686004e-03 6.481878e-03 3.500494e-03 1.582074e-03 8.945883e-03 8.555739e-03 1.206004e-03 5.401480e-03 3.957822e-03 2.397289e-03 1.546248e-02 5.466225e-03 1.438617e-02 2.498863e-03 1.991070e-03 7.238935e-03 4.550132e-03 2.596422e-03 9.349192e-03 6.592980e-03 3.128704e-03 4.072160e-03 3.035466e-03 3.766512e-03 5.671608e-03 5.887495e-03 3.223090e-03 9.338199e-03 3.328352e-03 5.810813e-03 5.743033e-03 6.011621e-03 5.596226e-03 5.422651e-03 9.979521e-03 3.134764e-03 1.345027e-03 3.179346e-03 3.152651e-03 1.832183e-03 9.521001e-03 7.257856e-03 6.235522e-03 4.052980e-03 6.854866e-03 1.392634e-03 3.820312e-03 2.151323e-03 9.428181e-03 1.370331e-02 9.939636e-03 8.689711e-03 7.253885e-03 2.797436e-03 6.341114e-03 5.804427e-03 2.034851e-03 1.771355e-03 5.962468e-03 1.437668e-02 1.485959e-02 3.006927e-03 9.111383e-03 1.532602e-02 2.505177e-03 1.587837e-03 1.001455e-03 4.259059e-03 7.575270e-03
<GCONST> -5.016606e+02
<STATE> 3
<MEAN> 142
 5.815145e-01 3.122496e-01 4.022073e-01 2.929860e-01 3.348723e-01 2.353068e-01 3.436304e-01 2.927627e-01 3.704521e-01 3.198122e-01 4.066100e-01 4.878748e-01 4.064625e-01 4.503254e-01 3.726122e-01 2.504396e-01 4.163811e-01 4.025959e-01 2.916384e-01 4.015154e-01 4.071749e-01 3.942913e-01 3.351922e-01 3.988014e-01 4.620628e-01 4.124272e-01 3.259983e-01 4.403805e-01 4.460306e-01 4.008203e-01 4.833467e-01 4.017744e-01 3.820921e-01 4.554910e-01 4.490529e-01 3.100894e-01 3.324810e-01 3.940472e-01 3.231820e-01 3.927271e-01 3.461902e-01 4.379470e-01 3.335282e-01 3.144099e-01 2.834495e-01 3.868221e-01 4.487274e-01 3.805197e-01 3.295493e-01 3.139704e-01 3.886375e-01 3.820958e-01 3.925631e-01 2.981127e-01 4.407947e-01 4.307461e-01 3.499301e-01 2.639585e-01 2.839487e-01 3.182363e-01 4.045849e-01 4.646905e-01 3.776250e-01 4.058662e-01 4.521998e-01 4.455153e-01 3.741551e-01 3.270401e-01 3.799300e-01 3.492378e-01 5.173914e-01 3.716058e-01 3.652998e-01 4.629715e-01 2.851585e-01 4.202022e-01 4.917507e-01 4.316668e-01 4.061242e-01 3.681719e-01 4.329744e-01 2.845113e-01 3.673678e-01 3.493794e-01 3.870779e-01 3.889634e-01 4.577551e-01 4.232253e-01 4.103958e-01 3.120096e-01 3.804961e-01 2.558210e-01 4.608811e-01 3.648501e-01 4.116193e-01 4.852579e-01 5.016336e-01 3.884724e-01 4.404351e-01 4.270301e-01 4.807935e-01 4.241772e-01 3.978399e-01 3.949251e-01 2.789200e-01 2.699210e-01 3.251153e-01 4.439010e-01 3.760856e-01 3.253743e-01 3.862389e-01 3.531893e-01 3.234995e-01 2.968589e-01 3.467416e-01 4.602222e-01 2.954121e-01 3.791940e-01 4.264434e-01 3.782344e-01 3.621083e-01 4.885497e-01 4.347815e-01 3.560225e-01 3.528385e-01 4.361981e-01 4.467946e-01 4.032908e-01 3.787495e-01 3.315706e-01 4.189543e-01 4.193281e-01 3.952332e-01 5.042081e-01 3.564968e-01 4.029614e-01 3.739367e-01 3.924958e-01 3.775161e-01 3.170018e-01 4.757083e-01 4.596529e-01
<VARIANCE> 142
 2.253282e-02 2.122913e-02 4.417656e-03 3.886555e-03 5.684451e-03 1.052452e-02 9.860649e-03 6.942061e-03 3.589503e-03 2.905439e-03 1.002981e-02 4.797332e-03 6.463854e-03 3.018487e-02 2.534010e-02 2.548745e-03 3.303448e-02 1.129105e-02 4.190461e-03 2.132950e-03 3.199235e-03 1.356344e-02 4.304828e-03 7.803550e-03 4.138211e-03 5.772148e-03 3.948393e-03 2.472430e-03 1.671821e-02 3.346316e-03 1.000000e-03 6.291656e-03 2.005994e-02 4.063799e-03 1.696601e-03 7.014099e-03 2.253136e-03 1.481510e-02 1.288315e-02 7.492957e-02 1.198677e-02 4.325463e-02 2.314286e-03 6.883645e-03 9.725430e-03 2.127939e-03 1.000000e-03 1.203734e-02 3.676142e-03 1.000000e-03 5.845869e-03 3.650238e-03 4.876309e-03 3.361317e-03 4.002538e-03 2.061949e-02 8.259741e-03 7.861140e-03 4.595703e-03 1.482036e-02 1.301582e-02 1.512636e-03 1.000000e-03 5.476866e-03 6.320160e-03 4.082427e-03 5.679268e-03 1.642364e-02 7.681965e-03 8.585644e-03 1.000000e-03 1.433465e-02 6.075302e-03 7.023941e-03 1.099011e-02 4.796624e-03 1.139432e-02 1.243515e-02 2.447771e-03 8.218744e-03 1.401828e-03 1.066782e-02 1.649015e-02 6.376765e-03 1.956694e-02 5.711547e-03 6.713717e-03 1.096341e-02 3.744948e-03 4.545865e-03 1.000000e-03 1.028851e-02 4.303425e-03 3.147082e-03 3.430923e-03 2.673986e-03 3.202051e-03 9.507340e-03 4.654076e-03 9.563133e-03 4.130488e-03 3.616730e-03 1.605680e-02 1.249252e-02 1.993877e-03 1.138944e-02 5.190404e-03 4.041150e-03 2.270312e-02 7.564904e-03 7.953397e-03 7.947739e-03 8.001522e-03 5.545542e-03 2.496598e-03 1.672096e-02 1.712599e-02 1.879949e-03 2.589051e-03 6.065285e-03 2.384609e-02 1.113467e-02 3.388087e-03 1.973682e-03 1.128028e-02 9.048625e-03 2.083348e-03 1.705658e-02 1.310107e-02 1.129666e-02 3.783177e-02 2.053310e-03 1.717851e-02 8.652681e-03 1.843542e-03 4.354160e-03 1.041349e-02 1.000967e-02 1.059107e-02 8.304609e-03 4.343157e-03 7.172811e-03
<GCONST> -4.580032e+02
<TRANSP> 4
 0.000000e+00 1.000000e+00 0.000000e+00 0.000000e+00
 0.000000e+00 5.000000e-01 5.000000e-01 0.000000e+00
 0.000000e+00 0.000000e+00 5.000000e-01 5.000000e-01
 0.000000e+00 0.000000e+00 0.000000e+00 0.000000e+00
<ENDHMM>
