~o
<STREAMINFO> 1 142
<VECSIZE> 142<NULLD><USER><DIAGC>
~h "bald"
<BEGINHMM>
<NUMSTATES> 4
<STATE> 2
<MEAN> 142
 5.952933e-01 2.967327e-01 3.540490e-01 4.123058e-01 3.573334e-01 4.055567e-01 5.393057e-01 3.798585e-01 4.385360e-01 3.847545e-01 4.171506e-01 4.432352e-01 4.196752e-01 4.416473e-01 3.975877e-01 4.729428e-01 3.866742e-01 3.390412e-01 3.802848e-01 4.408828e-01 4.836128e-01 4.710853e-01 4.457085e-01 4.607383e-01 4.388173e-01 4.934253e-01 3.973742e-01 3.789914e-01 3.694825e-01 4.469850e-01 4.847562e-01 3.871336e-01 5.034801e-01 4.468398e-01 4.115891e-01 3.321066e-01 3.395491e-01 3.666706e-01 3.076057e-01 5.469530e-01 3.731210e-01 3.449498e-01 3.261820e-01 3.286717e-01 3.246744e-01 3.579644e-01 4.305499e-01 5.169100e-01 4.658812e-01 3.532369e-01 5.671856e-01 4.393409e-01 4.194109e-01 3.747271e-01 4.754989e-01 3.346348e-01 3.520016e-01 4.045733e-01 3.622770e-01 4.458745e-01 6.299945e-01 4.311081e-01 3.341425e-01 3.858569e-01 4.083862e-01 5.321872e-01 4.200362e-01 4.575153e-01 4.288679e-01 3.314621e-01 4.917713e-01 4.115701e-01 3.585667e-01 4.297166e-01 4.185805e-01 4.697743e-01 4.801446e-01 4.325279e-01 4.421798e-01 4.796033e-01 4.181276e-01 3.263918e-01 4.038619e-01 4.031728e-01 5.026644e-01 4.676944e-01 4.683510e-01 4.305815e-01 4.321761e-01 4.427343e-01 3.451579e-01 4.311800e-01 4.303017e-01 3.397132e-01 4.037468e-01 4.908051e-01 4.617817e-01 3.339962e-01 4.463826e-01 5.047278e-01 3.718010e-01 4.177417e-01 3.881403e-01 3.744014e-01 3.807148e-01 2.910699e-01 3.903228e-01 3.720419e-01 4.476055e-01 4.595250e-01 3.794648e-01 3.573643e-01 4.979388e-01 2.882991e-01 3.389396e-01 4.565256e-01 3.423125e-01 4.387598e-01 4.180994e-01 4.050325e-01 3.731091e-01 4.550211e-01 4.225178e-01 3.786903e-01 4.511136e-01 3.484261e-01 3.907181e-01 3.306877e-01 2.575032e-01 4.297193e-01 5.483769e-01 3.673292e-01 4.132058e-01 4.488407e-01 3.743517e-01 4.168945e-01 5.494969e-01 4.455486e-01 5.725249e-01 3.593675e-01 4.150251e-01 4.702688e-01
<VARIANCE> 142
 3.217937e-02 5.497415e-03 1.462264e-02 2.354811e-02 8.941910e-03 9.480298e-03 2.825728e-02 1.253283e-02 1.383774e-02 5.912802e-03 3.101669e-03 1.079072e-03 1.859684e-02 4.607446e-03 1.805118e-02 3.276218e-02 1.837598e-03 6.187225e-03 8.514787e-03 1.988774e-02 1.007878e-02 6.180112e-03 5.892737e-03 4.932192e-03 3.778096e-03 2.640723e-02 1.255700e-02 4.453449e-03 6.326776e-03 1.584989e-02 2.702786e-03 7.689459e-03 3.747467e-02 5.960352e-03 5.001429e-03 9.159770e-03 4.688496e-03 6.327116e-02 8.779612e-03 3.129636e-02 4.517071e-02 3.596477e-03 2.337762e-03 2.917544e-02 1.973686e-02 9.522324e-03 4.524018e-03 2.785749e-02 6.510068e-03 3.900920e-03 4.284625e-03 4.821081e-02 1.825066e-02 1.419504e-02 1.695976e-03 2.687456e-03 1.992672e-02 3.159999e-03 6.984825e-03 2.239450e-02 1.164010e-02 3.031747e-03 1.145604e-02 1.947877e-02 2.907583e-02 1.943350e-02 6.457036e-02 1.854957e-02 7.567858e-03 3.439529e-02 4.081125e-03 9.164731e-03 3.118640e-03 5.807113e-03 1.244014e-02 3.041867e-02 5.759482e-03 1.369776e-02 1.356259e-02 1.846019e-02 4.408407e-03 3.225773e-03 2.415280e-02 1.093674e-02 3.319617e-02 6.784901e-03 7.037928e-03 1.235500e-03 1.867211e-03 6.740440e-03 1.170873e-02 1.089801e-02 2.481155e-03 4.892899e-03 1.706461e-02 3.708462e-03 8.148656e-03 3.606117e-02 8.463826e-03 5.247833e-03 1.922337e-03 3.616471e-03 5.383504e-03 1.889738e-02 3.402312e-03 7.685873e-03 2.844789e-02 1.608903e-02 1.347594e-02 7.956835e-03 5.876499e-03 4.766603e-03 3.105066e-02 9.393184e-03 9.814814e-03 9.004051e-03 4.632903e-03 3.658850e-03 2.852151e-03 4.393451e-03 2.071915e-03 1.246963e-02 2.282353e-03 7.384477e-03 7.499865e-03 1.781496e-02 2.325420e-03 2.079766e-02 1.036857e-02 2.047230e-03 1.901767e-02 6.182237e-03 1.192060e-02 2.087353e-02 1.026276e-02 9.972422e-03 1.281097e-02 9.211665e-03 4.314695e-02 4.517836e-03 6.525935e-03 3.573878e-03
<GCONST> -4.109534e+02
<STATE> 3
<MEAN> 142
 5.830523e-01 3.328882e-01 2.942536e-01 3.301859e-01 3.023517e-01 3.017893e-01 3.774677e-01 3.314427e-01 3.458856e-01 3.990943e-01 3.925767e-01 3.978135e-01 3.664102e-01 4.392755e-01 3.743763e-01 3.703027e-01 3.957002e-01 3.778940e-01 2.782960e-01 3.263672e-01 4.405130e-01 4.433621e-01 3.245561e-01 4.469401e-01 4.302162e-01 3.681948e-01 3.893007e-01 4.128070e-01 4.028722e-01 3.746956e-01 4.679126e-01 4.098864e-01 3.722119e-01 4.247133e-01 4.150994e-01 3.652595e-01 3.837555e-01 3.791679e-01 3.511752e-01 4.145626e-01 4.157029e-01 4.109104e-01 3.001712e-01 3.117437e-01 2.188934e-01 3.763061e-01 4.422145e-01 4.391747e-01 4.165401e-01 3.064782e-01 4.658214e-01 3.821265e-01 4.078916e-01 2.893919e-01 4.514013e-01 3.680090e-01 4.039608e-01 3.082066e-01 3.586119e-01 3.400792e-01 4.171275e-01 4.576086e-01 3.516101e-01 3.655087e-01 4.277678e-01 3.923567e-01 3.938546e-01 4.199457e-01 4.498740e-01 4.070297e-01 4.423249e-01 4.093085e-01 3.758322e-01 3.433890e-01 2.926145e-01 3.596055e-01 4.622937e-01 4.148774e-01 4.574527e-01 3.921648e-01 4.627336e-01 3.903908e-01 4.017170e-01 4.478282e-01 3.603082e-01 4.211262e-01 4.065759e-01 4.192199e-01 4.839446e-01 3.946052e-01 3.174810e-01 3.490685e-01 4.102118e-01 3.611468e-01 4.009728e-01 4.377772e-01 4.268983e-01 3.340890e-01 4.510752e-01 4.083470e-01 3.860933e-01 4.389493e-01 3.462339e-01 3.427269e-01 3.267084e-01 2.787745e-01 3.579552e-01 3.924722e-01 3.733718e-01 3.601083e-01 3.701810e-01 3.630242e-01 3.395070e-01 3.316394e-01 3.639755e-01 4.059494e-01 3.441272e-01 4.159066e-01 4.147176e-01 3.893818e-01 4.067291e-01 4.416001e-01 4.412654e-01 4.183401e-01 3.642769e-01 3.728516e-01 4.095170e-01 3.479875e-01 2.926787e-01 3.623184e-01 4.221184e-01 4.174116e-01 3.929226e-01 3.933591e-01 4.239927e-01 4.344560e-01 4.262386e-01 4.717872e-01 4.507778e-01 3.900061e-01 3.892020e-01 4.093418e-01
<VARIANCE> 142
 3.124570e-02 6.025020e-03 5.360374e-03 8.731928e-03 9.510147e-03 1.645650e-02 9.264915e-03 2.373748e-02 5.705833e-03 3.925114e-03 9.425223e-03 3.289858e-03 1.336214e-02 1.227300e-02 2.240754e-02 1.661863e-02 1.117820e-02 1.556453e-02 8.088135e-03 1.914371e-02 7.275888e-03 5.394379e-03 1.445300e-02 7.009504e-03 2.165342e-03 5.839126e-03 6.992500e-03 4.756776e-03 9.557729e-03 7.455429e-03 3.603411e-03 9.610408e-03 1.122267e-02 7.104654e-03 4.142213e-03 2.321551e-02 1.256256e-02 2.343842e-02 1.296652e-02 4.847585e-02 2.375510e-02 9.318531e-03 7.379454e-03 1.604787e-02 9.594420e-03 8.020537e-03 1.405505e-02 2.221651e-02 1.481165e-02 8.895693e-03 5.468744e-03 1.984271e-02 5.218342e-03 6.039357e-03 5.350251e-03 1.934048e-03 1.571781e-02 4.709351e-03 5.577228e-03 2.326136e-02 6.666175e-03 6.895056e-03 9.899160e-03 7.499150e-03 9.331057e-03 1.090686e-02 3.121269e-02 1.183434e-02 5.967466e-03 1.133490e-02 5.565251e-03 1.990226e-02 1.499138e-03 6.023976e-03 1.610768e-02 1.012153e-02 5.929602e-03 1.209794e-02 5.556510e-03 9.344731e-03 5.122829e-03 9.649748e-03 2.023491e-02 9.072365e-03 1.089124e-02 2.142541e-02 3.207668e-03 2.809301e-03 3.385902e-03 1.679066e-02 1.202860e-02 1.987137e-02 4.276793e-03 9.943170e-03 3.818525e-03 5.584321e-03 1.191398e-02 2.108816e-02 1.209830e-02 3.281346e-03 3.218775e-03 4.686101e-03 5.233411e-03 5.783854e-03 7.907858e-03 8.335595e-03 1.176495e-02 1.547224e-02 1.570138e-02 1.571994e-02 6.799378e-03 9.412415e-03 1.261841e-02 1.135389e-02 6.041303e-03 1.155755e-02 1.336141e-02 4.744975e-03 5.727728e-03 4.863200e-03 8.100753e-03 7.747642e-03 5.882081e-03 2.352395e-02 1.410952e-02 8.140003e-03 8.746961e-03 1.201377e-02 1.243416e-02 5.855413e-03 1.651214e-02 1.899667e-02 1.272194e-02 8.796833e-03 4.607657e-02 1.533759e-02 1.390218e-02 3.526317e-02 4.650808e-02 1.284271e-02 1.184000e-02 3.612363e-03
<GCONST> -4.012244e+02
<TRANSP> 4
 0.000000e+00 1.000000e+00 0.000000e+00 0.000000e+00
 0.000000e+00 5.000000e-01 5.000000e-01 0.000000e+00
 0.000000e+00 0.000000e+00 5.000000e-01 5.000000e-01
 0.000000e+00 0.000000e+00 0.000000e+00 0.000000e+00
<ENDHMM>
