~o
<STREAMINFO> 1 142
<VECSIZE> 142<NULLD><USER><DIAGC>
~h "believe"
<BEGINHMM>
<NUMSTATES> 4
<STATE> 2
<MEAN> 142
 6.014709e-01 3.592200e-01 3.660096e-01 3.272277e-01 3.179209e-01 3.277270e-01 4.163559e-01 3.948196e-01 3.977531e-01 4.334632e-01 4.691189e-01 4.528890e-01 3.782234e-01 4.628258e-01 3.105708e-01 3.642424e-01 4.376028e-01 4.141404e-01 3.033800e-01 4.270585e-01 4.780856e-01 4.624793e-01 3.911529e-01 4.591311e-01 4.449500e-01 3.967483e-01 4.198160e-01 3.885726e-01 4.181064e-01 4.029785e-01 4.711539e-01 3.870079e-01 4.274814e-01 4.904454e-01 4.441870e-01 3.470336e-01 3.397920e-01 3.163967e-01 3.794883e-01 3.398052e-01 3.453913e-01 4.413228e-01 3.136666e-01 3.726617e-01 2.622704e-01 3.796091e-01 4.125788e-01 4.142425e-01 3.905225e-01 3.275175e-01 4.557107e-01 4.028206e-01 4.400211e-01 2.774509e-01 4.100054e-01 3.953903e-01 3.924910e-01 3.691089e-01 3.412613e-01 3.170775e-01 4.976445e-01 4.783322e-01 3.873539e-01 3.943379e-01 3.939233e-01 4.257657e-01 3.256616e-01 4.009844e-01 3.699232e-01 3.660198e-01 4.625657e-01 3.904454e-01 4.009288e-01 4.463230e-01 3.149084e-01 3.481975e-01 4.048246e-01 3.758610e-01 4.818330e-01 4.654747e-01 4.519726e-01 3.281584e-01 3.618201e-01 3.717141e-01 3.464928e-01 3.892609e-01 3.647845e-01 3.942458e-01 4.787916e-01 3.523887e-01 3.660532e-01 3.251662e-01 3.992274e-01 3.509469e-01 4.160948e-01 4.678136e-01 4.047557e-01 3.201111e-01 4.504744e-01 4.429276e-01 3.992077e-01 4.693315e-01 3.486407e-01 3.588857e-01 3.270469e-01 3.248202e-01 3.290839e-01 3.905189e-01 3.830187e-01 3.726273e-01 4.018881e-01 3.777840e-01 3.454759e-01 3.561768e-01 3.478920e-01 3.712921e-01 3.553547e-01 4.074433e-01 4.344463e-01 4.060554e-01 3.913186e-01 4.675294e-01 4.091473e-01 3.570917e-01 4.211113e-01 4.123797e-01 3.885654e-01 3.619704e-01 3.690155e-01 4.162414e-01 4.021121e-01 3.509251e-01 3.360982e-01 4.213763e-01 3.465157e-01 3.519281e-01 5.007227e-01 3.728075e-01 3.753364e-01 3.913999e-01 4.766503e-01 4.682037e-01
<VARIANCE> 142
 4.295431e-02 4.007497e-03 1.388919e-02 9.254668e-03 1.923870e-02 1.564813e-02 2.785561e-02 5.106471e-03 6.520261e-03 1.347809e-02 1.401207e-02 2.346973e-03 7.463781e-03 1.855145e-02 1.353100e-02 1.263302e-02 4.841858e-03 1.271738e-02 7.697822e-03 6.475521e-03 1.208634e-02 9.661625e-03 1.070568e-02 5.611723e-03 4.631510e-03 4.516061e-03 5.549922e-03 4.346820e-03 5.029864e-03 8.876690e-03 2.632469e-03 1.099779e-02 3.117992e-02 1.780819e-02 6.210650e-03 9.730290e-03 9.869615e-03 1.150593e-02 1.373428e-02 1.753256e-02 1.510210e-02 4.556484e-03 1.046867e-02 6.407249e-03 1.189449e-02 7.273248e-03 1.376747e-02 5.790138e-03 1.144809e-02 7.453611e-03 7.074533e-03 4.101638e-03 4.372920e-03 7.487722e-03 1.401757e-02 1.056307e-02 1.452993e-02 6.516010e-03 9.002899e-03 2.073408e-02 2.629075e-02 1.767796e-02 8.487045e-03 5.166693e-03 1.551257e-02 1.123820e-02 9.538189e-03 1.986804e-02 1.126506e-02 1.612385e-02 5.274649e-03 8.902354e-03 1.019607e-02 7.616085e-03 1.307590e-02 7.972904e-03 8.188665e-03 1.582666e-02 1.096204e-02 7.802265e-03 6.712005e-03 5.441473e-03 1.011136e-02 6.789288e-03 1.428568e-02 1.759207e-02 4.256381e-03 3.278262e-03 1.787219e-03 1.046724e-02 9.840169e-03 1.201097e-02 7.535191e-03 5.357932e-03 5.676144e-03 3.560789e-03 3.437912e-03 1.039365e-02 1.593381e-02 7.447689e-03 1.136091e-02 7.473078e-03 6.668486e-03 1.645061e-02 6.623463e-03 9.383429e-03 6.720583e-03 1.345296e-02 1.232846e-02 1.006247e-02 6.207210e-03 6.891042e-03 1.765962e-02 1.936783e-02 6.145111e-03 5.045076e-03 4.827697e-03 1.087174e-02 4.962731e-03 8.165375e-03 2.519848e-03 1.623495e-02 8.327664e-03 1.577706e-02 1.032513e-02 4.725580e-03 1.237914e-02 1.632728e-02 1.384751e-02 7.345798e-03 1.296323e-02 1.265619e-02 5.435818e-03 1.160346e-02 1.005020e-02 1.172763e-02 2.182760e-02 1.068657e-02 2.301689e-02 3.680073e-03 1.231598e-02 1.752164e-02
<GCONST> -4.055375e+02
<STATE> 3
<MEAN> 142
 5.645217e-01 4.103863e-01 3.622267e-01 3.714193e-01 3.711975e-01 2.425943e-01 3.969530e-01 3.256741e-01 3.689381e-01 4.085774e-01 4.352987e-01 4.569819e-01 3.693208e-01 4.625157e-01 3.277018e-01 3.514363e-01 4.356201e-01 4.241981e-01 3.364453e-01 3.842302e-01 4.173680e-01 4.466214e-01 3.752071e-01 4.995409e-01 4.745687e-01 3.923641e-01 4.130719e-01 4.478163e-01 4.787872e-01 4.083507e-01 4.580511e-01 4.299815e-01 4.246605e-01 4.773258e-01 4.300041e-01 3.341112e-01 3.487789e-01 3.289406e-01 4.162775e-01 3.424527e-01 3.745241e-01 5.060024e-01 3.686823e-01 3.339756e-01 2.756000e-01 4.255788e-01 4.366818e-01 3.762915e-01 4.113613e-01 3.888864e-01 5.122278e-01 4.025188e-01 4.160590e-01 3.070593e-01 4.748425e-01 4.492925e-01 3.750355e-01 2.921076e-01 3.495507e-01 3.230968e-01 4.208059e-01 4.867596e-01 4.021049e-01 4.146419e-01 4.229065e-01 4.547903e-01 3.399535e-01 3.888938e-01 4.137364e-01 4.100820e-01 4.709913e-01 4.159724e-01 4.108109e-01 4.204989e-01 3.162972e-01 3.833799e-01 4.330167e-01 4.406571e-01 4.510338e-01 4.318094e-01 4.819056e-01 4.244623e-01 4.061545e-01 4.138809e-01 3.726358e-01 4.276658e-01 3.990174e-01 4.337399e-01 4.817522e-01 3.600551e-01 4.092273e-01 3.171574e-01 4.414404e-01 4.072221e-01 4.382099e-01 4.441609e-01 4.508531e-01 3.583303e-01 4.612959e-01 4.526768e-01 4.128341e-01 4.785642e-01 3.814799e-01 4.463418e-01 2.972627e-01 3.359959e-01 4.008397e-01 4.411334e-01 3.490683e-01 3.640463e-01 4.142051e-01 4.185857e-01 3.819278e-01 3.824376e-01 3.590903e-01 4.104253e-01 4.328631e-01 4.214586e-01 4.900759e-01 4.314662e-01 4.523216e-01 4.826544e-01 4.917589e-01 4.099712e-01 3.965994e-01 4.199186e-01 4.402158e-01 4.088093e-01 4.273532e-01 3.763608e-01 3.978378e-01 4.369642e-01 3.803393e-01 4.379661e-01 3.887649e-01 4.293886e-01 4.435286e-01 4.457889e-01 3.764926e-01 4.194137e-01 4.798444e-01 4.206114e-01
<VARIANCE> 142
 4.612178e-02 4.820853e-03 8.505588e-03 1.062173e-02 1.581861e-02 1.036461e-02 3.038484e-02 1.799383e-02 5.922693e-03 1.460629e-02 6.397747e-03 7.878413e-03 7.854773e-03 1.394686e-02 1.648814e-02 2.286631e-02 1.049192e-02 8.789908e-03 8.855292e-03 9.036449e-03 1.122953e-02 1.198607e-02 5.338006e-03 5.610164e-03 2.462587e-03 1.299679e-02 7.081346e-03 1.394270e-02 1.128660e-02 1.838085e-02 3.404228e-03 9.559009e-03 2.536489e-02 1.489432e-02 3.203298e-03 1.264927e-02 9.801841e-03 1.279265e-02 1.776296e-02 2.285491e-02 5.342414e-03 1.538644e-02 1.427382e-02 1.292888e-02 2.049813e-02 5.598354e-03 1.508129e-02 1.736651e-02 8.951370e-03 1.095553e-02 7.282879e-03 7.774758e-03 7.885441e-03 8.832847e-03 1.003509e-02 1.681852e-02 1.428312e-02 8.420522e-03 7.748927e-03 1.620712e-02 2.441889e-02 5.620066e-03 1.046914e-02 1.169961e-02 9.407992e-03 1.268439e-02 1.403186e-02 1.853364e-02 1.344110e-02 1.400652e-02 5.236546e-03 1.764875e-02 6.612837e-03 1.503716e-03 1.283087e-02 6.465469e-03 1.130676e-02 1.372719e-02 1.268733e-02 1.085629e-02 6.339108e-03 8.818015e-03 5.970335e-03 8.113394e-03 3.504191e-02 2.301930e-02 1.579892e-03 3.207599e-03 2.220730e-03 1.316759e-02 1.483729e-02 2.007301e-02 7.004506e-03 2.184601e-02 4.596485e-03 4.487801e-03 6.178740e-03 6.469209e-03 2.483045e-02 6.269665e-03 6.363388e-03 9.314958e-03 5.554714e-03 1.367499e-02 4.754655e-03 1.398262e-02 1.290279e-02 1.322171e-02 9.528931e-03 1.513628e-02 1.318797e-02 1.481408e-02 4.280871e-02 1.201031e-02 4.767184e-03 9.767263e-03 2.116255e-02 1.347202e-02 5.172617e-03 5.487708e-03 8.862584e-03 6.025570e-03 1.152335e-02 2.508848e-02 9.523884e-03 6.267871e-03 1.127138e-02 8.858017e-03 3.975896e-02 7.615722e-03 2.333827e-02 8.398857e-03 1.499422e-02 3.098399e-03 1.041123e-02 1.587793e-02 1.555967e-02 1.588055e-02 3.620251e-02 8.303864e-03 1.239870e-02 1.024198e-02
<GCONST> -3.874710e+02
<TRANSP> 4
 0.000000e+00 1.000000e+00 0.000000e+00 0.000000e+00
 0.000000e+00 5.000000e-01 5.000000e-01 0.000000e+00
 0.000000e+00 0.000000e+00 5.000000e-01 5.000000e-01
 0.000000e+00 0.000000e+00 0.000000e+00 0.000000e+00
<ENDHMM>
