~o
<STREAMINFO> 1 142
<VECSIZE> 142<NULLD><USER><DIAGC>
~h "black"
<BEGINHMM>
<NUMSTATES> 4
<STATE> 2
<MEAN> 142
 6.671799e-01 3.831898e-01 3.470825e-01 4.044761e-01 3.586793e-01 4.204113e-01 4.383181e-01 4.212597e-01 3.931172e-01 3.855622e-01 3.992314e-01 5.137939e-01 4.251390e-01 4.427877e-01 3.736330e-01 4.314885e-01 4.054270e-01 4.201202e-01 3.035353e-01 4.408854e-01 4.295299e-01 4.051128e-01 4.046264e-01 4.335431e-01 4.176753e-01 4.654075e-01 3.648296e-01 4.421102e-01 3.678809e-01 4.420002e-01 4.739570e-01 4.465851e-01 5.346268e-01 4.155600e-01 4.250602e-01 3.589523e-01 3.230798e-01 3.260154e-01 3.209817e-01 4.517004e-01 3.566749e-01 3.697300e-01 3.151234e-01 3.909131e-01 3.533579e-01 4.466036e-01 4.069710e-01 4.452477e-01 3.836540e-01 3.457555e-01 5.044213e-01 4.262423e-01 4.447549e-01 2.903296e-01 4.917585e-01 3.708111e-01 3.480294e-01 3.425983e-01 3.551724e-01 3.380019e-01 5.652668e-01 4.764079e-01 3.836475e-01 4.177295e-01 4.388810e-01 4.976447e-01 3.504581e-01 4.014015e-01 4.624584e-01 3.802430e-01 5.073033e-01 4.946668e-01 4.137675e-01 4.142067e-01 4.035490e-01 4.117301e-01 4.755775e-01 4.275434e-01 4.065242e-01 4.143656e-01 4.506197e-01 3.864512e-01 3.734939e-01 3.911615e-01 4.223216e-01 4.662608e-01 4.391361e-01 4.444225e-01 4.182547e-01 4.707784e-01 3.900961e-01 4.082977e-01 4.895158e-01 4.187661e-01 4.200322e-01 5.227340e-01 4.833160e-01 3.694305e-01 3.809794e-01 4.566362e-01 3.847049e-01 4.340870e-01 3.795021e-01 3.787299e-01 2.984243e-01 2.874590e-01 3.744420e-01 3.669089e-01 3.805799e-01 4.094240e-01 4.274622e-01 4.054590e-01 4.616616e-01 3.167122e-01 3.604761e-01 4.486173e-01 3.480828e-01 3.917572e-01 4.578426e-01 3.999141e-01 3.881252e-01 4.634722e-01 4.365977e-01 4.438176e-01 4.870889e-01 4.131229e-01 4.609597e-01 3.630926e-01 3.797804e-01 4.356217e-01 4.778732e-01 3.877968e-01 4.538698e-01 4.062736e-01 3.744919e-01 3.678440e-01 5.288147e-01 4.235365e-01 4.823668e-01 3.661285e-01 4.656502e-01 4.673161e-01
<VARIANCE> 142
 3.988387e-02 5.153041e-03 1.427755e-02 9.860587e-03 1.472335e-02 2.220456e-02 1.615315e-02 9.127152e-03 8.595238e-03 1.442212e-02 3.093784e-03 3.265569e-03 1.260205e-02 6.381914e-03 2.682541e-02 1.723764e-02 7.182953e-03 7.729873e-03 6.894570e-03 1.862903e-02 7.311091e-03 3.781528e-03 7.697586e-03 5.260598e-03 1.539327e-03 1.924168e-02 7.670765e-03 7.755365e-03 5.738594e-03 2.863841e-02 3.758461e-03 3.582907e-03 2.776158e-02 1.416507e-02 2.312867e-03 1.731440e-02 4.110926e-03 5.295153e-02 1.922118e-02 3.169134e-02 3.534031e-02 5.284874e-03 1.724011e-02 1.771426e-02 2.251943e-02 4.648614e-03 7.425257e-03 1.472227e-02 5.049873e-03 6.327573e-03 4.779095e-03 3.345774e-02 1.894894e-02 1.484425e-02 5.119271e-03 1.274545e-02 1.692774e-02 1.044740e-02 7.471938e-03 1.205393e-02 1.950750e-02 3.063373e-03 2.340315e-03 8.205510e-03 1.038189e-02 2.080405e-02 4.301814e-02 4.674742e-03 1.616967e-02 2.892667e-02 7.617370e-03 2.538792e-02 7.208758e-03 1.604285e-03 1.962178e-02 1.397773e-02 7.808254e-03 2.865495e-02 1.455218e-02 1.757226e-02 9.930987e-03 1.144518e-03 2.860099e-02 9.702526e-03 2.541814e-02 1.221969e-02 3.337333e-03 2.824324e-03 1.757375e-03 1.129162e-02 8.612585e-03 1.021234e-02 1.315734e-02 9.321379e-03 1.311268e-02 5.548568e-03 1.614361e-02 2.355561e-02 1.011856e-02 6.538211e-03 5.673247e-03 3.295923e-03 4.646187e-03 2.170753e-02 3.317689e-03 7.746250e-03 1.336082e-02 2.693890e-02 8.778169e-03 1.561029e-02 1.459614e-02 9.781923e-03 6.035049e-02 9.503733e-03 3.909291e-03 5.789383e-03 2.120470e-02 1.149625e-02 5.325228e-03 1.334851e-03 1.273749e-03 1.245690e-02 6.023018e-03 1.303764e-02 1.459628e-02 8.409921e-03 6.504045e-03 1.463506e-02 2.811017e-02 1.345606e-02 2.361583e-02 1.277894e-02 1.310415e-02 7.970917e-03 1.470324e-02 1.067960e-02 1.604010e-02 1.274695e-02 3.327248e-02 4.490485e-03 8.356734e-03 1.366435e-02
<GCONST> -3.930726e+02
<STATE> 3
<MEAN> 142
 5.925447e-01 4.075727e-01 3.462332e-01 3.254298e-01 3.214384e-01 3.951138e-01 3.748961e-01 2.929461e-01 3.370880e-01 4.701031e-01 4.423125e-01 5.177604e-01 4.507399e-01 4.541560e-01 3.530073e-01 2.916583e-01 4.201283e-01 4.243939e-01 2.948832e-01 3.627307e-01 4.070824e-01 3.506495e-01 3.402710e-01 4.164037e-01 4.372332e-01 3.605786e-01 4.239959e-01 4.183086e-01 3.945296e-01 4.529413e-01 4.696330e-01 3.617951e-01 3.833651e-01 4.330577e-01 4.579714e-01 3.413167e-01 3.833594e-01 3.850457e-01 3.752592e-01 3.595581e-01 4.017258e-01 4.201940e-01 4.000292e-01 2.953887e-01 3.141933e-01 4.506143e-01 3.598642e-01 3.707986e-01 3.295592e-01 3.499142e-01 4.935396e-01 3.662417e-01 4.322478e-01 3.388675e-01 4.215968e-01 3.531592e-01 4.101781e-01 2.645093e-01 3.401764e-01 3.365110e-01 4.034741e-01 4.093390e-01 3.847237e-01 4.151261e-01 4.526322e-01 4.024068e-01 3.943347e-01 3.643531e-01 4.448685e-01 4.735776e-01 4.466434e-01 4.869499e-01 4.379817e-01 3.960030e-01 3.678407e-01 4.049335e-01 4.245915e-01 2.960573e-01 4.090085e-01 3.308416e-01 4.675115e-01 3.293089e-01 4.120201e-01 3.849430e-01 3.989257e-01 4.383293e-01 4.174540e-01 4.823177e-01 4.661141e-01 4.260419e-01 4.247506e-01 4.137260e-01 4.683080e-01 3.845343e-01 3.910494e-01 4.410677e-01 4.112943e-01 3.544281e-01 4.397561e-01 3.550383e-01 3.663567e-01 4.035938e-01 3.407649e-01 4.279723e-01 3.065947e-01 3.049223e-01 3.891061e-01 3.768436e-01 4.129409e-01 3.368571e-01 4.084341e-01 4.356351e-01 3.163875e-01 3.574094e-01 3.680452e-01 4.828650e-01 4.107487e-01 3.553355e-01 4.600188e-01 3.585666e-01 3.733678e-01 4.365322e-01 3.321106e-01 5.372285e-01 3.558186e-01 3.926522e-01 5.065402e-01 4.156103e-01 4.307888e-01 3.855014e-01 3.302086e-01 3.855391e-01 4.652774e-01 3.790208e-01 3.518569e-01 3.880590e-01 4.491038e-01 3.947288e-01 3.528264e-01 3.618157e-01 4.117636e-01 3.692467e-01
<VARIANCE> 142
 7.977393e-03 2.317005e-02 6.019163e-03 9.053252e-03 3.322017e-03 3.583334e-02 1.741751e-02 8.615723e-03 4.843528e-03 9.242909e-03 2.479565e-02 1.759082e-02 1.165516e-02 1.161577e-02 7.464044e-03 4.664617e-03 4.109946e-03 1.034002e-02 5.738645e-03 1.019043e-02 5.491864e-03 1.067372e-02 2.781491e-03 1.049161e-02 3.181046e-03 6.932696e-03 1.738560e-02 1.663971e-02 6.007377e-03 1.097814e-02 3.132159e-03 7.365828e-03 1.622038e-02 1.157796e-02 4.770491e-03 7.088674e-03 1.242937e-02 1.997810e-02 1.663070e-02 8.127463e-03 7.396151e-03 9.580116e-03 1.551427e-02 4.933208e-03 1.287474e-02 1.690382e-02 5.586493e-03 1.023406e-02 4.277444e-03 6.694726e-03 4.194598e-03 1.417355e-02 1.267703e-02 4.802937e-03 1.054302e-02 1.545388e-02 2.892731e-02 2.505752e-03 5.441489e-03 2.272186e-02 8.500536e-03 7.290078e-03 1.059011e-02 1.224865e-02 1.729254e-02 5.557029e-03 1.139081e-02 4.848969e-03 1.086292e-02 1.100594e-02 4.472413e-03 4.145168e-02 8.429741e-03 1.431835e-03 1.167768e-02 7.699074e-03 5.293793e-03 1.360504e-02 6.555435e-03 1.311752e-02 6.473467e-03 1.218513e-03 1.304122e-02 1.029068e-02 9.025504e-03 2.432366e-02 5.004397e-03 2.936928e-03 4.695270e-03 2.635188e-02 1.748012e-02 4.454791e-02 8.982873e-03 2.249060e-02 5.488574e-03 1.492178e-02 7.260389e-03 1.122462e-02 2.006438e-02 2.870098e-03 1.853540e-02 4.533377e-03 4.347593e-03 1.733902e-02 1.969174e-02 5.516599e-03 1.238157e-02 1.288113e-02 8.112763e-03 9.614779e-03 1.572566e-02 2.353992e-02 1.101787e-02 2.737658e-03 8.744918e-03 2.669348e-02 1.826413e-02 1.083798e-02 1.709574e-02 1.177910e-03 4.103464e-03 7.173457e-03 9.218508e-03 7.597508e-02 4.916377e-03 7.535580e-03 8.641880e-03 1.191474e-02 2.218582e-02 5.852026e-03 8.011243e-03 6.118624e-03 1.623388e-02 1.181150e-02 7.912149e-03 7.242544e-03 1.140873e-02 5.618740e-03 1.379518e-02 2.623144e-03 3.814909e-03 1.430949e-02
<GCONST> -4.063680e+02
<TRANSP> 4
 0.000000e+00 1.000000e+00 0.000000e+00 0.000000e+00
 0.000000e+00 5.000000e-01 5.000000e-01 0.000000e+00
 0.000000e+00 0.000000e+00 5.000000e-01 5.000000e-01
 0.000000e+00 0.000000e+00 0.000000e+00 0.000000e+00
<ENDHMM>
