~o
<STREAMINFO> 1 142
<VECSIZE> 142<NULLD><USER><DIAGC>
~h "boy"
<BEGINHMM>
<NUMSTATES> 4
<STATE> 2
<MEAN> 142
 7.019545e-01 3.503699e-01 3.726964e-01 3.568796e-01 2.999513e-01 4.751089e-01 3.896092e-01 3.261758e-01 4.467940e-01 3.675731e-01 4.635775e-01 4.494405e-01 4.276725e-01 4.678694e-01 2.751704e-01 3.033338e-01 3.541546e-01 4.178609e-01 3.814735e-01 4.663733e-01 4.232099e-01 3.869109e-01 4.315279e-01 3.801245e-01 4.267600e-01 4.587836e-01 4.074029e-01 3.791932e-01 3.492278e-01 3.878239e-01 4.546885e-01 4.159049e-01 4.352090e-01 3.882326e-01 3.767462e-01 3.705051e-01 2.793331e-01 3.902803e-01 3.134046e-01 3.251420e-01 4.191561e-01 3.820416e-01 3.777519e-01 3.989938e-01 2.473264e-01 3.841261e-01 3.756795e-01 4.225102e-01 3.547604e-01 3.458753e-01 5.576563e-01 5.247062e-01 4.605588e-01 3.205427e-01 4.604690e-01 3.817258e-01 4.354002e-01 3.795760e-01 4.184929e-01 3.042742e-01 5.282256e-01 4.338971e-01 3.943345e-01 4.697850e-01 5.285608e-01 4.037710e-01 4.691043e-01 4.037153e-01 4.914178e-01 4.419414e-01 4.818164e-01 4.869359e-01 3.513965e-01 3.855896e-01 4.508239e-01 4.702243e-01 4.748490e-01 3.996485e-01 4.353222e-01 3.930361e-01 4.931251e-01 3.172821e-01 3.565916e-01 4.641530e-01 3.717310e-01 4.343406e-01 4.511169e-01 4.844271e-01 4.700735e-01 3.993877e-01 3.994849e-01 3.675870e-01 4.728630e-01 3.686463e-01 3.509595e-01 5.220565e-01 4.268118e-01 4.634887e-01 4.128029e-01 5.140610e-01 3.928791e-01 3.821943e-01 3.761441e-01 4.248264e-01 2.682142e-01 2.543381e-01 4.619592e-01 3.707101e-01 4.528028e-01 3.551103e-01 4.126401e-01 3.879359e-01 3.133058e-01 3.022541e-01 3.573635e-01 4.847387e-01 4.183962e-01 3.487872e-01 4.646762e-01 4.082858e-01 4.195207e-01 4.612031e-01 4.566881e-01 5.128949e-01 4.314861e-01 3.775010e-01 4.532674e-01 5.117071e-01 3.887341e-01 4.247690e-01 4.416474e-01 4.197970e-01 5.357500e-01 4.856626e-01 3.620670e-01 3.955712e-01 4.288645e-01 4.084472e-01 3.548406e-01 3.120122e-01 4.195929e-01 4.260737e-01
<VARIANCE> 142
 3.389356e-02 1.594926e-02 1.637461e-03 3.279546e-03 2.653121e-03 1.175087e-02 3.599459e-03 4.775305e-03 2.656984e-02 1.698174e-03 8.507689e-03 5.661002e-03 5.224581e-03 9.664415e-03 6.804727e-03 4.278291e-03 3.154034e-03 2.191915e-02 9.903585e-03 9.284548e-03 9.269461e-03 1.275463e-02 1.284367e-02 3.238086e-03 1.621101e-03 9.197609e-03 5.188501e-03 1.302999e-02 5.359600e-03 3.051126e-02 1.115512e-03 8.868182e-03 2.251113e-02 3.467320e-03 1.499579e-03 2.927093e-03 8.911354e-03 1.542964e-02 9.136193e-03 1.162990e-02 1.854089e-02 6.628454e-03 9.039387e-03 1.692219e-02 6.155064e-03 2.002871e-02 6.629566e-03 1.295604e-02 9.963956e-03 4.245226e-03 2.094134e-03 2.883269e-02 4.990526e-03 1.380447e-02 9.029644e-03 1.096146e-02 7.670416e-03 7.132780e-03 1.418307e-02 1.215455e-02 2.900621e-03 2.564747e-03 3.536982e-03 6.983028e-03 3.878945e-02 1.310013e-02 2.238282e-02 1.049974e-02 3.658514e-03 2.194002e-02 3.361792e-03 8.109358e-03 1.320122e-02 4.425664e-03 4.355302e-03 2.543183e-03 3.439178e-03 1.359504e-02 6.217383e-03 7.560717e-03 3.607341e-02 2.308724e-03 9.689111e-03 2.031451e-02 8.068048e-03 2.228185e-02 4.196568e-03 2.400054e-03 2.107585e-03 9.093344e-03 5.333919e-03 1.696173e-02 3.930808e-02 4.027786e-03 4.567226e-03 1.523808e-02 1.098660e-02 3.191733e-02 1.684565e-02 2.194952e-02 4.482558e-03 1.742501e-02 4.529449e-03 3.470541e-02 2.256477e-03 1.339436e-02 1.321617e-02 2.201214e-02 1.053452e-02 5.773968e-03 2.987950e-03 5.119779e-03 4.512376e-03 1.873560e-03 7.769992e-03 9.163622e-03 7.074496e-03 8.176523e-03 2.530603e-03 2.946759e-03 2.567648e-03 2.084886e-02 6.901066e-03 1.205458e-02 6.552211e-03 1.063573e-02 1.683398e-02 6.463794e-02 1.723032e-02 4.217654e-03 6.202193e-03 7.030407e-03 1.717884e-02 2.227103e-02 2.560329e-03 1.928064e-03 3.302228e-03 7.731909e-03 1.767576e-02 4.119617e-03 9.974760e-03 8.258803e-03
<GCONST> -4.292780e+02
<STATE> 3
<MEAN> 142
 5.107908e-01 3.198724e-01 3.704020e-01 4.215342e-01 3.872826e-01 3.907183e-01 4.708529e-01 2.716401e-01 3.732011e-01 3.960273e-01 4.335375e-01 4.111988e-01 3.701552e-01 4.240341e-01 3.793889e-01 3.930846e-01 4.007460e-01 3.758331e-01 2.984368e-01 3.223638e-01 5.025480e-01 4.673296e-01 3.787009e-01 4.778510e-01 4.576712e-01 3.726065e-01 4.264717e-01 3.804260e-01 4.033588e-01 4.137284e-01 4.803115e-01 3.306942e-01 4.548395e-01 4.477653e-01 4.308086e-01 3.189605e-01 3.996137e-01 3.570355e-01 3.146537e-01 4.743995e-01 3.503113e-01 3.800500e-01 3.767359e-01 2.630379e-01 3.481739e-01 3.635563e-01 4.505374e-01 3.646568e-01 4.674291e-01 3.710839e-01 5.337587e-01 3.461227e-01 3.766862e-01 3.179196e-01 4.292983e-01 3.501714e-01 3.525351e-01 3.095118e-01 3.469962e-01 5.271708e-01 4.896573e-01 4.179991e-01 3.161619e-01 3.444926e-01 3.555055e-01 4.531927e-01 3.322706e-01 4.890675e-01 4.744288e-01 4.029622e-01 4.349204e-01 4.576501e-01 3.685315e-01 4.000716e-01 3.809114e-01 3.900701e-01 4.707829e-01 3.483097e-01 4.220220e-01 4.507883e-01 4.542035e-01 3.387778e-01 3.969351e-01 4.732204e-01 4.826165e-01 4.812747e-01 4.209580e-01 4.410661e-01 5.602003e-01 4.665701e-01 3.059612e-01 4.711079e-01 4.416197e-01 3.399040e-01 4.186210e-01 3.768876e-01 4.153202e-01 3.348892e-01 4.168089e-01 4.734017e-01 3.663100e-01 4.411287e-01 3.853039e-01 4.001113e-01 3.189605e-01 2.988946e-01 3.456011e-01 3.614306e-01 4.075164e-01 4.408490e-01 3.689582e-01 3.848082e-01 3.996077e-01 3.340201e-01 3.375437e-01 4.718066e-01 3.943097e-01 4.053829e-01 3.977703e-01 3.910111e-01 3.689890e-01 3.943323e-01 3.493058e-01 4.835169e-01 3.591406e-01 3.338944e-01 4.118877e-01 3.444173e-01 2.879892e-01 3.838132e-01 4.292915e-01 3.960971e-01 3.835660e-01 3.827766e-01 3.355502e-01 3.968619e-01 5.063979e-01 4.304401e-01 4.670425e-01 3.885745e-01 3.762857e-01 3.856443e-01
<VARIANCE> 142
 5.920147e-03 3.561086e-03 5.091614e-03 1.851837e-02 1.208653e-02 8.704105e-03 2.163273e-02 1.418198e-02 1.282396e-02 6.162233e-03 2.621209e-02 1.708408e-02 1.755853e-02 1.446003e-02 1.221463e-02 2.292501e-02 5.894817e-03 9.027183e-03 7.188877e-03 2.131500e-02 8.251540e-03 1.037879e-02 3.966451e-03 3.155947e-03 3.946582e-03 4.228807e-03 7.551670e-03 8.845779e-03 9.815759e-03 1.456068e-02 2.466186e-03 4.919176e-03 2.361020e-02 3.122942e-03 3.914631e-03 1.691921e-02 1.403944e-02 2.096461e-02 8.219564e-03 2.418974e-02 5.508987e-03 2.268316e-03 1.195999e-02 1.377765e-02 1.860525e-02 1.331385e-02 1.378928e-02 2.564832e-02 1.079011e-02 5.593114e-03 7.563340e-03 1.964704e-02 1.743713e-02 4.974570e-03 6.967370e-03 5.480100e-03 1.134986e-02 4.589814e-03 3.426274e-03 2.395763e-02 1.626362e-02 7.159144e-03 8.812225e-03 8.120782e-03 1.357276e-02 1.776868e-02 2.617141e-02 1.561932e-02 1.291643e-03 1.900682e-02 3.506764e-03 1.995433e-02 1.758704e-03 2.606054e-03 1.184884e-02 8.436400e-03 1.012335e-02 1.414331e-02 7.191959e-03 2.577927e-02 3.321289e-03 3.600784e-03 1.504678e-02 5.779520e-03 2.599865e-02 1.640056e-02 3.053673e-03 1.911587e-03 2.176122e-03 1.731603e-02 1.951657e-02 2.151538e-02 3.150163e-03 9.779932e-03 4.752373e-03 6.879179e-03 1.335931e-02 1.201597e-02 8.550392e-03 4.011726e-03 8.622072e-03 1.000000e-03 3.654007e-03 1.174610e-02 7.366585e-03 1.540310e-02 1.172707e-02 9.360864e-03 1.231302e-02 1.652670e-02 1.221645e-02 1.365131e-02 2.286571e-02 1.000000e-03 4.768937e-03 1.982778e-02 2.752046e-02 1.457574e-02 4.379545e-03 9.070384e-03 6.865013e-03 5.640972e-03 5.842790e-03 5.596772e-02 6.043157e-03 3.033574e-03 1.437625e-02 1.666324e-02 8.250215e-03 6.863020e-03 3.503203e-02 7.369638e-03 1.751713e-02 1.861809e-02 9.985216e-03 1.548788e-02 5.724858e-03 9.535435e-03 5.932317e-02 2.418143e-03 4.181940e-03 6.904830e-03
<GCONST> -4.078270e+02
<TRANSP> 4
 0.000000e+00 1.000000e+00 0.000000e+00 0.000000e+00
 0.000000e+00 5.000000e-01 5.000000e-01 0.000000e+00
 0.000000e+00 0.000000e+00 5.000000e-01 5.000000e-01
 0.000000e+00 0.000000e+00 0.000000e+00 0.000000e+00
<ENDHMM>
