~o
<STREAMINFO> 1 142
<VECSIZE> 142<NULLD><USER><DIAGC>
~h "brown"
<BEGINHMM>
<NUMSTATES> 4
<STATE> 2
<MEAN> 142
 6.297115e-01 3.535779e-01 3.637006e-01 3.535793e-01 3.325095e-01 3.107874e-01 3.481170e-01 3.584548e-01 3.528460e-01 4.587286e-01 4.828098e-01 5.044044e-01 3.706704e-01 4.568308e-01 2.841786e-01 2.990656e-01 3.860204e-01 3.915044e-01 3.237619e-01 4.022220e-01 4.414015e-01 4.274085e-01 3.965266e-01 4.168286e-01 4.835810e-01 3.638062e-01 4.179866e-01 3.971701e-01 4.007393e-01 3.967270e-01 4.527092e-01 4.017947e-01 3.854586e-01 4.483049e-01 4.059838e-01 3.681620e-01 3.719103e-01 3.164204e-01 3.823027e-01 3.207703e-01 3.165834e-01 4.193914e-01 3.671492e-01 3.846521e-01 2.237958e-01 3.834762e-01 4.444450e-01 3.973196e-01 3.888956e-01 3.645752e-01 4.830271e-01 4.425255e-01 4.678603e-01 2.517229e-01 4.460627e-01 4.010479e-01 5.243697e-01 3.833151e-01 3.683316e-01 2.904406e-01 4.388581e-01 4.640572e-01 3.912318e-01 4.065362e-01 4.446011e-01 3.873609e-01 3.984691e-01 4.119949e-01 3.948935e-01 4.296167e-01 4.362329e-01 4.546137e-01 3.925755e-01 4.570062e-01 3.403631e-01 3.654130e-01 4.633505e-01 4.255986e-01 5.210142e-01 3.977169e-01 5.061295e-01 3.300794e-01 3.716966e-01 4.065299e-01 3.003561e-01 3.418298e-01 3.835257e-01 4.261940e-01 4.513535e-01 3.534549e-01 4.250278e-01 3.059105e-01 4.201900e-01 3.885081e-01 3.968831e-01 5.158484e-01 4.328352e-01 3.299844e-01 4.702038e-01 4.269140e-01 4.587268e-01 4.552303e-01 3.834625e-01 3.791531e-01 3.463035e-01 3.606673e-01 3.880072e-01 3.991110e-01 4.292656e-01 3.458900e-01 4.583440e-01 4.184403e-01 3.286891e-01 4.274477e-01 4.124703e-01 4.237860e-01 4.119677e-01 4.257470e-01 4.339550e-01 4.318096e-01 4.183662e-01 4.726902e-01 4.656857e-01 3.730578e-01 4.097604e-01 4.160362e-01 4.492885e-01 4.527747e-01 4.171280e-01 4.305750e-01 3.917463e-01 4.131383e-01 4.522366e-01 4.904224e-01 3.762365e-01 4.451230e-01 3.883870e-01 3.936700e-01 3.950890e-01 3.556913e-01 4.923307e-01 4.555576e-01
<VARIANCE> 142
 7.397657e-02 6.464060e-03 8.731856e-03 4.135871e-03 1.038854e-02 2.327922e-02 6.992112e-03 4.149146e-03 3.811043e-03 1.894824e-02 5.601699e-03 2.191335e-03 6.991557e-03 6.361518e-03 8.080591e-03 1.588014e-03 6.929036e-03 6.691891e-03 4.854430e-03 1.030102e-02 5.208700e-03 1.185416e-02 2.633860e-03 3.038907e-03 4.792572e-03 2.327855e-03 4.109223e-03 1.396234e-02 1.135071e-02 1.591787e-02 2.393369e-03 7.123784e-03 1.915274e-02 1.334825e-02 1.198251e-03 6.068810e-03 8.014613e-03 7.479265e-03 1.736835e-02 1.507055e-02 1.194780e-02 6.463185e-03 1.599286e-02 1.593958e-02 6.262524e-03 8.203697e-03 3.506535e-03 4.044489e-03 1.276563e-03 2.954078e-03 2.531788e-03 3.243644e-03 6.704645e-03 5.056416e-03 1.582669e-02 1.175273e-02 1.657078e-02 3.233965e-03 2.760873e-03 5.740189e-03 1.065914e-02 1.135461e-02 4.496311e-03 2.303710e-03 3.415124e-02 9.630515e-03 1.233334e-02 3.015750e-03 2.027283e-02 1.311161e-02 4.787863e-03 2.622261e-02 5.049861e-03 4.585756e-03 2.469138e-02 1.375557e-02 3.024020e-03 9.570695e-03 9.313184e-03 3.282713e-03 2.377695e-02 6.283991e-03 1.210980e-02 1.113385e-02 1.007732e-02 3.028368e-02 4.228366e-03 4.615038e-03 3.932990e-03 6.176779e-03 1.099038e-02 1.713062e-02 3.695677e-02 6.321385e-03 8.325826e-03 1.181277e-02 4.194851e-03 1.060894e-02 2.445573e-02 2.077626e-03 1.324354e-02 1.237779e-02 4.921847e-03 1.623206e-02 7.565903e-03 5.044801e-03 1.008610e-02 1.134443e-02 1.235222e-02 1.652829e-03 4.588756e-03 5.851532e-03 2.976524e-03 2.189421e-02 2.692704e-03 1.420790e-02 1.008812e-02 1.257057e-02 8.198973e-03 8.336606e-03 1.676321e-03 9.378324e-03 1.813970e-02 2.837265e-02 4.022706e-03 1.091124e-02 1.628920e-02 4.285985e-02 2.284488e-02 1.000000e-03 8.404746e-03 8.725951e-03 3.397590e-02 1.916751e-02 4.972775e-03 3.615512e-03 7.127159e-03 5.539507e-03 1.336572e-02 3.485106e-03 2.085778e-02 4.160657e-03
<GCONST> -4.304639e+02
<STATE> 3
<MEAN> 142
 5.524228e-01 3.151224e-01 3.461342e-01 3.204007e-01 2.934227e-01 2.895430e-01 3.547574e-01 3.335932e-01 3.642875e-01 3.850120e-01 4.693961e-01 4.276011e-01 3.310895e-01 4.667580e-01 2.726867e-01 2.971646e-01 4.002826e-01 3.226725e-01 3.094911e-01 3.553460e-01 4.429480e-01 4.438520e-01 3.637344e-01 4.330845e-01 4.381309e-01 3.869771e-01 4.208057e-01 3.677870e-01 3.997617e-01 2.939543e-01 4.919572e-01 3.577913e-01 4.111314e-01 4.783819e-01 4.040280e-01 2.822849e-01 3.188229e-01 2.214328e-01 3.198609e-01 4.347543e-01 2.898811e-01 4.180587e-01 2.734059e-01 3.258518e-01 2.137320e-01 3.388075e-01 4.283191e-01 4.098706e-01 3.947290e-01 3.042103e-01 4.493680e-01 3.755025e-01 4.188993e-01 2.700091e-01 4.506304e-01 3.625146e-01 4.252376e-01 2.708158e-01 3.908605e-01 3.071530e-01 3.877459e-01 4.248464e-01 3.628227e-01 3.607869e-01 3.842562e-01 4.664851e-01 3.197934e-01 4.715023e-01 4.086246e-01 3.820079e-01 4.108559e-01 3.946197e-01 3.840426e-01 3.935854e-01 2.814072e-01 3.563410e-01 4.845558e-01 3.696798e-01 5.114848e-01 3.696151e-01 3.974096e-01 3.603747e-01 3.174742e-01 3.985450e-01 3.226126e-01 3.743784e-01 3.374604e-01 4.088046e-01 4.643449e-01 3.008756e-01 3.230425e-01 2.768583e-01 3.500618e-01 2.969352e-01 4.053541e-01 3.989687e-01 4.496661e-01 2.504819e-01 4.645257e-01 4.307752e-01 4.031170e-01 4.740878e-01 3.294720e-01 3.129458e-01 3.007385e-01 3.372693e-01 3.374192e-01 3.731495e-01 3.777989e-01 4.173625e-01 3.429965e-01 3.539222e-01 3.430984e-01 3.496253e-01 3.201944e-01 3.478577e-01 3.114536e-01 4.465862e-01 4.243785e-01 4.212613e-01 3.590524e-01 4.473037e-01 4.466385e-01 3.023160e-01 4.344484e-01 3.332835e-01 3.814660e-01 3.478114e-01 2.303447e-01 4.211354e-01 4.291330e-01 3.018273e-01 3.222850e-01 4.161533e-01 3.269320e-01 4.011278e-01 4.427572e-01 3.432836e-01 3.963488e-01 3.729793e-01 4.689056e-01 4.248651e-01
<VARIANCE> 142
 2.639756e-02 1.680764e-02 1.862944e-03 3.632668e-03 6.084900e-03 1.098057e-02 2.242640e-02 1.281562e-02 1.000000e-03 9.592253e-03 8.104589e-03 3.287308e-03 6.735511e-03 1.463305e-02 1.298871e-02 1.885817e-02 6.108083e-03 6.128025e-03 3.817633e-03 1.055840e-02 2.052923e-02 2.039531e-02 1.382402e-03 1.442883e-02 1.053191e-03 1.165863e-03 1.817133e-02 3.766947e-03 1.605828e-02 8.951567e-03 2.781434e-03 6.223857e-03 3.593543e-03 3.185729e-03 2.409010e-03 2.077575e-02 4.850653e-03 1.625945e-02 1.906706e-02 1.127997e-01 8.911832e-03 1.365715e-02 5.994523e-03 9.345973e-03 4.931692e-03 4.150960e-03 1.797249e-03 1.525433e-02 6.195181e-03 8.047530e-03 1.000000e-03 1.772376e-02 6.936247e-03 8.546192e-03 6.401763e-03 1.846711e-02 1.476502e-02 7.907090e-03 3.400880e-03 5.746245e-03 4.720519e-03 7.160940e-03 1.670148e-03 1.538017e-03 6.308283e-03 4.683208e-03 2.960663e-02 9.098361e-03 3.056544e-03 6.842845e-03 5.990009e-03 8.888252e-03 2.173206e-03 3.652727e-03 4.355130e-03 5.577648e-03 8.604379e-03 4.405555e-03 7.314774e-03 7.707783e-03 8.238579e-03 1.222820e-02 9.529059e-03 4.985156e-03 1.025118e-02 4.698198e-03 3.978344e-03 2.940939e-03 2.001640e-03 7.233016e-03 1.236874e-02 8.228915e-03 5.590551e-03 2.291509e-03 6.553862e-03 8.626260e-03 9.141432e-03 2.819220e-03 2.081735e-02 1.000000e-03 4.688988e-03 3.133666e-02 8.346207e-03 2.805798e-03 6.953103e-03 1.036270e-02 3.224601e-03 3.812804e-03 4.931906e-03 1.133502e-02 5.452754e-03 2.840463e-03 2.165384e-03 1.692823e-02 6.724018e-03 4.160997e-03 1.496621e-02 1.644568e-02 2.854706e-03 4.727971e-03 8.036410e-03 5.301962e-03 1.689005e-02 8.312562e-03 4.128271e-03 4.866657e-03 3.670625e-03 9.598508e-03 1.249559e-02 1.000000e-03 3.391383e-02 5.125450e-03 9.055702e-03 4.530438e-03 1.349177e-02 1.568298e-02 4.217503e-03 1.642461e-02 7.611152e-02 1.228747e-02 1.689637e-02 1.084519e-03
<GCONST> -4.497995e+02
<TRANSP> 4
 0.000000e+00 1.000000e+00 0.000000e+00 0.000000e+00
 0.000000e+00 5.000000e-01 5.000000e-01 0.000000e+00
 0.000000e+00 0.000000e+00 5.000000e-01 5.000000e-01
 0.000000e+00 0.000000e+00 0.000000e+00 0.000000e+00
<ENDHMM>
