~o
<STREAMINFO> 1 142
<VECSIZE> 142<NULLD><USER><DIAGC>
~h "button"
<BEGINHMM>
<NUMSTATES> 4
<STATE> 2
<MEAN> 142
 5.594823e-01 3.722000e-01 2.844878e-01 3.185380e-01 2.593572e-01 2.822069e-01 3.373749e-01 3.132874e-01 3.103409e-01 4.339209e-01 4.162144e-01 4.279990e-01 3.403516e-01 4.048846e-01 2.984830e-01 3.233325e-01 4.488106e-01 4.650575e-01 2.634701e-01 2.980021e-01 3.596196e-01 4.002607e-01 3.560146e-01 4.690953e-01 4.313203e-01 3.896666e-01 3.598652e-01 4.014985e-01 4.802154e-01 4.171655e-01 4.450548e-01 3.910067e-01 3.961797e-01 5.103374e-01 4.597826e-01 3.375970e-01 2.467691e-01 3.803824e-01 3.628706e-01 2.907799e-01 3.868968e-01 4.783855e-01 4.299646e-01 2.711854e-01 2.869599e-01 4.072280e-01 3.955515e-01 2.926442e-01 3.441693e-01 3.635599e-01 4.785109e-01 3.858755e-01 4.236524e-01 2.669469e-01 4.043758e-01 4.220696e-01 3.540626e-01 2.604834e-01 3.563906e-01 2.985842e-01 4.080667e-01 4.532633e-01 3.926979e-01 4.477458e-01 3.945746e-01 3.947495e-01 3.571634e-01 2.988183e-01 3.785026e-01 4.522937e-01 4.375564e-01 4.089069e-01 4.193985e-01 4.330293e-01 3.434057e-01 3.262078e-01 3.945412e-01 3.242564e-01 4.456560e-01 2.999419e-01 4.834455e-01 3.248394e-01 4.276071e-01 4.267280e-01 3.048951e-01 3.670122e-01 3.331151e-01 4.344313e-01 5.158871e-01 4.072400e-01 4.156728e-01 3.465642e-01 4.976282e-01 3.890609e-01 4.177790e-01 4.634320e-01 4.538684e-01 3.969551e-01 3.930950e-01 4.070713e-01 3.943613e-01 4.329457e-01 3.180311e-01 4.486142e-01 2.730064e-01 2.375040e-01 3.700934e-01 4.214885e-01 2.994649e-01 3.251886e-01 4.424807e-01 4.111777e-01 2.812198e-01 2.930607e-01 4.121651e-01 4.626048e-01 4.501126e-01 3.493944e-01 4.920830e-01 3.454646e-01 3.631125e-01 4.193605e-01 3.791409e-01 4.828482e-01 3.527847e-01 3.761055e-01 5.197149e-01 4.363528e-01 4.395801e-01 3.749496e-01 3.260994e-01 4.082653e-01 3.932756e-01 3.842508e-01 3.764960e-01 3.511993e-01 3.959077e-01 4.136789e-01 2.982286e-01 3.445748e-01 4.698775e-01 4.018655e-01
<VARIANCE> 142
 3.372404e-02 1.924510e-03 1.276269e-02 3.572542e-03 2.705197e-03 1.670200e-02 8.365882e-03 7.117555e-03 4.875046e-03 3.301812e-03 1.908412e-02 5.372954e-03 1.000000e-03 6.490884e-03 9.547343e-03 1.805338e-02 6.480862e-03 1.418581e-02 2.573695e-03 3.953016e-03 5.232315e-03 1.632160e-02 1.000000e-03 8.207086e-03 5.657475e-03 1.575771e-03 4.989710e-03 8.230970e-03 5.171870e-03 4.046274e-03 2.410168e-03 8.419917e-03 1.790759e-02 3.286570e-02 8.191754e-03 1.526396e-02 3.262971e-03 3.181734e-03 6.252514e-03 1.401527e-03 2.763621e-03 1.296692e-02 7.135489e-03 1.000000e-03 1.446214e-02 1.508087e-02 6.446008e-03 4.303694e-03 4.840479e-03 6.102378e-03 5.530160e-03 5.266362e-03 4.209467e-03 2.001875e-03 1.005492e-02 3.314029e-03 1.432702e-03 3.069652e-03 3.871500e-03 2.266626e-03 1.445583e-02 4.585570e-03 2.304753e-03 2.198982e-03 7.547949e-03 1.271554e-02 8.062130e-03 1.959044e-03 1.405570e-02 4.488077e-03 2.131053e-03 2.641807e-02 9.837188e-03 5.667496e-03 2.967726e-02 5.445980e-03 6.838380e-03 1.360273e-02 9.698583e-03 7.062008e-03 3.212459e-03 9.090373e-03 9.406121e-03 5.173113e-03 7.586132e-03 2.903343e-02 2.552418e-03 2.083794e-03 1.671036e-03 2.041205e-02 1.068207e-02 1.539762e-02 1.918340e-02 4.951989e-03 5.510297e-03 4.022013e-03 1.038279e-02 9.125751e-03 5.991013e-03 1.824082e-03 7.095582e-03 1.096834e-02 1.385633e-03 2.965343e-03 2.369498e-03 1.121304e-02 4.712989e-03 1.300649e-02 2.834369e-03 2.933325e-03 1.000000e-03 1.782667e-02 4.726005e-03 6.947136e-03 2.714241e-03 5.708450e-03 2.242165e-02 3.033092e-03 3.276220e-03 4.283561e-03 5.173692e-03 1.845494e-02 8.527165e-03 5.403880e-02 1.899440e-03 5.698612e-03 2.011844e-02 5.100551e-03 6.932686e-03 2.684868e-03 4.867282e-03 3.649016e-03 1.046528e-02 8.235699e-03 8.363736e-03 1.183289e-02 1.217591e-02 6.294544e-03 4.102408e-03 1.535269e-02 3.578199e-03 1.813843e-02
<GCONST> -4.650392e+02
<STATE> 3
<MEAN> 142
 5.759354e-01 4.001812e-01 3.597727e-01 3.110043e-01 2.537679e-01 3.035825e-01 3.429598e-01 2.892816e-01 3.319530e-01 4.305205e-01 4.337778e-01 4.912931e-01 3.739391e-01 4.709924e-01 3.411793e-01 2.765109e-01 4.206958e-01 5.434607e-01 3.193094e-01 3.471389e-01 3.698463e-01 4.062374e-01 3.716397e-01 4.628265e-01 4.553905e-01 3.762259e-01 3.872344e-01 4.527274e-01 4.987893e-01 4.625875e-01 4.350984e-01 4.068648e-01 4.195314e-01 4.271787e-01 4.580987e-01 3.607754e-01 3.204462e-01 3.936835e-01 3.707205e-01 2.696859e-01 3.786176e-01 4.871644e-01 3.947597e-01 2.380427e-01 2.854674e-01 4.522162e-01 4.113227e-01 3.269566e-01 3.474868e-01 3.830525e-01 4.877734e-01 3.817352e-01 4.732788e-01 3.043643e-01 4.659194e-01 4.714212e-01 3.557165e-01 2.623665e-01 3.299289e-01 2.887052e-01 4.095691e-01 4.516469e-01 4.133975e-01 4.236139e-01 4.319088e-01 4.420523e-01 3.847594e-01 2.900085e-01 3.870173e-01 4.281296e-01 4.291266e-01 4.671434e-01 4.477414e-01 4.288361e-01 3.750954e-01 3.842618e-01 4.471463e-01 3.755052e-01 3.968299e-01 2.992061e-01 5.215641e-01 3.846082e-01 4.482507e-01 3.914925e-01 3.536382e-01 4.088835e-01 3.917814e-01 4.679530e-01 4.884548e-01 3.815380e-01 4.399694e-01 3.599908e-01 5.279970e-01 4.485578e-01 4.194115e-01 4.762818e-01 4.589042e-01 4.441720e-01 3.812552e-01 3.981582e-01 4.002557e-01 4.818374e-01 3.842077e-01 4.288811e-01 2.712464e-01 2.827938e-01 3.983684e-01 4.060250e-01 3.463849e-01 2.821914e-01 4.375694e-01 4.525509e-01 3.056046e-01 3.562794e-01 4.295670e-01 5.074109e-01 4.766187e-01 3.589980e-01 4.834434e-01 3.686651e-01 4.069114e-01 4.977517e-01 4.301987e-01 5.287142e-01 3.451302e-01 4.378152e-01 5.157602e-01 4.305330e-01 4.758509e-01 3.764450e-01 3.376200e-01 4.653281e-01 4.105718e-01 4.208187e-01 3.829976e-01 3.633820e-01 4.176300e-01 4.684418e-01 2.751849e-01 3.796348e-01 4.119532e-01 4.109268e-01
<VARIANCE> 142
 1.457618e-02 8.858415e-03 1.676650e-02 2.056991e-03 6.068435e-03 2.129229e-02 1.220064e-02 5.938259e-03 7.076480e-03 5.982192e-03 1.557626e-02 9.200672e-03 2.370806e-03 1.323289e-02 7.343320e-03 5.712437e-03 3.109952e-03 1.650865e-02 8.857848e-03 9.774294e-03 6.444634e-03 1.908421e-02 2.771495e-03 1.194484e-02 2.247038e-03 4.876984e-03 2.867727e-03 2.389656e-02 7.522566e-03 8.056525e-03 2.729775e-03 5.851004e-03 1.947467e-02 5.073333e-03 2.379194e-03 8.243056e-03 4.657976e-03 7.076243e-03 2.920269e-03 5.243445e-03 1.133166e-02 1.642284e-02 7.879251e-03 1.032725e-03 8.214173e-03 6.272631e-03 1.454658e-02 4.915176e-03 7.389805e-03 8.829420e-03 4.539859e-03 6.997276e-03 1.180687e-02 8.077650e-03 1.219635e-02 1.608884e-02 7.524626e-03 1.076476e-02 7.394846e-03 6.277786e-03 2.022484e-02 8.381142e-03 3.471247e-03 3.977268e-03 2.791711e-02 2.533124e-02 1.078792e-02 5.907062e-03 9.360420e-03 1.104066e-02 2.705479e-03 1.943429e-02 1.468010e-02 6.888508e-03 7.733293e-03 7.289662e-03 6.091160e-03 1.370341e-02 3.079870e-03 4.642553e-03 1.527912e-02 2.419673e-03 1.275080e-02 4.305451e-03 7.401960e-03 2.011541e-02 1.883853e-03 1.576552e-03 3.308850e-03 1.743848e-02 1.697229e-02 2.128381e-02 1.611477e-02 2.338139e-02 8.326721e-03 8.850100e-03 5.261205e-03 2.882417e-02 2.859783e-03 5.068829e-03 1.421187e-02 3.026161e-02 3.062842e-03 1.317680e-02 4.329294e-03 1.746001e-02 3.907245e-03 1.013725e-02 6.270567e-03 3.796645e-03 4.168740e-03 1.854227e-02 2.554386e-03 7.113231e-03 6.717651e-03 1.553848e-02 6.807991e-03 8.729886e-03 1.035884e-02 6.053410e-03 6.059127e-03 9.920937e-03 9.680663e-03 5.194680e-02 4.940287e-03 1.028144e-02 1.927132e-02 3.337584e-02 3.530017e-02 1.121754e-02 1.000016e-02 1.636229e-02 2.628065e-02 1.211945e-02 8.312694e-03 7.428430e-03 5.471706e-03 5.264640e-03 5.452592e-03 7.846913e-03 1.565638e-02 1.032131e-02
<GCONST> -4.219228e+02
<TRANSP> 4
 0.000000e+00 1.000000e+00 0.000000e+00 0.000000e+00
 0.000000e+00 5.000000e-01 5.000000e-01 0.000000e+00
 0.000000e+00 0.000000e+00 5.000000e-01 5.000000e-01
 0.000000e+00 0.000000e+00 0.000000e+00 0.000000e+00
<ENDHMM>
