~o
<STREAMINFO> 1 142
<VECSIZE> 142<NULLD><USER><DIAGC>
~h "chicken"
<BEGINHMM>
<NUMSTATES> 4
<STATE> 2
<MEAN> 142
 6.339777e-01 3.137675e-01 3.739374e-01 3.815922e-01 3.296517e-01 3.442152e-01 3.760543e-01 3.576235e-01 3.364091e-01 4.260823e-01 3.981912e-01 3.731409e-01 3.726662e-01 4.425139e-01 3.471803e-01 3.531302e-01 3.837578e-01 3.609244e-01 2.916082e-01 3.692473e-01 4.850787e-01 4.082209e-01 3.448297e-01 4.311139e-01 4.521939e-01 3.699021e-01 4.029040e-01 3.978965e-01 3.807944e-01 3.331778e-01 4.534837e-01 4.312858e-01 4.493673e-01 4.560683e-01 4.231702e-01 3.392861e-01 3.582930e-01 2.695526e-01 3.163962e-01 3.608863e-01 3.673434e-01 4.406422e-01 2.815733e-01 3.498177e-01 2.643189e-01 4.084274e-01 4.486319e-01 3.906297e-01 4.177193e-01 2.893980e-01 4.434787e-01 3.558624e-01 3.891677e-01 2.641505e-01 4.464152e-01 3.340950e-01 3.775593e-01 3.472067e-01 3.341474e-01 3.417711e-01 4.210846e-01 5.138175e-01 3.680042e-01 3.742760e-01 3.841626e-01 4.211301e-01 3.360303e-01 4.163441e-01 4.470555e-01 3.815863e-01 4.593960e-01 4.037283e-01 4.129024e-01 3.794017e-01 3.274057e-01 3.679841e-01 4.629054e-01 4.232310e-01 4.341225e-01 4.238598e-01 4.119586e-01 3.607769e-01 3.491492e-01 4.285819e-01 3.808440e-01 4.392224e-01 3.696747e-01 3.873106e-01 4.278030e-01 3.896659e-01 3.115310e-01 3.517752e-01 3.685545e-01 3.133331e-01 4.484567e-01 4.455253e-01 4.534678e-01 2.777749e-01 4.488720e-01 3.975381e-01 3.678235e-01 4.774266e-01 3.229271e-01 3.137504e-01 3.350790e-01 2.944882e-01 3.652422e-01 3.193381e-01 3.975582e-01 4.192664e-01 3.550382e-01 2.909160e-01 3.703720e-01 3.487573e-01 3.766290e-01 3.543735e-01 3.076931e-01 4.342964e-01 3.845523e-01 3.659183e-01 4.123295e-01 4.547145e-01 4.437305e-01 3.873915e-01 4.311965e-01 4.090146e-01 3.638994e-01 3.343436e-01 3.364017e-01 4.393093e-01 3.843719e-01 3.756534e-01 3.768280e-01 3.529592e-01 3.895554e-01 4.348302e-01 4.345477e-01 4.286342e-01 4.166461e-01 3.676579e-01 4.792002e-01 4.104939e-01
<VARIANCE> 142
 3.073057e-02 5.174770e-03 9.069093e-03 7.613546e-03 6.098322e-03 3.642973e-02 1.017551e-02 2.019362e-02 3.145724e-03 8.819163e-03 7.104509e-03 8.205536e-03 8.866066e-03 1.149338e-02 1.363966e-02 8.754977e-03 4.950047e-03 9.061950e-03 1.625927e-02 2.861502e-02 9.520991e-03 1.040067e-02 1.209822e-02 2.936709e-03 3.497476e-03 1.764418e-03 8.134797e-03 1.179302e-02 7.047957e-03 5.570161e-03 3.863808e-03 1.740399e-02 2.300849e-02 1.184629e-02 1.848634e-03 1.902110e-02 1.236671e-02 7.140900e-03 8.444896e-03 2.346402e-02 9.559088e-03 1.206849e-02 2.928312e-03 2.404299e-02 2.872611e-02 1.059864e-02 4.386140e-03 8.710634e-03 9.895003e-03 6.480454e-03 3.815327e-03 3.979645e-03 2.621010e-03 4.652070e-03 9.507786e-03 2.647205e-03 3.018599e-02 1.454915e-02 1.191284e-02 2.139457e-02 1.740095e-02 1.865847e-02 7.074652e-03 9.826737e-03 5.690928e-03 4.967209e-03 1.021873e-02 1.973964e-02 1.423223e-02 7.309773e-03 5.177579e-03 2.284179e-02 5.458468e-03 4.117847e-03 2.686580e-02 8.354803e-03 7.763690e-03 1.646035e-02 8.751307e-03 5.007491e-03 5.300977e-03 7.064762e-03 6.176478e-03 1.361163e-02 2.570717e-02 1.160668e-02 7.814302e-03 3.701059e-03 5.088142e-03 2.104336e-02 5.728673e-03 1.808162e-02 8.800337e-03 6.807202e-03 5.367176e-03 4.709645e-03 6.608982e-03 5.614738e-03 1.896231e-02 2.149244e-03 3.934516e-03 5.983785e-03 2.790532e-03 4.788083e-03 1.083136e-02 5.488181e-03 1.528574e-02 8.382058e-03 7.268682e-03 2.132816e-02 2.648804e-03 6.829872e-03 1.023588e-02 1.063838e-02 1.137839e-02 5.407307e-03 6.520658e-03 4.964015e-03 6.568812e-03 9.190853e-03 3.450234e-03 7.406139e-03 9.232158e-03 1.509029e-02 2.346362e-02 8.235202e-03 9.305449e-03 9.111336e-03 9.762692e-03 1.499625e-02 9.993106e-03 1.509553e-02 1.500376e-02 2.170929e-03 1.462914e-02 5.538424e-03 1.117420e-02 1.664492e-02 2.267197e-02 1.311804e-02 1.839961e-02 7.102545e-03
<GCONST> -4.122915e+02
<STATE> 3
<MEAN> 142
 5.400190e-01 3.947490e-01 2.989030e-01 2.998906e-01 2.716213e-01 1.741949e-01 3.146511e-01 2.903157e-01 2.793557e-01 4.432744e-01 3.641112e-01 3.760225e-01 3.355465e-01 3.829789e-01 3.700190e-01 3.300740e-01 4.723378e-01 5.147575e-01 2.127328e-01 2.998107e-01 4.181162e-01 4.788153e-01 3.239954e-01 5.396720e-01 4.635055e-01 3.407676e-01 3.611539e-01 3.954972e-01 5.000505e-01 4.198168e-01 4.587979e-01 4.175110e-01 3.179407e-01 5.070692e-01 4.357368e-01 4.029481e-01 3.428981e-01 4.100279e-01 4.848309e-01 2.808718e-01 4.199314e-01 6.168935e-01 3.270570e-01 2.722501e-01 1.587901e-01 4.243171e-01 4.365161e-01 3.868749e-01 4.397296e-01 2.899100e-01 4.174419e-01 3.992079e-01 4.321145e-01 2.755587e-01 4.504233e-01 4.041084e-01 3.435072e-01 2.219928e-01 3.066187e-01 2.410125e-01 3.491105e-01 4.333235e-01 3.583505e-01 3.705336e-01 3.625269e-01 4.577369e-01 4.110622e-01 3.319572e-01 3.602313e-01 3.983778e-01 4.125341e-01 2.858029e-01 4.554524e-01 3.707733e-01 2.367626e-01 3.434626e-01 4.110309e-01 3.958704e-01 4.703813e-01 4.270338e-01 4.883096e-01 4.226015e-01 5.108731e-01 4.024881e-01 2.649765e-01 3.664165e-01 3.374450e-01 3.598206e-01 4.757048e-01 2.897544e-01 3.404799e-01 2.649693e-01 4.579925e-01 3.437561e-01 4.580862e-01 4.169592e-01 5.131423e-01 3.727141e-01 5.011215e-01 3.635648e-01 3.980825e-01 4.778357e-01 2.745858e-01 4.144461e-01 2.853322e-01 3.300740e-01 3.874823e-01 4.186730e-01 2.929411e-01 3.391379e-01 3.160223e-01 3.651645e-01 2.847857e-01 3.768730e-01 3.948781e-01 3.573934e-01 3.948377e-01 4.571956e-01 4.107577e-01 3.532540e-01 4.590058e-01 5.148432e-01 4.785834e-01 3.617961e-01 3.820275e-01 4.366842e-01 3.904375e-01 4.486323e-01 3.859445e-01 3.117180e-01 3.431299e-01 4.922871e-01 3.244295e-01 4.246766e-01 4.692281e-01 4.698970e-01 4.315298e-01 4.850628e-01 3.426515e-01 4.353915e-01 4.752468e-01 3.649731e-01
<VARIANCE> 142
 1.171867e-02 2.569711e-03 1.220727e-02 4.243447e-03 6.335571e-03 8.795034e-03 2.667837e-03 1.145447e-02 1.091225e-03 4.019802e-03 4.767719e-03 2.608861e-03 3.921277e-03 3.379368e-03 3.223898e-02 1.090459e-02 7.478173e-03 1.283154e-02 8.044014e-03 9.489842e-03 6.389343e-03 4.266092e-03 7.896610e-03 4.561555e-03 1.804951e-03 1.608836e-03 3.664374e-03 3.269706e-03 6.271194e-03 5.166997e-03 3.620700e-03 2.825051e-03 1.377467e-02 3.641120e-03 4.498651e-03 1.637858e-02 8.072432e-03 2.174573e-02 1.270184e-02 1.066239e-02 7.318960e-03 1.506400e-02 7.738145e-03 8.874336e-03 3.809736e-03 4.152153e-03 4.758100e-03 1.432751e-02 7.454454e-03 3.998064e-03 3.517867e-03 1.369807e-02 7.581369e-03 1.000000e-03 1.520809e-02 3.887228e-03 8.404032e-03 9.345554e-03 4.390326e-03 5.424500e-03 4.823461e-03 4.052958e-03 4.407896e-03 3.346463e-03 1.403699e-03 5.620699e-03 1.780897e-02 1.120726e-02 7.248217e-03 8.642045e-03 2.887341e-03 9.426131e-03 4.743533e-03 7.662401e-03 1.759359e-02 6.905301e-03 5.675673e-03 1.605222e-02 3.258686e-03 1.548283e-02 2.118143e-03 3.606089e-03 2.980993e-02 8.207936e-03 6.114802e-03 5.405101e-03 2.230173e-03 3.162188e-03 2.505419e-03 4.432000e-03 3.358110e-03 8.952549e-03 1.195094e-02 4.462873e-03 3.456077e-03 6.302489e-03 1.175815e-02 8.777395e-03 7.721648e-03 2.487064e-03 1.858023e-03 4.010813e-03 6.963798e-03 1.210607e-02 6.022325e-03 9.032524e-03 4.942312e-03 6.188285e-03 3.130613e-03 9.837799e-03 2.391883e-03 2.150940e-03 6.707480e-03 1.361530e-02 6.764898e-03 3.478758e-03 1.080254e-02 8.273516e-03 2.364590e-03 6.084384e-03 2.790135e-03 4.452398e-03 9.265019e-03 5.791120e-03 1.226906e-02 3.491146e-03 2.575845e-03 1.169427e-02 2.204176e-03 6.939105e-03 7.029469e-03 1.157974e-02 4.930224e-03 9.319165e-03 3.286032e-02 9.789257e-03 3.379383e-03 2.511360e-02 1.350249e-02 4.800234e-03 1.231804e-02 1.531885e-02
<GCONST> -4.636873e+02
<TRANSP> 4
 0.000000e+00 1.000000e+00 0.000000e+00 0.000000e+00
 0.000000e+00 5.000000e-01 5.000000e-01 0.000000e+00
 0.000000e+00 0.000000e+00 5.000000e-01 5.000000e-01
 0.000000e+00 0.000000e+00 0.000000e+00 0.000000e+00
<ENDHMM>
