~o
<STREAMINFO> 1 142
<VECSIZE> 142<NULLD><USER><DIAGC>
~h "chief"
<BEGINHMM>
<NUMSTATES> 4
<STATE> 2
<MEAN> 142
 6.912937e-01 3.697872e-01 3.756970e-01 3.048610e-01 2.729031e-01 4.390056e-01 3.742762e-01 3.521387e-01 2.929927e-01 4.141074e-01 4.675925e-01 4.129284e-01 3.754621e-01 4.720840e-01 3.918006e-01 3.210571e-01 3.972588e-01 4.503279e-01 2.948251e-01 4.055706e-01 5.228464e-01 4.752372e-01 3.987011e-01 4.408617e-01 4.230948e-01 3.885155e-01 4.510462e-01 3.794796e-01 3.898039e-01 3.724459e-01 4.774391e-01 4.318868e-01 4.100457e-01 4.469483e-01 4.270215e-01 3.916353e-01 3.684971e-01 3.212793e-01 3.816394e-01 2.822175e-01 4.030016e-01 4.119195e-01 3.595136e-01 3.496769e-01 2.085237e-01 4.368393e-01 4.349415e-01 4.296130e-01 4.340581e-01 3.074022e-01 5.218582e-01 3.876069e-01 4.606273e-01 2.632792e-01 4.452798e-01 3.089432e-01 4.712599e-01 3.563230e-01 3.542569e-01 3.217125e-01 4.280077e-01 4.226582e-01 3.757627e-01 3.772727e-01 3.988431e-01 4.302365e-01 4.458173e-01 4.018778e-01 4.304746e-01 3.988296e-01 4.295953e-01 4.650137e-01 4.415655e-01 3.738011e-01 3.621444e-01 3.778367e-01 4.531118e-01 4.029320e-01 4.506650e-01 3.908769e-01 4.023617e-01 3.764303e-01 4.203618e-01 4.643197e-01 3.370906e-01 4.757367e-01 3.707339e-01 4.182268e-01 4.796500e-01 4.319856e-01 3.907204e-01 3.995638e-01 4.029149e-01 2.870539e-01 4.094853e-01 4.748744e-01 4.456957e-01 3.274207e-01 4.244555e-01 3.931135e-01 3.280515e-01 4.706437e-01 2.909050e-01 3.543478e-01 3.470837e-01 2.939152e-01 4.010603e-01 3.514237e-01 3.781988e-01 3.453811e-01 3.529648e-01 4.018309e-01 2.913402e-01 3.717593e-01 4.086158e-01 4.320140e-01 4.238488e-01 3.729827e-01 4.210376e-01 3.983440e-01 4.272924e-01 5.156595e-01 4.278290e-01 5.367383e-01 4.078784e-01 4.262331e-01 4.265814e-01 3.704877e-01 3.480840e-01 4.527427e-01 3.700103e-01 4.537365e-01 4.214363e-01 4.078105e-01 4.502276e-01 4.424280e-01 4.663561e-01 4.948125e-01 3.386814e-01 4.103152e-01 4.225284e-01 4.082427e-01
<VARIANCE> 142
 1.861430e-02 1.092050e-02 1.000000e-03 3.750430e-03 5.288972e-03 3.375561e-02 7.293874e-03 3.902870e-03 1.174476e-03 1.895819e-03 9.436904e-03 1.625576e-02 6.539177e-03 1.203237e-02 2.635441e-02 4.681203e-03 2.345768e-03 2.553533e-02 1.913824e-03 7.837741e-03 1.308383e-02 1.799893e-02 1.857637e-02 9.138113e-03 4.851374e-03 3.670989e-03 1.048067e-03 2.539429e-02 8.624556e-03 1.110443e-02 5.371612e-03 4.159981e-03 2.055942e-02 1.698004e-02 1.000000e-03 1.960421e-02 1.696648e-02 6.582008e-03 2.692298e-02 4.184153e-03 2.360599e-02 1.828576e-02 5.674344e-03 9.906040e-03 1.579869e-02 6.149650e-03 1.164671e-02 7.544748e-03 1.269400e-02 2.012871e-03 5.372116e-03 1.286702e-02 2.482922e-03 1.862325e-03 4.819071e-03 1.889632e-03 8.272351e-03 1.321579e-02 1.756657e-03 6.019269e-03 2.850060e-03 5.542283e-03 2.225446e-03 5.669317e-03 1.513160e-02 3.062112e-03 2.756109e-02 1.238109e-03 5.469860e-03 8.229540e-03 3.023633e-03 5.157712e-02 2.966850e-03 9.514338e-03 1.203040e-02 7.849530e-03 4.453068e-03 2.355599e-02 1.237337e-02 2.342745e-02 1.257399e-02 6.189094e-03 1.998210e-02 2.899176e-03 4.412174e-03 1.464883e-02 1.401009e-03 2.513174e-03 1.000000e-03 2.410653e-02 2.134129e-02 4.185207e-02 1.459853e-02 2.291217e-03 2.792136e-03 8.075602e-03 2.541603e-02 6.018621e-03 1.049898e-02 9.093542e-03 5.185813e-03 2.679887e-03 1.343371e-03 1.316859e-02 1.672248e-02 5.167875e-03 2.685815e-03 7.177765e-03 1.255062e-03 3.116019e-03 1.077513e-02 1.212054e-02 1.586711e-03 8.618543e-03 1.736895e-02 1.768528e-02 5.892576e-03 2.889092e-03 7.558867e-03 1.011537e-02 6.929821e-03 5.888139e-03 1.025572e-02 7.982033e-02 1.355485e-02 9.565422e-03 1.509967e-02 2.685490e-02 1.125055e-02 1.539604e-02 5.891690e-03 1.894436e-02 2.821761e-02 1.485831e-02 6.716203e-02 1.862341e-02 7.405967e-03 5.955081e-02 8.361433e-03 1.067200e-02 3.180469e-03 1.118786e-02
<GCONST> -4.299103e+02
<STATE> 3
<MEAN> 142
 5.466370e-01 3.218783e-01 3.412444e-01 3.534915e-01 2.558657e-01 2.255394e-01 2.769022e-01 3.523808e-01 3.369414e-01 4.655860e-01 4.471985e-01 3.037536e-01 2.991717e-01 4.700120e-01 2.944324e-01 3.224927e-01 3.944924e-01 3.008599e-01 2.945012e-01 2.894709e-01 4.634474e-01 5.522113e-01 3.449512e-01 5.314566e-01 5.225365e-01 3.326956e-01 4.409106e-01 2.805643e-01 3.659694e-01 2.589616e-01 4.408792e-01 4.063315e-01 3.270367e-01 6.045439e-01 4.458017e-01 3.606288e-01 3.591820e-01 2.563318e-01 3.652353e-01 2.780666e-01 2.836452e-01 5.050750e-01 3.245422e-01 2.710162e-01 8.976923e-02 3.437451e-01 4.411988e-01 3.954350e-01 4.567426e-01 3.041745e-01 4.664584e-01 3.467584e-01 4.258524e-01 2.690035e-01 3.326538e-01 2.995322e-01 3.833941e-01 3.048740e-01 2.722592e-01 3.353378e-01 3.580126e-01 3.749855e-01 3.678191e-01 3.564893e-01 3.104583e-01 4.182895e-01 3.508369e-01 3.933078e-01 3.917240e-01 3.597212e-01 4.165951e-01 3.150820e-01 4.154575e-01 4.100725e-01 2.496312e-01 2.804299e-01 4.275026e-01 3.512402e-01 5.061416e-01 5.074974e-01 3.386178e-01 3.433167e-01 3.142790e-01 4.293011e-01 2.644442e-01 3.301644e-01 3.504202e-01 3.622037e-01 4.606778e-01 2.885859e-01 2.320238e-01 2.814236e-01 2.768729e-01 2.474057e-01 3.485221e-01 3.027628e-01 3.463929e-01 2.456404e-01 5.089551e-01 4.241700e-01 3.961483e-01 5.087357e-01 2.952851e-01 2.791834e-01 3.116589e-01 3.341781e-01 2.848625e-01 3.621756e-01 3.463330e-01 4.045781e-01 3.234951e-01 2.290354e-01 2.918566e-01 3.146865e-01 2.622513e-01 3.000627e-01 3.271270e-01 4.608460e-01 2.902686e-01 3.505038e-01 3.992845e-01 4.335628e-01 3.738173e-01 2.370283e-01 3.843124e-01 3.930720e-01 3.107776e-01 2.734843e-01 3.129968e-01 4.580397e-01 2.917717e-01 3.255535e-01 2.272691e-01 3.878416e-01 3.633304e-01 4.471382e-01 3.297487e-01 4.335231e-01 3.374402e-01 3.896052e-01 4.098188e-01 3.709324e-01
<VARIANCE> 142
 9.906012e-03 1.996174e-03 3.926527e-03 4.115926e-03 5.475232e-03 5.430524e-03 2.257215e-03 1.413073e-03 3.107841e-03 6.268707e-03 2.600783e-03 7.924452e-03 4.010325e-03 5.025737e-03 8.931658e-03 6.068976e-03 1.963850e-03 2.837236e-03 4.711423e-03 8.117089e-03 5.786419e-03 5.938713e-03 1.753382e-03 4.704180e-03 3.492528e-03 1.000000e-03 2.770137e-03 3.400980e-03 3.149929e-03 4.991848e-03 1.000000e-03 1.313460e-03 8.866152e-03 2.205121e-02 1.616238e-03 8.852518e-03 2.883769e-03 5.919204e-03 3.708133e-03 4.826262e-03 6.622077e-03 9.894292e-03 7.415703e-03 3.587518e-03 3.648798e-03 4.904145e-03 8.138933e-03 3.423308e-03 2.910816e-03 4.821129e-03 5.888121e-03 5.850190e-03 3.294125e-03 2.382869e-03 8.463318e-03 1.646619e-03 7.192829e-03 3.489535e-03 4.510043e-03 7.513857e-03 4.222789e-03 7.348211e-03 5.423627e-03 7.534521e-03 5.704409e-03 3.506122e-03 8.083301e-03 3.924510e-03 5.689879e-03 2.660400e-03 3.975430e-03 7.396332e-03 6.502958e-03 4.844936e-03 9.980758e-03 3.355207e-03 1.019378e-02 8.422234e-03 5.530890e-03 6.554036e-03 2.867477e-03 3.630066e-03 7.396241e-03 1.433962e-02 1.617715e-03 1.382868e-02 1.000000e-03 1.603729e-03 1.442734e-03 3.192074e-03 3.607089e-03 5.630136e-03 2.836453e-03 3.201797e-03 1.608410e-03 4.432457e-03 5.407797e-03 2.677944e-03 1.370945e-02 2.494079e-03 5.407447e-03 7.986943e-03 1.265311e-03 4.628711e-03 2.140441e-03 1.355122e-02 4.502229e-03 1.904287e-03 1.245809e-03 5.475358e-03 2.103589e-03 3.344120e-03 7.192224e-03 2.512999e-03 9.755421e-03 5.277052e-03 6.568223e-03 4.304380e-03 1.765906e-03 6.165719e-03 2.258503e-03 9.013600e-03 5.456248e-03 1.033324e-02 3.590882e-03 5.460239e-03 3.938812e-03 6.263571e-03 3.821467e-03 2.738909e-03 3.604747e-03 3.133463e-03 7.499372e-03 4.736718e-03 6.955660e-03 1.370980e-02 2.215995e-03 5.710410e-03 4.952093e-03 5.351646e-03 7.336054e-03 7.704218e-03
<GCONST> -5.104628e+02
<TRANSP> 4
 0.000000e+00 1.000000e+00 0.000000e+00 0.000000e+00
 0.000000e+00 5.000000e-01 5.000000e-01 0.000000e+00
 0.000000e+00 0.000000e+00 5.000000e-01 5.000000e-01
 0.000000e+00 0.000000e+00 0.000000e+00 0.000000e+00
<ENDHMM>
