~o
<STREAMINFO> 1 142
<VECSIZE> 142<NULLD><USER><DIAGC>
~h "christmas"
<BEGINHMM>
<NUMSTATES> 4
<STATE> 2
<MEAN> 142
 4.949700e-01 4.254266e-01 3.081521e-01 3.645887e-01 3.526944e-01 2.212193e-01 2.908670e-01 2.720627e-01 4.113710e-01 4.358983e-01 4.143062e-01 4.118725e-01 3.120376e-01 4.223586e-01 3.894025e-01 3.442612e-01 4.203791e-01 3.940053e-01 2.717598e-01 2.893805e-01 4.232678e-01 4.667693e-01 3.013799e-01 4.798298e-01 4.836134e-01 3.712283e-01 3.511744e-01 4.115873e-01 4.689769e-01 4.487451e-01 4.524932e-01 4.591017e-01 3.410826e-01 5.153222e-01 4.138938e-01 4.357257e-01 4.006250e-01 3.703876e-01 4.532345e-01 3.741296e-01 3.978529e-01 5.141955e-01 3.609837e-01 2.542360e-01 1.860987e-01 4.058284e-01 4.466346e-01 4.158868e-01 4.032533e-01 3.012220e-01 5.110242e-01 3.802210e-01 4.405284e-01 2.919003e-01 4.534245e-01 4.249367e-01 3.282126e-01 2.872622e-01 3.026155e-01 2.773996e-01 3.444849e-01 4.785630e-01 4.041969e-01 4.422588e-01 4.463862e-01 4.596037e-01 3.799997e-01 3.738941e-01 4.005510e-01 4.515060e-01 4.283223e-01 3.039153e-01 3.933032e-01 3.570782e-01 2.354464e-01 3.110381e-01 4.686445e-01 5.213160e-01 4.480445e-01 4.317441e-01 4.869386e-01 4.333374e-01 3.757522e-01 3.886653e-01 3.305497e-01 3.715685e-01 4.134585e-01 4.344895e-01 4.456946e-01 3.286793e-01 3.686907e-01 2.435946e-01 4.548975e-01 3.276736e-01 4.780684e-01 4.406551e-01 4.667479e-01 3.262410e-01 5.206130e-01 4.173983e-01 4.144535e-01 4.739595e-01 3.416594e-01 4.306760e-01 3.122363e-01 2.965606e-01 3.782715e-01 4.426310e-01 3.339611e-01 3.317874e-01 3.497075e-01 3.600782e-01 3.745121e-01 4.345670e-01 4.042360e-01 3.983641e-01 3.743873e-01 4.362459e-01 4.422014e-01 3.667669e-01 4.642419e-01 4.635712e-01 4.512373e-01 3.664440e-01 2.978567e-01 3.843317e-01 4.283702e-01 4.032969e-01 3.904355e-01 3.100225e-01 3.822788e-01 4.909384e-01 3.310038e-01 4.207658e-01 5.208606e-01 4.909050e-01 3.882395e-01 4.994201e-01 4.234444e-01 4.928487e-01 4.696983e-01 4.100583e-01
<VARIANCE> 142
 1.078283e-02 2.919232e-03 3.688504e-03 1.474138e-02 1.842635e-02 5.686997e-03 4.463539e-03 6.288498e-03 1.383943e-02 3.334368e-03 7.218464e-03 3.825338e-03 5.084623e-03 1.060483e-02 9.151280e-03 9.736517e-03 8.838844e-03 5.741381e-03 7.169026e-03 1.334193e-02 6.625630e-03 5.914068e-03 4.769260e-03 8.053101e-03 3.166390e-03 1.466007e-02 1.151022e-02 7.892033e-03 3.844063e-03 7.099568e-03 1.716649e-03 3.402807e-03 9.597104e-03 6.986038e-03 2.166450e-03 7.403344e-03 7.236352e-03 2.913043e-02 1.827047e-02 1.580522e-02 7.819163e-03 1.708773e-02 1.078821e-02 8.306709e-03 4.651005e-03 8.306840e-03 7.177544e-03 1.483212e-02 7.995145e-03 6.195448e-03 1.244840e-02 3.407995e-02 1.020824e-02 1.398549e-02 4.859349e-03 1.183052e-02 1.214100e-02 3.730932e-03 9.028210e-03 1.367079e-02 9.411013e-03 7.056545e-03 4.447267e-03 7.393828e-03 1.151495e-02 2.728587e-02 4.025381e-02 1.453370e-02 2.666040e-03 1.699503e-02 1.388588e-03 1.016214e-02 3.132936e-03 5.852268e-03 8.302320e-03 9.123759e-03 3.005741e-03 1.775140e-02 3.763539e-03 8.780389e-03 4.291037e-03 3.471456e-03 7.374950e-03 6.161523e-03 4.779614e-03 8.602521e-03 9.981136e-03 5.742976e-03 4.054300e-03 3.189236e-03 5.949464e-03 3.246207e-03 4.187177e-03 5.743594e-03 8.223186e-03 4.841704e-03 6.411025e-03 1.454081e-02 8.536533e-03 9.063049e-03 4.810579e-03 8.162120e-03 7.147904e-03 2.985422e-02 9.415243e-03 5.967631e-03 2.073132e-02 1.534624e-02 8.125475e-03 6.525724e-03 5.156219e-03 5.357683e-03 1.845123e-02 1.234643e-02 5.262220e-03 3.610475e-03 1.010303e-02 4.220618e-03 5.788689e-03 8.961994e-03 2.675245e-03 6.276385e-03 5.562478e-03 1.261266e-02 3.647456e-03 3.362761e-03 1.882671e-03 1.909768e-02 1.143762e-02 4.090426e-03 6.405357e-03 6.660983e-03 1.553706e-02 1.368831e-02 1.510012e-02 6.808846e-03 5.668889e-03 1.205967e-02 7.957043e-03 1.671420e-02 2.019367e-02 1.224510e-02
<GCONST> -4.322375e+02
<STATE> 3
<MEAN> 142
 6.155655e-01 3.643106e-01 3.812384e-01 3.287411e-01 2.702035e-01 3.280635e-01 3.075377e-01 3.280982e-01 3.746972e-01 4.143566e-01 5.674636e-01 4.579948e-01 4.210812e-01 5.669805e-01 3.327252e-01 3.175736e-01 3.651799e-01 4.124863e-01 3.721007e-01 4.311809e-01 4.338409e-01 4.528678e-01 3.951538e-01 4.795297e-01 4.771103e-01 4.111731e-01 4.356806e-01 4.605411e-01 4.434408e-01 3.985676e-01 4.699447e-01 4.353614e-01 3.601559e-01 4.224122e-01 4.506562e-01 3.274107e-01 3.663192e-01 3.574988e-01 3.516159e-01 3.131231e-01 3.936660e-01 4.402375e-01 3.765202e-01 3.349257e-01 2.169380e-01 4.199407e-01 4.561261e-01 3.980548e-01 4.049341e-01 4.198703e-01 4.716758e-01 4.240523e-01 4.720090e-01 2.906469e-01 4.595288e-01 3.850258e-01 4.291974e-01 3.628343e-01 3.581910e-01 3.041105e-01 4.191017e-01 4.301171e-01 3.992963e-01 4.157081e-01 4.392622e-01 4.324738e-01 3.769565e-01 3.712711e-01 3.941224e-01 4.139668e-01 4.772227e-01 4.266838e-01 4.056869e-01 4.245627e-01 3.377608e-01 3.559113e-01 4.399650e-01 4.452954e-01 4.479360e-01 3.988827e-01 4.598255e-01 4.161112e-01 3.746981e-01 4.261760e-01 3.573283e-01 3.874798e-01 4.086517e-01 4.660226e-01 4.580563e-01 3.500923e-01 3.850708e-01 3.098041e-01 4.209443e-01 4.203346e-01 4.210768e-01 4.529946e-01 4.224470e-01 3.736779e-01 4.247287e-01 4.149427e-01 4.062470e-01 4.750283e-01 3.865623e-01 3.904673e-01 3.532474e-01 3.383506e-01 4.245954e-01 4.108352e-01 4.291418e-01 3.254775e-01 4.179012e-01 3.852814e-01 3.042342e-01 3.165501e-01 3.885376e-01 4.460491e-01 4.127599e-01 4.052156e-01 4.442420e-01 4.006148e-01 4.554040e-01 4.978835e-01 4.789849e-01 4.113685e-01 3.705516e-01 4.430764e-01 4.446028e-01 3.846197e-01 4.436518e-01 4.086643e-01 3.554423e-01 4.284313e-01 3.940658e-01 4.598306e-01 4.254279e-01 4.163050e-01 4.146836e-01 4.333895e-01 3.354445e-01 3.801929e-01 4.140304e-01 4.539778e-01
<VARIANCE> 142
 1.771181e-02 3.932318e-03 1.052011e-02 6.119876e-03 3.411572e-03 9.348796e-03 7.384186e-03 2.117817e-02 1.059898e-02 3.726317e-03 1.318515e-02 1.641715e-02 1.044581e-02 2.191149e-02 1.817314e-02 1.696265e-02 9.004737e-03 1.596185e-02 1.054810e-02 7.205818e-03 2.726031e-02 2.919488e-02 1.089808e-02 1.685296e-02 2.879665e-03 5.735307e-03 7.355381e-03 2.002116e-02 1.246394e-02 9.854012e-03 8.489369e-03 5.815589e-03 1.928779e-02 1.250181e-02 2.780156e-03 1.528746e-02 1.142355e-02 1.573305e-02 1.796651e-02 7.987285e-03 1.931551e-02 6.740863e-03 9.258162e-03 1.504176e-02 2.739661e-03 5.178852e-03 2.001783e-02 1.102914e-02 1.519750e-02 1.014536e-02 5.184740e-03 6.489819e-03 9.492788e-03 1.109068e-02 4.581393e-03 9.652025e-03 2.140593e-02 1.192248e-02 1.314710e-02 8.713109e-03 1.833357e-02 4.816522e-03 5.985671e-03 1.010916e-02 1.839469e-02 2.221899e-02 2.243598e-02 1.466369e-02 5.364937e-03 1.373795e-02 4.417415e-03 1.680695e-02 6.580547e-03 6.762599e-03 1.636963e-02 1.147698e-02 1.766151e-02 1.536334e-02 8.103677e-03 1.837661e-02 1.020171e-02 8.559983e-03 1.136123e-02 1.366739e-02 6.810068e-03 1.185743e-02 7.640784e-03 1.176399e-02 5.936027e-03 5.740327e-03 1.749290e-02 1.135592e-02 7.579891e-03 3.435164e-02 3.744026e-03 6.421319e-03 1.043285e-02 1.950175e-02 9.670208e-03 4.240251e-03 1.452326e-03 2.915045e-02 1.336314e-02 2.018461e-02 1.797906e-02 6.203509e-03 1.304932e-02 1.441136e-02 1.871854e-02 6.653569e-03 1.016492e-02 1.609722e-02 8.357543e-03 9.087397e-03 1.458164e-02 1.456350e-02 6.697640e-03 6.278408e-03 1.792669e-02 1.433093e-02 5.251918e-03 6.991304e-03 7.835657e-03 2.576926e-02 1.678316e-02 3.179460e-03 6.976830e-03 2.221825e-02 4.280316e-02 9.149414e-03 8.184305e-03 1.924744e-02 3.446084e-02 5.927796e-03 3.773727e-02 9.345229e-03 8.190428e-03 2.979702e-02 7.741274e-03 1.947109e-02 9.926745e-03 5.431177e-03
<GCONST> -3.840800e+02
<TRANSP> 4
 0.000000e+00 1.000000e+00 0.000000e+00 0.000000e+00
 0.000000e+00 5.000000e-01 5.000000e-01 0.000000e+00
 0.000000e+00 0.000000e+00 5.000000e-01 5.000000e-01
 0.000000e+00 0.000000e+00 0.000000e+00 0.000000e+00
<ENDHMM>
