~o
<STREAMINFO> 1 142
<VECSIZE> 142<NULLD><USER><DIAGC>
~h "coffee"
<BEGINHMM>
<NUMSTATES> 4
<STATE> 2
<MEAN> 142
 6.095705e-01 3.394658e-01 3.868502e-01 3.610991e-01 2.923004e-01 3.314946e-01 4.182368e-01 4.084961e-01 3.853870e-01 4.036735e-01 4.635619e-01 4.102504e-01 3.912080e-01 4.391894e-01 3.022304e-01 4.014532e-01 4.350554e-01 3.742012e-01 3.017867e-01 3.911047e-01 4.963524e-01 4.827805e-01 3.988235e-01 4.489186e-01 4.489912e-01 4.343114e-01 4.015975e-01 3.905812e-01 3.834164e-01 3.631516e-01 4.908348e-01 4.414973e-01 5.098466e-01 4.690979e-01 4.200590e-01 3.712228e-01 3.785488e-01 2.666687e-01 3.072011e-01 3.746509e-01 3.218823e-01 4.115404e-01 2.907223e-01 3.464775e-01 2.843296e-01 4.180932e-01 4.226224e-01 4.453736e-01 4.162691e-01 3.032271e-01 4.832058e-01 3.759190e-01 4.386209e-01 2.528871e-01 4.375018e-01 3.666601e-01 3.732926e-01 3.682517e-01 3.184461e-01 3.690624e-01 4.617952e-01 5.142655e-01 4.113007e-01 4.270282e-01 3.958598e-01 5.141050e-01 3.308672e-01 3.945567e-01 4.518806e-01 3.001872e-01 4.556353e-01 4.121020e-01 4.102124e-01 4.091137e-01 3.600262e-01 3.878151e-01 4.698218e-01 4.159390e-01 4.517491e-01 4.714226e-01 4.188338e-01 3.289106e-01 3.492449e-01 4.047346e-01 3.915987e-01 4.464788e-01 3.961312e-01 3.733258e-01 4.421601e-01 3.718933e-01 3.181897e-01 3.758157e-01 3.910937e-01 3.341653e-01 4.392674e-01 4.619387e-01 4.232021e-01 2.941617e-01 4.436523e-01 4.961006e-01 3.547126e-01 5.005077e-01 3.495635e-01 3.075091e-01 3.349921e-01 3.077967e-01 3.260405e-01 3.207419e-01 4.099540e-01 4.306477e-01 3.611258e-01 3.308501e-01 4.218121e-01 3.218338e-01 3.570569e-01 4.136543e-01 3.213741e-01 4.387260e-01 4.207665e-01 4.202797e-01 3.841688e-01 5.058486e-01 4.281989e-01 3.485807e-01 4.381753e-01 3.946728e-01 3.664336e-01 2.914928e-01 2.927809e-01 4.286634e-01 4.802608e-01 3.494542e-01 3.447093e-01 3.854485e-01 3.370096e-01 3.713613e-01 4.889864e-01 3.936621e-01 4.065946e-01 3.861574e-01 4.521593e-01 4.744100e-01
<VARIANCE> 142
 2.985467e-02 6.094370e-03 2.169556e-02 1.939733e-02 2.087460e-02 1.692815e-02 2.422392e-02 1.656321e-02 4.828558e-03 4.182407e-03 6.666932e-03 4.289688e-03 8.528574e-03 7.013386e-03 1.012597e-02 2.134759e-02 6.456723e-03 4.963443e-03 1.678760e-02 1.447723e-02 7.707931e-03 6.532921e-03 1.476648e-02 2.664212e-03 7.698454e-03 1.467033e-02 5.981157e-03 3.873879e-03 4.289551e-03 5.285905e-03 6.872010e-03 1.627495e-02 1.887460e-02 1.490481e-02 6.791078e-03 1.394662e-02 1.524541e-02 9.086509e-03 6.042809e-03 2.916314e-02 5.968441e-03 6.100424e-03 7.613171e-03 1.222592e-02 1.575280e-02 8.011854e-03 7.529548e-03 9.477743e-03 1.815512e-02 6.149531e-03 1.271190e-02 1.001198e-02 5.256930e-03 3.679190e-03 1.250350e-02 6.744375e-03 1.997064e-02 1.953597e-02 1.661171e-02 4.127331e-02 1.576909e-02 2.918621e-02 1.418541e-02 8.047898e-03 7.001139e-03 1.315359e-02 1.218763e-02 1.852426e-02 9.633064e-03 6.596684e-03 2.375628e-03 1.146497e-02 7.420177e-03 7.752006e-03 1.165278e-02 1.051405e-02 9.360135e-03 2.291217e-02 5.680617e-03 1.518632e-02 3.574355e-03 4.478194e-03 8.447021e-03 1.427680e-02 1.671563e-02 1.226223e-02 2.597484e-03 3.143382e-03 3.252048e-03 1.579421e-02 5.721154e-03 1.570721e-02 8.642793e-03 3.604993e-03 6.844511e-03 9.563759e-03 6.077061e-03 4.207305e-03 3.928904e-03 1.310247e-02 3.214446e-03 4.661712e-03 8.172564e-03 2.036894e-03 9.985371e-03 4.067069e-03 4.631635e-03 4.498588e-03 5.734691e-03 2.616954e-02 6.776592e-03 5.578117e-03 4.315440e-02 7.295723e-03 6.033306e-03 9.907374e-03 4.782507e-03 7.480568e-03 3.876971e-03 8.264475e-03 5.886477e-03 2.215712e-02 1.231171e-02 1.417931e-02 1.950784e-02 7.988518e-03 9.958445e-03 3.675831e-03 4.263479e-03 1.184439e-02 1.457576e-02 8.338676e-03 7.612221e-03 3.762854e-03 4.750726e-03 9.324370e-03 1.658546e-02 5.430468e-03 1.870307e-02 4.410038e-03 8.200518e-03 1.402881e-02
<GCONST> -4.105649e+02
<STATE> 3
<MEAN> 142
 5.784740e-01 3.756841e-01 3.999261e-01 3.727974e-01 3.595963e-01 3.766269e-01 3.689973e-01 4.028580e-01 3.612351e-01 4.767161e-01 4.715487e-01 4.710953e-01 4.677402e-01 4.854231e-01 4.600030e-01 3.992259e-01 4.885986e-01 4.777215e-01 2.923726e-01 4.032436e-01 4.260383e-01 4.482093e-01 3.615264e-01 4.831256e-01 4.444630e-01 4.381514e-01 4.352676e-01 5.246729e-01 4.816487e-01 5.038507e-01 5.422313e-01 4.102797e-01 3.816197e-01 4.538783e-01 4.454531e-01 4.431145e-01 4.165252e-01 4.872537e-01 3.897248e-01 4.725672e-01 4.960904e-01 4.701168e-01 3.660430e-01 3.340782e-01 3.229742e-01 4.349500e-01 4.263308e-01 4.493681e-01 4.645683e-01 3.634973e-01 4.953938e-01 5.028332e-01 5.387291e-01 2.973984e-01 4.757020e-01 4.103703e-01 3.943098e-01 2.967364e-01 3.734330e-01 3.614390e-01 4.839462e-01 4.560234e-01 3.840740e-01 4.528311e-01 4.445128e-01 4.249493e-01 5.465227e-01 3.972026e-01 4.102962e-01 4.874151e-01 4.469995e-01 4.212895e-01 4.640895e-01 4.249946e-01 3.853587e-01 4.550461e-01 4.280233e-01 3.818419e-01 4.482791e-01 3.765106e-01 4.909900e-01 3.795925e-01 5.494916e-01 4.109439e-01 3.751336e-01 4.315196e-01 3.954316e-01 4.382061e-01 4.569630e-01 4.206845e-01 4.046239e-01 4.393778e-01 4.953720e-01 4.627383e-01 4.811110e-01 4.894348e-01 4.703975e-01 4.444371e-01 4.687734e-01 3.962750e-01 4.327323e-01 4.676987e-01 3.509272e-01 4.337739e-01 3.892786e-01 3.481665e-01 4.366665e-01 4.562073e-01 4.642373e-01 3.744116e-01 4.725835e-01 4.422574e-01 3.926946e-01 4.228607e-01 4.092927e-01 4.696159e-01 4.339178e-01 3.910124e-01 4.613713e-01 3.759901e-01 3.987240e-01 4.483681e-01 4.473255e-01 4.470308e-01 3.776866e-01 4.128277e-01 5.060737e-01 4.303828e-01 4.192148e-01 3.626314e-01 4.297863e-01 4.629884e-01 4.182222e-01 4.638765e-01 4.651560e-01 4.412814e-01 4.984559e-01 4.889826e-01 4.958512e-01 3.865936e-01 4.919329e-01 4.436822e-01
<VARIANCE> 142
 1.206265e-02 1.228182e-02 3.415231e-02 1.771609e-02 1.223109e-02 5.949094e-03 1.049509e-02 2.738309e-02 1.096894e-02 4.847590e-03 1.128247e-02 1.646756e-02 2.702943e-02 7.796722e-03 3.079177e-02 2.122799e-02 1.276647e-02 3.288966e-02 1.478946e-02 1.163602e-02 9.023171e-03 2.326351e-02 9.287881e-03 6.718043e-03 2.251921e-03 1.591142e-02 1.078730e-02 1.308532e-02 2.322137e-02 1.704162e-02 9.809417e-03 4.654602e-03 2.457057e-02 9.808969e-03 1.792324e-03 1.230199e-02 4.423880e-03 3.623268e-02 1.478979e-02 4.018937e-02 1.708650e-02 2.164213e-02 1.114494e-02 2.024854e-02 1.989624e-02 9.828748e-03 2.060358e-02 3.115890e-02 1.554518e-02 1.146863e-02 7.376021e-03 3.598329e-02 1.788247e-02 7.888331e-03 1.232222e-02 2.065053e-02 6.904975e-03 1.215769e-02 5.548725e-03 4.675190e-02 1.615857e-02 6.729362e-03 7.698782e-03 7.783207e-03 1.853282e-02 2.500113e-02 3.856701e-02 1.409538e-02 1.957306e-02 2.248597e-02 1.317822e-03 1.213504e-02 1.711104e-02 4.684696e-03 1.554774e-02 1.135591e-02 1.127468e-02 1.831560e-02 3.018604e-03 1.462789e-02 7.529559e-03 9.114816e-03 3.596532e-02 1.231092e-02 1.019713e-02 1.625673e-02 4.511180e-03 6.095669e-03 4.663641e-03 4.912899e-03 2.371828e-02 2.512030e-02 4.725451e-03 2.175293e-02 6.758483e-03 7.746007e-03 3.220160e-03 1.591189e-02 2.662548e-03 9.219154e-03 1.895098e-03 2.757541e-02 5.207316e-03 8.091378e-03 9.196131e-03 6.746825e-03 1.050789e-02 9.642045e-03 1.202932e-02 2.123641e-02 4.373053e-03 1.991723e-02 2.844537e-02 7.626524e-03 8.566686e-03 9.542215e-03 1.220439e-02 1.172402e-02 1.021784e-02 5.056151e-03 7.161524e-03 1.601705e-02 1.265624e-02 1.025313e-02 4.516149e-03 1.800461e-02 1.950305e-02 1.636952e-02 3.896138e-02 5.471058e-03 1.032198e-02 8.715049e-03 9.460743e-03 5.847489e-03 8.539377e-03 5.333241e-03 1.741285e-02 1.223148e-02 4.272088e-02 4.858539e-03 1.184628e-02 9.617115e-03
<GCONST> -3.733924e+02
<TRANSP> 4
 0.000000e+00 1.000000e+00 0.000000e+00 0.000000e+00
 0.000000e+00 5.000000e-01 5.000000e-01 0.000000e+00
 0.000000e+00 0.000000e+00 5.000000e-01 5.000000e-01
 0.000000e+00 0.000000e+00 0.000000e+00 0.000000e+00
<ENDHMM>
