~o
<STREAMINFO> 1 142
<VECSIZE> 142<NULLD><USER><DIAGC>
~h "collect"
<BEGINHMM>
<NUMSTATES> 4
<STATE> 2
<MEAN> 142
 7.529951e-01 4.521624e-01 4.337152e-01 3.686644e-01 3.032795e-01 3.363371e-01 4.521064e-01 3.983747e-01 3.249378e-01 3.674639e-01 4.431874e-01 4.678555e-01 4.361419e-01 4.658280e-01 2.974600e-01 3.462277e-01 3.890953e-01 4.109865e-01 3.589578e-01 4.372417e-01 4.641852e-01 4.387076e-01 4.126532e-01 4.312505e-01 4.577214e-01 4.102155e-01 4.334330e-01 4.485392e-01 3.888350e-01 3.882829e-01 4.440511e-01 4.619412e-01 5.478216e-01 3.823492e-01 4.401076e-01 4.077263e-01 3.434379e-01 3.142278e-01 3.248066e-01 3.480551e-01 3.020224e-01 4.314651e-01 3.281261e-01 3.804744e-01 2.706642e-01 4.968574e-01 4.795462e-01 4.011448e-01 4.062816e-01 3.759507e-01 4.974814e-01 4.164514e-01 3.988018e-01 2.937514e-01 5.549617e-01 3.932517e-01 4.267423e-01 3.925226e-01 3.448426e-01 2.881078e-01 5.216519e-01 5.007393e-01 4.168940e-01 4.287661e-01 3.964835e-01 5.554748e-01 3.290664e-01 3.507868e-01 4.583260e-01 3.255623e-01 4.949431e-01 5.027031e-01 4.526244e-01 4.179567e-01 4.167691e-01 4.222876e-01 5.193995e-01 5.266107e-01 4.086265e-01 4.527721e-01 4.419426e-01 3.794632e-01 3.517182e-01 4.300100e-01 3.401546e-01 5.013072e-01 4.063334e-01 4.370353e-01 3.971836e-01 3.808087e-01 4.275010e-01 3.777127e-01 4.405621e-01 4.407610e-01 4.362988e-01 4.811430e-01 4.332341e-01 3.164083e-01 3.666659e-01 4.516043e-01 3.586341e-01 4.776730e-01 3.996175e-01 3.553500e-01 3.490787e-01 3.017167e-01 3.920091e-01 3.799734e-01 3.860372e-01 3.704790e-01 4.533691e-01 4.042259e-01 4.019196e-01 3.429176e-01 4.108612e-01 4.421429e-01 3.909152e-01 4.278061e-01 4.799024e-01 4.689471e-01 4.347629e-01 5.535104e-01 5.422340e-01 4.389177e-01 4.539060e-01 5.046828e-01 4.275874e-01 3.493261e-01 3.741942e-01 4.206158e-01 4.400060e-01 4.285148e-01 4.775772e-01 4.110452e-01 3.850747e-01 3.843417e-01 5.070176e-01 4.186462e-01 3.494918e-01 3.914242e-01 5.129569e-01 5.215648e-01
<VARIANCE> 142
 4.535966e-02 1.156502e-02 6.469037e-03 3.818057e-03 1.108396e-02 4.149616e-03 1.715611e-02 5.919111e-03 2.823590e-03 2.393070e-03 7.039361e-03 7.724865e-03 5.505223e-03 4.868841e-03 1.558511e-02 1.002608e-02 6.861147e-03 5.840824e-03 7.646961e-03 7.490667e-03 6.954658e-03 1.172178e-02 7.471043e-03 5.385917e-03 2.737170e-03 3.462293e-03 7.020641e-03 1.254503e-02 5.235938e-03 1.382097e-02 2.703800e-03 3.413321e-03 1.655402e-02 8.654135e-03 3.690113e-03 3.496681e-03 6.709483e-03 8.236992e-03 4.661440e-03 3.159238e-02 9.117145e-03 8.526112e-03 7.632323e-03 1.336498e-02 7.022299e-03 7.837568e-03 4.478000e-03 1.235104e-02 7.166803e-03 4.855603e-03 2.557756e-03 5.752863e-03 6.174542e-03 1.081873e-02 6.966455e-03 1.752084e-02 3.170450e-02 6.447534e-03 7.122552e-03 8.102352e-03 1.707941e-02 3.352614e-03 6.954783e-03 5.171572e-03 1.134129e-02 1.145364e-02 6.724158e-03 1.042445e-02 8.031925e-03 9.527492e-03 5.031206e-03 1.065351e-02 6.547906e-03 2.335678e-03 1.102964e-02 5.864392e-03 4.669476e-03 1.843089e-02 5.308446e-03 1.021963e-02 7.730393e-03 7.506025e-03 1.163427e-02 9.407086e-03 1.470738e-02 8.909598e-03 2.658161e-03 1.353892e-03 5.302543e-03 7.636919e-03 7.697216e-03 9.345101e-03 1.382096e-02 5.027675e-03 1.081427e-02 4.627320e-03 6.518676e-03 5.287272e-03 5.377014e-03 1.990852e-03 3.472422e-03 3.726555e-03 4.843911e-03 1.383019e-02 2.537747e-03 6.458257e-03 1.251983e-02 2.609633e-03 5.456788e-03 1.211371e-02 9.170143e-03 1.070634e-02 3.871867e-02 1.359163e-03 1.079054e-02 9.174969e-03 1.248677e-02 1.089059e-02 7.745848e-03 8.315411e-03 5.319987e-03 6.759504e-03 7.575696e-03 1.734271e-02 1.232105e-02 5.763875e-03 8.949698e-03 1.003079e-02 1.761007e-02 3.337942e-03 1.666374e-02 8.593964e-03 1.477259e-02 2.043920e-03 1.569558e-02 4.642581e-03 1.026558e-02 1.540197e-02 1.659423e-02 4.217214e-03 1.967394e-03 1.110953e-02
<GCONST> -4.373671e+02
<STATE> 3
<MEAN> 142
 5.504472e-01 3.086333e-01 3.610533e-01 3.562862e-01 3.036254e-01 3.087566e-01 3.530630e-01 3.572246e-01 3.628969e-01 3.934671e-01 5.546776e-01 3.744646e-01 3.832016e-01 5.652812e-01 3.138240e-01 3.390718e-01 3.809180e-01 3.281358e-01 3.415557e-01 3.798230e-01 5.131146e-01 5.299919e-01 3.784203e-01 4.985589e-01 4.959209e-01 3.746521e-01 4.459770e-01 3.290041e-01 4.326054e-01 3.353677e-01 4.872008e-01 4.022272e-01 3.431436e-01 5.188763e-01 4.260918e-01 3.193178e-01 3.710678e-01 3.378721e-01 3.800116e-01 3.586574e-01 3.397088e-01 4.501453e-01 3.200743e-01 3.531946e-01 1.628999e-01 3.199858e-01 4.782178e-01 4.378002e-01 4.563816e-01 3.530382e-01 5.060368e-01 4.264831e-01 4.686169e-01 2.556536e-01 3.974936e-01 3.652619e-01 4.479417e-01 3.596995e-01 3.238733e-01 3.611220e-01 3.628206e-01 4.053554e-01 3.663874e-01 3.854429e-01 3.537234e-01 4.018633e-01 4.045710e-01 4.112847e-01 4.169518e-01 3.936205e-01 4.264036e-01 3.227180e-01 3.704007e-01 3.942395e-01 3.010425e-01 3.581138e-01 4.386706e-01 4.187962e-01 5.179173e-01 4.771283e-01 3.947012e-01 3.556399e-01 3.669219e-01 4.401843e-01 2.990402e-01 3.320147e-01 3.655235e-01 3.906357e-01 4.672292e-01 3.000465e-01 2.912197e-01 2.714283e-01 3.417234e-01 3.396481e-01 4.034155e-01 3.933465e-01 3.693339e-01 3.224250e-01 4.468651e-01 4.607649e-01 4.137605e-01 4.577540e-01 3.076357e-01 3.181640e-01 3.736232e-01 3.409439e-01 3.593899e-01 4.105588e-01 3.799027e-01 4.284956e-01 3.566418e-01 3.166225e-01 3.378037e-01 3.333275e-01 3.113878e-01 3.282760e-01 3.580041e-01 4.891320e-01 3.648164e-01 4.593625e-01 4.093367e-01 4.612635e-01 4.264116e-01 2.872681e-01 4.468175e-01 3.638614e-01 3.282845e-01 3.469229e-01 2.889925e-01 4.444500e-01 3.604680e-01 3.501113e-01 3.084991e-01 4.463326e-01 3.402629e-01 4.432367e-01 3.927878e-01 4.056631e-01 3.681735e-01 3.577714e-01 4.221412e-01 4.083989e-01
<VARIANCE> 142
 1.401177e-02 7.727612e-03 6.424355e-03 4.911125e-03 4.015871e-03 1.217270e-02 7.922495e-03 2.077151e-02 1.850208e-03 1.282979e-03 3.107814e-02 1.157500e-02 1.630983e-02 1.855726e-02 8.323069e-03 1.677097e-02 6.059134e-03 5.540782e-03 1.237713e-02 1.416520e-02 2.123706e-02 2.006273e-02 1.009591e-02 5.311053e-03 4.063828e-03 5.093669e-03 1.153463e-02 2.304587e-02 8.027872e-03 1.212992e-02 5.917052e-03 7.266576e-03 1.381126e-02 1.422806e-02 1.709128e-03 9.064496e-03 2.768440e-03 2.701021e-02 5.122792e-03 4.295810e-02 2.348773e-02 4.356183e-03 9.473989e-03 9.882368e-03 1.034483e-02 8.072093e-03 1.802958e-02 1.780602e-02 1.113114e-02 1.072219e-02 7.074472e-03 1.042832e-02 3.283858e-03 5.205307e-03 1.053729e-02 8.584650e-03 2.617056e-02 1.251232e-02 1.233715e-02 6.746705e-03 8.924883e-03 6.145780e-03 3.486964e-03 7.967772e-03 1.617558e-02 6.550646e-03 1.573547e-02 1.866915e-02 8.094418e-03 8.256366e-03 4.760843e-03 6.177787e-03 2.591826e-03 5.432402e-03 1.718492e-02 1.226944e-02 1.089219e-02 2.381623e-02 6.737000e-03 1.036503e-02 8.831351e-03 4.746076e-03 2.010600e-02 1.040976e-02 8.736949e-03 1.351102e-02 2.057019e-03 2.780544e-03 2.667688e-03 6.271577e-03 1.978689e-02 1.288776e-02 1.128252e-02 1.909738e-02 3.799529e-03 1.086547e-02 7.305751e-03 1.698070e-02 6.819240e-03 2.457896e-03 1.963151e-03 9.441492e-03 3.034473e-03 9.600112e-03 5.881996e-03 1.207839e-02 1.319134e-02 4.441489e-03 1.081721e-02 8.089175e-03 6.711239e-03 1.363306e-02 1.344485e-02 1.370674e-03 1.072697e-02 6.752837e-03 1.455750e-02 5.974893e-03 1.015127e-02 1.644644e-02 3.853926e-03 6.743846e-03 6.062275e-03 2.208252e-02 1.355764e-02 7.127635e-03 9.123855e-03 1.515010e-02 2.829177e-02 7.477181e-03 1.743922e-02 4.761890e-03 2.085915e-02 3.320962e-03 7.144582e-03 9.295837e-03 1.377487e-02 6.272370e-03 3.256963e-02 3.529571e-03 4.006107e-03 8.626530e-03
<GCONST> -4.132435e+02
<TRANSP> 4
 0.000000e+00 1.000000e+00 0.000000e+00 0.000000e+00
 0.000000e+00 5.000000e-01 5.000000e-01 0.000000e+00
 0.000000e+00 0.000000e+00 5.000000e-01 5.000000e-01
 0.000000e+00 0.000000e+00 0.000000e+00 0.000000e+00
<ENDHMM>
