~o
<STREAMINFO> 1 142
<VECSIZE> 142<NULLD><USER><DIAGC>
~h "couple"
<BEGINHMM>
<NUMSTATES> 4
<STATE> 2
<MEAN> 142
 4.589443e-01 4.295560e-01 3.494398e-01 4.612859e-01 4.753813e-01 2.382749e-01 3.119985e-01 2.616076e-01 4.023031e-01 4.327986e-01 4.054314e-01 3.618309e-01 2.585951e-01 3.930795e-01 3.802591e-01 3.410670e-01 3.798266e-01 3.583789e-01 3.040791e-01 2.477753e-01 4.894727e-01 4.801650e-01 3.117219e-01 4.694400e-01 5.032324e-01 3.402295e-01 4.100431e-01 3.612762e-01 4.341300e-01 3.981734e-01 4.377986e-01 4.256342e-01 4.203483e-01 4.533459e-01 4.314537e-01 3.926007e-01 4.133401e-01 2.779508e-01 4.391315e-01 3.765528e-01 4.143621e-01 4.685634e-01 4.010978e-01 2.253028e-01 2.037648e-01 3.245562e-01 4.787772e-01 3.938434e-01 4.512615e-01 3.091727e-01 5.509809e-01 3.209517e-01 4.072052e-01 3.051226e-01 4.864874e-01 4.862804e-01 3.612303e-01 3.034368e-01 3.380717e-01 3.965076e-01 3.190454e-01 4.692676e-01 3.900604e-01 3.631664e-01 4.129346e-01 4.144483e-01 3.096272e-01 4.165969e-01 4.402448e-01 4.136729e-01 4.214199e-01 3.465515e-01 3.695751e-01 3.569284e-01 2.155443e-01 2.786751e-01 4.788581e-01 5.619960e-01 4.714463e-01 4.536179e-01 5.457347e-01 4.392513e-01 3.181926e-01 4.899343e-01 3.480027e-01 4.032350e-01 3.926963e-01 4.185132e-01 4.641857e-01 3.392127e-01 3.211379e-01 2.712218e-01 4.245640e-01 3.572693e-01 5.038266e-01 4.284264e-01 4.521490e-01 2.993273e-01 5.216655e-01 4.304270e-01 4.531919e-01 4.787564e-01 3.991252e-01 3.925665e-01 3.269757e-01 2.763703e-01 2.742252e-01 4.365342e-01 3.047709e-01 3.745765e-01 3.706977e-01 3.584945e-01 4.836830e-01 3.971669e-01 3.946159e-01 4.173207e-01 3.513972e-01 4.799902e-01 4.569079e-01 3.545339e-01 4.627514e-01 4.211781e-01 4.804892e-01 3.725700e-01 2.872358e-01 3.801104e-01 4.010175e-01 3.624732e-01 3.639916e-01 3.117712e-01 3.945889e-01 5.241449e-01 3.004228e-01 4.373195e-01 4.681590e-01 5.520181e-01 3.736610e-01 4.555042e-01 4.245293e-01 4.083396e-01 4.962862e-01 4.444130e-01
<VARIANCE> 142
 1.389089e-02 7.444710e-03 5.062253e-03 1.014573e-02 2.035015e-02 4.736398e-03 6.875515e-03 7.659062e-03 4.549348e-03 1.231644e-03 4.266975e-03 9.507720e-03 5.778675e-03 2.662441e-03 2.042753e-02 1.440306e-02 4.583294e-03 1.423275e-02 4.498494e-03 1.189119e-02 8.021918e-03 1.322219e-02 5.974517e-03 6.033428e-03 5.486411e-03 7.639978e-03 1.220612e-03 7.829005e-03 3.514020e-03 1.357819e-02 2.133826e-03 6.932084e-03 1.179228e-02 7.905116e-03 2.787649e-03 1.005782e-02 1.050090e-02 8.773312e-03 7.095485e-03 1.673489e-02 8.773489e-03 4.212774e-03 5.020974e-03 4.737068e-03 8.244560e-03 4.681867e-03 8.574295e-03 5.423704e-03 1.296073e-02 3.594185e-03 1.182120e-02 8.086222e-03 3.565626e-03 6.135609e-03 4.541539e-03 1.124294e-02 6.713381e-03 2.404424e-03 4.884424e-03 1.589005e-02 1.189376e-02 3.829827e-03 9.156236e-03 2.862140e-03 5.978115e-03 1.105667e-02 7.644919e-03 1.188920e-02 2.988193e-03 8.689075e-03 4.297643e-03 6.618317e-03 2.863204e-03 5.259675e-03 4.553437e-03 3.851166e-03 5.730309e-03 1.638301e-02 3.156745e-03 1.452183e-02 2.221599e-02 1.206583e-02 7.564059e-03 5.436816e-03 7.722652e-03 1.339406e-02 3.222805e-03 6.544733e-03 3.042181e-03 5.785258e-03 6.442507e-03 6.054623e-03 1.088722e-02 1.100275e-02 8.909180e-03 8.675232e-03 1.813328e-03 1.198772e-02 5.427756e-03 3.142124e-03 5.577349e-03 7.463481e-03 2.313073e-03 5.412038e-03 3.465795e-03 3.945352e-03 2.841739e-03 5.213700e-03 2.886775e-03 1.111354e-02 3.755141e-03 8.806080e-03 1.324741e-02 5.952394e-03 1.000000e-03 3.697417e-03 4.222864e-03 7.836723e-03 1.136730e-02 7.672867e-03 2.452893e-03 7.325446e-03 6.233032e-03 1.594467e-02 1.205725e-02 2.246104e-03 5.508689e-03 7.661763e-03 7.057791e-03 6.573584e-03 7.119167e-03 9.516909e-03 4.076800e-03 1.084992e-02 1.253887e-02 8.968608e-03 8.907135e-03 1.239395e-02 2.256441e-02 1.237563e-02 8.636310e-03 1.291072e-02
<GCONST> -4.527859e+02
<STATE> 3
<MEAN> 142
 6.628978e-01 3.320068e-01 3.738621e-01 3.828291e-01 2.892100e-01 3.552413e-01 4.356811e-01 3.959490e-01 3.511507e-01 3.978847e-01 4.186749e-01 4.504916e-01 4.384975e-01 4.478361e-01 3.210893e-01 4.073860e-01 4.153851e-01 3.541897e-01 3.186128e-01 4.759799e-01 5.016236e-01 4.895522e-01 3.788067e-01 4.748092e-01 4.232610e-01 4.404866e-01 4.114721e-01 3.724375e-01 3.844366e-01 3.899370e-01 4.817390e-01 4.565208e-01 4.976260e-01 4.388632e-01 4.634518e-01 3.367455e-01 3.236141e-01 2.896022e-01 3.162056e-01 4.200451e-01 3.515362e-01 4.110726e-01 2.804376e-01 4.038327e-01 3.388521e-01 4.534578e-01 4.125040e-01 4.064360e-01 4.294074e-01 3.374329e-01 4.534572e-01 4.375641e-01 4.767132e-01 2.543530e-01 5.235528e-01 3.688803e-01 4.411634e-01 3.580166e-01 3.539375e-01 3.455949e-01 5.149689e-01 4.383952e-01 3.637781e-01 4.069900e-01 3.863627e-01 4.505610e-01 3.357839e-01 3.960834e-01 4.549901e-01 3.905025e-01 4.856910e-01 4.650672e-01 4.388116e-01 4.569318e-01 3.657150e-01 3.948390e-01 4.638971e-01 3.970982e-01 4.478391e-01 4.118867e-01 4.283358e-01 3.570643e-01 3.878922e-01 4.422933e-01 3.721890e-01 5.174769e-01 3.876834e-01 4.175853e-01 4.564317e-01 4.177679e-01 3.227353e-01 4.340697e-01 4.169687e-01 3.605931e-01 4.414448e-01 4.386885e-01 4.605024e-01 2.852410e-01 4.135495e-01 4.300096e-01 3.957082e-01 5.103484e-01 3.428325e-01 3.122919e-01 3.339512e-01 2.950718e-01 3.875445e-01 3.584775e-01 4.064477e-01 4.605166e-01 4.278301e-01 3.828188e-01 4.109523e-01 3.382203e-01 3.305027e-01 4.246573e-01 3.308646e-01 3.868116e-01 4.189724e-01 3.955125e-01 3.895232e-01 4.965594e-01 4.288201e-01 3.815013e-01 5.069630e-01 3.989417e-01 4.015165e-01 3.112592e-01 3.001510e-01 4.954355e-01 4.520179e-01 3.631440e-01 3.984816e-01 4.345527e-01 3.731724e-01 3.910909e-01 5.807416e-01 4.301993e-01 4.819658e-01 3.883475e-01 4.417654e-01 5.466355e-01
<VARIANCE> 142
 4.598098e-02 3.122720e-03 2.501382e-03 1.044083e-02 1.570793e-02 1.037359e-02 2.533900e-02 8.232230e-03 2.662729e-03 7.836642e-03 4.813464e-03 4.722614e-03 1.306874e-02 4.140900e-03 1.437433e-02 1.312261e-02 6.985652e-03 1.259027e-02 2.373866e-03 8.658910e-03 1.288079e-03 6.882741e-03 1.010229e-02 9.205655e-03 3.846484e-03 9.483508e-03 1.000000e-03 1.256852e-02 4.244343e-03 8.475980e-03 6.338703e-03 4.589032e-03 2.353164e-02 2.832755e-03 3.193005e-03 4.861589e-03 1.344159e-02 1.435880e-02 5.184342e-03 5.851600e-02 1.451129e-02 7.032657e-03 2.836112e-03 1.972692e-02 3.927437e-02 3.354392e-03 3.469503e-03 4.906832e-03 1.166057e-02 2.771132e-03 6.449295e-03 1.040276e-02 1.364011e-02 1.155705e-02 8.430203e-03 8.276419e-03 5.310043e-03 9.724682e-03 1.491665e-02 1.469763e-02 2.878781e-02 7.357475e-03 2.841538e-03 2.041355e-03 6.866932e-03 1.139799e-02 3.471973e-02 6.178095e-03 4.651624e-03 6.657116e-03 6.596553e-03 9.660936e-03 2.777539e-03 7.890017e-03 8.459675e-03 1.542617e-02 5.717854e-03 1.825204e-02 3.236091e-03 2.471829e-03 7.942414e-03 5.258739e-03 1.097202e-02 9.969248e-03 2.752776e-02 6.040555e-03 3.414202e-03 1.535892e-03 2.935865e-03 2.458633e-02 1.103758e-02 1.226782e-02 1.125864e-02 7.532917e-03 3.736970e-03 2.467621e-03 6.976252e-03 9.332925e-03 4.676947e-03 7.346978e-03 5.161764e-03 2.112587e-02 2.470439e-03 1.518755e-02 7.711445e-03 6.072092e-03 2.282199e-03 1.462445e-02 4.724219e-03 2.057301e-02 4.490897e-03 4.598371e-03 1.788606e-02 7.064605e-03 3.394220e-03 4.099232e-03 6.665471e-03 6.906870e-03 5.436786e-03 6.340140e-03 2.657881e-03 1.143099e-02 8.821225e-03 1.212146e-02 3.959149e-02 3.703929e-03 1.593477e-03 6.172272e-03 5.036886e-03 2.015167e-02 1.028102e-02 7.429042e-03 1.947673e-02 7.870777e-03 9.695326e-03 5.472799e-03 1.688268e-02 7.470811e-03 7.909650e-02 8.440057e-03 7.735963e-03 1.042410e-02
<GCONST> -4.329214e+02
<TRANSP> 4
 0.000000e+00 1.000000e+00 0.000000e+00 0.000000e+00
 0.000000e+00 5.000000e-01 5.000000e-01 0.000000e+00
 0.000000e+00 0.000000e+00 5.000000e-01 5.000000e-01
 0.000000e+00 0.000000e+00 0.000000e+00 0.000000e+00
<ENDHMM>
