~o
<STREAMINFO> 1 142
<VECSIZE> 142<NULLD><USER><DIAGC>
~h "daughter"
<BEGINHMM>
<NUMSTATES> 4
<STATE> 2
<MEAN> 142
 5.821782e-01 3.561286e-01 3.603570e-01 3.458279e-01 3.126024e-01 3.438096e-01 3.384879e-01 3.785013e-01 3.717210e-01 4.789979e-01 4.992718e-01 4.169918e-01 4.023378e-01 5.139964e-01 4.249862e-01 4.102759e-01 4.279324e-01 4.407986e-01 2.675382e-01 3.604277e-01 4.955207e-01 4.768977e-01 3.247699e-01 4.648343e-01 5.030670e-01 3.498480e-01 4.668317e-01 3.560371e-01 4.503919e-01 4.101996e-01 5.099602e-01 4.222037e-01 2.622299e-01 5.094621e-01 4.593738e-01 4.206684e-01 4.485879e-01 4.117889e-01 4.838700e-01 3.654789e-01 4.572499e-01 5.047913e-01 3.305388e-01 3.776347e-01 1.967388e-01 3.829438e-01 4.497949e-01 4.627317e-01 4.715312e-01 3.408200e-01 4.756604e-01 4.251884e-01 4.657972e-01 2.769814e-01 3.894953e-01 4.131755e-01 4.977345e-01 3.280227e-01 3.803303e-01 3.439295e-01 3.930945e-01 4.081105e-01 3.545906e-01 3.889866e-01 4.191521e-01 4.082356e-01 4.975787e-01 3.667101e-01 3.562012e-01 4.234624e-01 4.290075e-01 3.121395e-01 4.599353e-01 4.025054e-01 3.015240e-01 3.737265e-01 3.629699e-01 3.769352e-01 4.995000e-01 4.781140e-01 4.746324e-01 4.226120e-01 5.102468e-01 4.345355e-01 3.249607e-01 3.801276e-01 3.265048e-01 3.826360e-01 5.075898e-01 3.010869e-01 3.386746e-01 2.914198e-01 4.322606e-01 3.426270e-01 3.836846e-01 4.659464e-01 4.513407e-01 3.706529e-01 5.321949e-01 3.793016e-01 4.037506e-01 4.604669e-01 3.032399e-01 4.101996e-01 4.159400e-01 3.256257e-01 3.991570e-01 4.013314e-01 4.251269e-01 3.906861e-01 3.631695e-01 3.831719e-01 2.459182e-01 3.995172e-01 3.476213e-01 3.302970e-01 3.954710e-01 3.860390e-01 4.091512e-01 4.364810e-01 4.534946e-01 4.792480e-01 3.974157e-01 3.645805e-01 4.106445e-01 3.851315e-01 4.308264e-01 4.330029e-01 3.942354e-01 4.263264e-01 3.737713e-01 4.422274e-01 3.580330e-01 4.067262e-01 4.690130e-01 4.556903e-01 4.375014e-01 5.231147e-01 4.271770e-01 4.127755e-01 4.063616e-01 3.786563e-01
<VARIANCE> 142
 3.413696e-03 5.919099e-03 1.440634e-02 6.887218e-03 3.954774e-03 2.681023e-02 2.684917e-03 2.609977e-02 3.481905e-03 9.655427e-03 2.136626e-02 9.073563e-03 3.138189e-03 2.308729e-02 4.496472e-02 1.630572e-02 9.109830e-03 4.139251e-02 2.275385e-02 7.083075e-03 3.834494e-02 2.642649e-02 1.675590e-02 1.136261e-02 7.476310e-03 4.733536e-03 1.969150e-02 2.022483e-02 1.057715e-02 5.807246e-03 9.992569e-03 1.221772e-02 4.907730e-03 9.002382e-03 3.184079e-03 2.277422e-02 1.731692e-02 1.861959e-02 1.695714e-02 8.096256e-03 2.426649e-02 7.301635e-03 8.722269e-03 1.172699e-02 2.822656e-03 5.794665e-03 2.166384e-02 2.204819e-02 2.039594e-02 5.781324e-03 1.153694e-03 1.936544e-02 1.839845e-02 2.242459e-03 1.108604e-02 1.403836e-02 4.139624e-02 2.584600e-02 9.939475e-03 1.036232e-02 3.825607e-03 2.090073e-03 1.199710e-03 3.516177e-03 1.630362e-02 6.189371e-03 1.982980e-02 1.771982e-02 3.727969e-03 7.937862e-03 3.512541e-03 8.294422e-03 9.609969e-03 8.591021e-03 4.776765e-03 6.331236e-03 1.180699e-02 1.257080e-02 1.626062e-02 1.465471e-02 9.275687e-03 9.937478e-03 4.504408e-02 1.419272e-02 1.491402e-03 1.205119e-02 2.503041e-03 3.561391e-03 2.704905e-03 1.857448e-03 7.717721e-03 6.850493e-03 1.530982e-02 5.729612e-03 4.642415e-03 1.065363e-02 2.106949e-02 2.370547e-02 1.743288e-02 6.159544e-03 3.282908e-03 1.657135e-02 5.142594e-03 1.426213e-02 2.967931e-02 9.708732e-03 5.592870e-03 1.017710e-02 1.412858e-02 1.857799e-02 7.800861e-03 4.029177e-03 3.408671e-03 1.541966e-02 1.926870e-02 7.207945e-03 7.314346e-03 1.054649e-02 3.914290e-03 2.995500e-02 9.774903e-03 8.033552e-03 9.558518e-03 1.373233e-02 2.804651e-02 8.030828e-03 1.132808e-02 3.595911e-02 1.500476e-02 2.938822e-02 1.446983e-02 1.733607e-02 1.698020e-02 1.373928e-02 4.825534e-02 7.598166e-03 6.917579e-03 4.649125e-02 1.680886e-02 1.038850e-02 7.082047e-03 1.469870e-02
<GCONST> -3.920926e+02
<STATE> 3
<MEAN> 142
 5.749807e-01 4.302864e-01 3.561957e-01 4.504739e-01 4.084131e-01 2.268422e-01 3.189310e-01 2.535222e-01 3.200067e-01 4.413213e-01 4.253347e-01 4.319004e-01 4.147135e-01 4.346601e-01 2.757784e-01 3.090169e-01 3.865651e-01 4.597440e-01 2.990239e-01 3.135937e-01 4.032345e-01 4.364298e-01 3.497262e-01 4.810381e-01 4.792293e-01 3.278152e-01 4.639312e-01 4.165747e-01 4.871190e-01 3.947636e-01 4.471684e-01 4.261460e-01 3.585461e-01 4.501964e-01 4.251276e-01 3.728676e-01 3.387975e-01 4.527523e-01 4.124930e-01 2.351579e-01 3.702569e-01 5.358031e-01 4.194235e-01 2.356849e-01 2.069046e-01 4.190835e-01 4.671707e-01 3.434479e-01 3.961196e-01 3.498773e-01 4.999900e-01 3.444758e-01 3.972939e-01 2.943865e-01 5.195290e-01 4.506352e-01 3.765585e-01 2.818184e-01 3.794800e-01 2.850649e-01 3.569201e-01 4.926374e-01 4.023403e-01 4.500859e-01 4.166851e-01 5.609575e-01 3.577751e-01 3.451555e-01 3.964944e-01 4.287781e-01 4.372026e-01 3.957027e-01 4.226667e-01 3.436429e-01 3.129460e-01 3.784987e-01 4.372137e-01 5.067470e-01 4.585608e-01 4.388759e-01 4.880813e-01 3.910342e-01 4.047809e-01 4.585872e-01 3.236080e-01 3.931969e-01 3.875773e-01 4.171231e-01 4.855577e-01 3.064164e-01 4.025321e-01 2.566600e-01 4.263610e-01 3.611343e-01 5.077518e-01 4.222771e-01 4.212449e-01 3.916326e-01 4.622737e-01 3.879894e-01 4.155456e-01 5.400798e-01 3.765777e-01 4.311155e-01 3.171552e-01 3.624567e-01 3.947219e-01 4.231500e-01 3.663580e-01 3.173438e-01 4.462096e-01 3.687789e-01 3.839192e-01 3.841048e-01 4.307233e-01 4.599853e-01 4.207517e-01 4.577499e-01 4.431513e-01 3.669356e-01 4.516320e-01 5.416863e-01 5.030492e-01 4.016905e-01 3.167284e-01 4.172457e-01 4.354162e-01 4.435668e-01 4.670832e-01 3.252967e-01 2.884974e-01 4.929000e-01 3.721624e-01 4.039993e-01 3.736107e-01 4.537373e-01 3.782855e-01 4.025972e-01 3.129155e-01 4.139594e-01 5.731654e-01 4.118576e-01
<VARIANCE> 142
 3.387153e-02 7.308660e-03 5.634010e-03 2.251588e-02 1.626562e-02 1.102090e-02 5.958485e-03 9.914583e-03 4.397980e-03 6.143926e-03 7.935305e-03 5.476961e-03 9.803542e-03 2.346657e-02 1.084162e-02 1.227706e-02 1.039833e-02 2.428845e-02 9.259118e-03 2.019340e-02 9.110111e-03 1.936100e-02 7.495565e-03 8.629020e-03 1.809251e-03 2.666653e-03 1.317972e-02 4.927048e-03 7.518090e-03 2.004013e-03 2.199125e-03 8.390039e-03 1.805546e-02 2.995673e-03 3.445744e-03 1.248641e-02 9.886335e-03 2.560118e-02 1.433686e-02 3.324165e-03 5.949160e-03 1.102312e-02 1.319643e-02 3.868671e-03 4.523992e-03 8.566229e-03 4.048907e-03 6.310187e-03 6.870390e-03 5.069952e-03 1.110074e-02 1.418838e-02 5.356261e-03 3.464192e-03 5.438200e-03 9.047560e-03 7.414461e-03 4.670882e-03 4.762936e-03 5.119801e-03 1.410235e-02 2.814218e-03 2.341105e-03 2.169210e-03 9.047946e-03 3.011113e-02 1.576530e-02 6.742308e-03 1.691811e-03 2.072220e-03 5.988823e-03 5.780859e-03 3.551957e-03 1.112374e-02 1.361263e-02 9.787377e-03 1.015787e-02 2.329969e-02 3.494262e-03 8.154774e-03 3.124228e-03 1.181860e-02 1.148107e-02 2.641173e-03 5.906871e-03 7.244444e-03 5.258167e-03 9.151037e-03 4.124010e-03 1.113760e-03 2.268821e-03 6.152583e-03 5.703268e-03 1.413462e-02 1.439701e-02 2.923894e-03 4.489007e-03 1.525794e-02 8.714314e-03 3.049500e-03 7.554546e-03 1.318955e-02 1.189841e-02 6.132967e-03 4.345301e-03 4.129048e-03 2.457348e-03 1.816196e-03 1.669255e-02 2.765963e-03 4.387034e-03 4.825749e-03 1.371545e-02 1.799117e-02 1.358754e-02 1.125034e-02 1.185684e-02 1.078067e-02 3.959346e-03 7.364703e-03 3.562469e-03 1.235676e-02 7.793674e-03 1.294134e-02 5.559779e-03 4.518602e-03 3.102261e-03 5.852084e-03 1.093116e-02 6.280628e-03 4.247805e-03 3.464845e-03 1.463175e-02 1.069217e-02 1.232566e-02 9.997160e-03 1.793953e-02 9.164943e-03 8.732059e-03 1.379887e-02 1.656104e-02 7.287777e-03
<GCONST> -4.399680e+02
<TRANSP> 4
 0.000000e+00 1.000000e+00 0.000000e+00 0.000000e+00
 0.000000e+00 5.000000e-01 5.000000e-01 0.000000e+00
 0.000000e+00 0.000000e+00 5.000000e-01 5.000000e-01
 0.000000e+00 0.000000e+00 0.000000e+00 0.000000e+00
<ENDHMM>
