~o
<STREAMINFO> 1 142
<VECSIZE> 142<NULLD><USER><DIAGC>
~h "deaf"
<BEGINHMM>
<NUMSTATES> 4
<STATE> 2
<MEAN> 142
 5.405811e-01 3.805432e-01 3.297187e-01 3.416755e-01 3.102645e-01 2.368188e-01 2.951174e-01 3.370155e-01 3.460492e-01 4.994737e-01 5.052246e-01 4.319323e-01 3.677920e-01 5.013058e-01 3.812216e-01 3.386753e-01 4.391500e-01 4.166225e-01 2.811356e-01 3.610218e-01 4.328811e-01 4.866436e-01 3.382503e-01 5.109630e-01 4.998166e-01 3.468868e-01 4.597477e-01 4.202815e-01 4.344874e-01 4.126456e-01 4.470031e-01 3.958864e-01 2.752069e-01 5.041007e-01 4.781118e-01 3.793335e-01 4.007730e-01 4.089559e-01 4.962744e-01 2.913724e-01 4.049475e-01 5.434168e-01 4.232059e-01 2.969854e-01 1.583697e-01 4.177364e-01 4.270497e-01 4.028360e-01 4.484958e-01 3.775228e-01 4.414001e-01 4.266241e-01 5.055829e-01 2.777089e-01 3.932919e-01 4.031115e-01 4.524235e-01 2.892320e-01 3.479963e-01 2.889020e-01 3.717502e-01 4.247298e-01 3.562384e-01 3.881137e-01 3.939357e-01 4.407915e-01 4.453125e-01 3.846284e-01 3.596314e-01 4.612094e-01 4.170098e-01 3.040334e-01 4.357367e-01 3.891708e-01 2.962866e-01 3.436020e-01 3.874427e-01 3.797446e-01 4.898782e-01 4.618358e-01 4.659646e-01 4.251840e-01 4.565756e-01 4.092092e-01 3.146641e-01 3.245096e-01 3.835764e-01 4.226509e-01 4.660602e-01 2.827508e-01 3.418931e-01 2.577181e-01 3.995772e-01 3.961853e-01 4.310034e-01 3.939871e-01 4.721252e-01 3.839810e-01 4.940982e-01 3.961494e-01 4.244880e-01 4.784099e-01 3.465329e-01 4.120629e-01 3.404816e-01 3.710091e-01 4.188750e-01 4.917421e-01 4.093292e-01 3.580764e-01 3.857060e-01 3.819807e-01 2.541285e-01 4.422527e-01 3.803902e-01 3.900891e-01 4.243161e-01 4.439251e-01 4.300460e-01 3.797040e-01 4.616150e-01 4.560263e-01 4.537794e-01 3.486407e-01 3.664195e-01 4.621300e-01 4.364722e-01 4.486430e-01 4.595121e-01 3.859225e-01 3.212999e-01 4.324203e-01 3.365864e-01 4.502895e-01 4.676199e-01 4.866888e-01 3.640791e-01 4.778573e-01 3.379718e-01 4.595311e-01 4.289297e-01 3.490374e-01
<VARIANCE> 142
 1.025707e-02 7.025503e-03 8.994305e-03 6.060028e-03 8.475978e-03 8.245949e-03 2.515587e-03 7.510835e-03 3.013739e-03 6.112735e-03 1.653351e-02 8.473840e-03 6.868327e-03 2.851023e-02 3.846243e-02 1.607922e-02 1.141487e-02 1.921671e-02 6.944574e-03 3.905189e-03 7.643812e-03 1.734873e-02 1.221871e-02 1.285927e-02 4.671268e-03 4.855197e-03 6.393252e-03 1.452014e-02 9.060431e-03 1.795781e-02 1.106429e-03 9.168458e-03 2.176753e-03 1.176110e-02 2.637715e-03 2.536049e-02 2.092545e-02 1.144979e-02 2.927604e-02 6.813003e-03 2.684152e-02 2.015257e-02 7.152044e-03 6.419044e-03 4.968066e-03 6.078075e-03 2.186103e-02 2.051718e-02 1.242165e-02 3.542278e-03 1.432322e-03 8.937979e-03 4.683222e-03 2.924517e-03 2.807088e-03 1.245545e-02 1.823550e-02 1.000000e-03 1.079908e-02 4.438120e-03 5.345304e-03 2.230001e-03 6.962871e-03 1.080944e-02 1.851717e-02 4.709078e-03 2.396017e-02 1.343964e-02 2.766647e-03 8.010098e-03 6.633661e-03 9.830184e-03 9.252966e-03 6.636608e-03 4.896159e-03 7.319360e-03 8.654783e-03 9.715392e-03 9.078240e-03 1.489481e-02 1.228620e-02 1.236887e-02 1.932145e-02 4.977596e-03 4.085920e-03 6.810674e-03 8.671481e-03 7.349353e-03 1.527604e-03 8.152181e-03 9.372585e-03 9.730967e-03 2.051377e-02 2.519997e-02 4.452685e-03 1.443685e-02 2.087156e-02 1.712429e-02 1.667710e-02 4.035227e-03 2.826307e-03 1.490851e-02 1.152487e-02 1.795669e-02 1.109984e-02 1.980606e-02 5.317442e-03 1.278863e-02 1.244989e-02 1.170540e-02 7.200686e-03 1.876561e-02 3.039202e-03 2.964265e-02 1.958307e-02 7.368891e-03 1.365777e-02 2.427555e-02 1.594513e-02 6.760003e-03 8.455141e-03 9.936719e-03 5.339944e-03 2.143916e-02 1.597200e-02 5.133701e-03 1.119603e-02 2.321350e-02 2.972269e-02 1.652935e-02 1.305281e-02 2.397400e-02 2.528523e-02 1.308241e-02 5.693117e-02 1.190146e-02 7.169141e-03 4.958999e-02 1.150190e-02 2.171686e-02 9.381596e-03 1.058776e-02
<GCONST> -4.001895e+02
<STATE> 3
<MEAN> 142
 5.298467e-01 4.203165e-01 3.513304e-01 3.419360e-01 3.387592e-01 2.546581e-01 3.145094e-01 3.652760e-01 3.732685e-01 4.671067e-01 5.108765e-01 3.963360e-01 3.465330e-01 4.882254e-01 4.236239e-01 3.559937e-01 4.114515e-01 4.305828e-01 2.599217e-01 3.085329e-01 4.621490e-01 4.990175e-01 3.129833e-01 4.876296e-01 5.109190e-01 3.708517e-01 4.390509e-01 3.972433e-01 4.819742e-01 4.240642e-01 4.677805e-01 4.570998e-01 3.159671e-01 4.973205e-01 4.919584e-01 4.053193e-01 4.738883e-01 4.120956e-01 4.998273e-01 3.402356e-01 4.569542e-01 5.087632e-01 3.327790e-01 3.023017e-01 1.805503e-01 3.963405e-01 4.235449e-01 4.285696e-01 4.395758e-01 3.297435e-01 4.767801e-01 4.144005e-01 4.768744e-01 2.765366e-01 3.546710e-01 4.304626e-01 4.546187e-01 2.842747e-01 2.961726e-01 3.195571e-01 4.050346e-01 4.386566e-01 4.328563e-01 4.061130e-01 3.917306e-01 4.273921e-01 4.123654e-01 4.201666e-01 4.049213e-01 4.427361e-01 4.254670e-01 3.053196e-01 4.740122e-01 4.002918e-01 2.637725e-01 3.691120e-01 3.813372e-01 4.415517e-01 4.719865e-01 4.676960e-01 4.842761e-01 4.126487e-01 4.727907e-01 4.109602e-01 2.982993e-01 3.521242e-01 3.526962e-01 4.176817e-01 4.903980e-01 3.000761e-01 3.324125e-01 3.053290e-01 4.465502e-01 3.468131e-01 4.646573e-01 4.588282e-01 4.696518e-01 3.729259e-01 5.054070e-01 3.847988e-01 4.519892e-01 4.743099e-01 3.065774e-01 3.904789e-01 3.795204e-01 3.169106e-01 3.718981e-01 4.445231e-01 3.858607e-01 3.291114e-01 3.692041e-01 3.469178e-01 3.318742e-01 4.061463e-01 3.803219e-01 3.320021e-01 4.008088e-01 4.651366e-01 4.493327e-01 3.684407e-01 4.490438e-01 4.835249e-01 4.511254e-01 3.354200e-01 3.249891e-01 4.361506e-01 4.107506e-01 4.428565e-01 3.831931e-01 3.669656e-01 3.696404e-01 4.509670e-01 3.374800e-01 4.475563e-01 4.774157e-01 4.857722e-01 4.044670e-01 5.122459e-01 3.689443e-01 4.699816e-01 4.213365e-01 4.199052e-01
<VARIANCE> 142
 2.847036e-02 3.888492e-03 1.050742e-02 9.219059e-03 1.544199e-02 3.183678e-03 8.671790e-03 6.480067e-03 5.981591e-03 3.171090e-03 2.503168e-02 1.299765e-02 9.130119e-03 1.460790e-02 3.506843e-02 1.609622e-02 6.375463e-03 2.473665e-02 8.965655e-03 6.390795e-03 1.543410e-02 1.168510e-02 4.442929e-03 5.971882e-03 2.765698e-03 3.581672e-03 8.017585e-03 1.111813e-02 7.340829e-03 1.165280e-02 1.000000e-03 4.111202e-03 1.688766e-02 2.779379e-02 4.066547e-03 3.019335e-02 1.693856e-02 2.794743e-02 6.143499e-03 1.864193e-02 1.948945e-02 7.293238e-03 8.157049e-03 9.957471e-03 7.849523e-03 8.536206e-03 1.766851e-02 1.425608e-02 1.466455e-02 6.603654e-03 4.289822e-03 1.716819e-02 6.718501e-03 4.470271e-03 1.054366e-02 8.551462e-03 1.106106e-02 2.292671e-03 8.144835e-03 1.070984e-02 6.933282e-03 3.229281e-03 2.291567e-03 7.923606e-03 9.114415e-03 4.838025e-03 2.566968e-02 1.620156e-02 3.772919e-03 5.645356e-03 4.488687e-03 7.332332e-03 3.589088e-03 3.246209e-03 1.028468e-02 9.161264e-03 4.860651e-03 2.061310e-02 4.310616e-03 4.993246e-03 6.339593e-03 1.210266e-02 3.366936e-02 1.378335e-02 8.167064e-03 4.829597e-03 3.055891e-03 6.514017e-03 3.583420e-03 6.133646e-03 1.033426e-02 5.872452e-03 1.092979e-02 1.245597e-02 4.998134e-03 1.067463e-02 1.939575e-02 1.726833e-02 4.183882e-03 7.797658e-03 1.174365e-03 1.259955e-02 9.384333e-03 5.327963e-03 1.187985e-02 5.195373e-03 1.019451e-02 1.924781e-03 5.011555e-03 5.761178e-03 8.262138e-03 1.589183e-02 1.841192e-02 7.421448e-03 1.307707e-02 6.240849e-03 8.771005e-03 8.338499e-03 1.215734e-02 8.201221e-03 6.284228e-03 1.015878e-02 1.042051e-02 1.450280e-02 3.756008e-03 4.235758e-03 7.179723e-03 2.218693e-02 1.284978e-02 4.935732e-03 7.241898e-03 2.553751e-02 2.243026e-02 1.449352e-02 4.712060e-02 2.014284e-02 1.096054e-02 3.647723e-02 1.723777e-02 1.029322e-02 6.867121e-03 1.002311e-02
<GCONST> -4.129364e+02
<TRANSP> 4
 0.000000e+00 1.000000e+00 0.000000e+00 0.000000e+00
 0.000000e+00 5.000000e-01 5.000000e-01 0.000000e+00
 0.000000e+00 0.000000e+00 5.000000e-01 5.000000e-01
 0.000000e+00 0.000000e+00 0.000000e+00 0.000000e+00
<ENDHMM>
