~o
<STREAMINFO> 1 142
<VECSIZE> 142<NULLD><USER><DIAGC>
~h "dinner"
<BEGINHMM>
<NUMSTATES> 4
<STATE> 2
<MEAN> 142
 5.256157e-01 2.971808e-01 3.564450e-01 3.336672e-01 3.178678e-01 3.344685e-01 3.809741e-01 3.812514e-01 4.136814e-01 4.390514e-01 4.657557e-01 4.085926e-01 3.629109e-01 4.603808e-01 3.562282e-01 3.693016e-01 3.728507e-01 3.365293e-01 3.824109e-01 3.898036e-01 5.288013e-01 5.331780e-01 3.927988e-01 4.742148e-01 4.914177e-01 4.435369e-01 4.191739e-01 3.614185e-01 4.252595e-01 4.290360e-01 5.037851e-01 3.943228e-01 3.545938e-01 5.189351e-01 4.555006e-01 3.484759e-01 3.753745e-01 3.093215e-01 4.330528e-01 4.327025e-01 3.360256e-01 4.155340e-01 3.757222e-01 3.672119e-01 2.172086e-01 3.252135e-01 4.208499e-01 4.865816e-01 4.282960e-01 3.892896e-01 4.578945e-01 4.268735e-01 4.818804e-01 2.932650e-01 3.586352e-01 4.025934e-01 4.562630e-01 3.853406e-01 3.708458e-01 3.883445e-01 4.194576e-01 4.967510e-01 3.702150e-01 3.929903e-01 3.890049e-01 4.340788e-01 3.862289e-01 4.354736e-01 4.011874e-01 4.090139e-01 4.733319e-01 3.649799e-01 3.542792e-01 4.055561e-01 3.312607e-01 3.687537e-01 4.362141e-01 3.909382e-01 5.241280e-01 4.678570e-01 4.210009e-01 3.346156e-01 3.293620e-01 3.917285e-01 3.918363e-01 3.254829e-01 3.883760e-01 4.037511e-01 4.802136e-01 3.289341e-01 3.330655e-01 2.535593e-01 4.032115e-01 3.166058e-01 3.986883e-01 4.403779e-01 4.543337e-01 2.816850e-01 5.460470e-01 5.205645e-01 4.521251e-01 4.699953e-01 4.336965e-01 3.869043e-01 3.588330e-01 3.130652e-01 3.859717e-01 4.367075e-01 4.078068e-01 3.876961e-01 3.990857e-01 3.437302e-01 3.412435e-01 3.717263e-01 3.486089e-01 4.150353e-01 3.800310e-01 4.259525e-01 3.891966e-01 4.487024e-01 4.294261e-01 4.417298e-01 4.381137e-01 2.570199e-01 4.396866e-01 3.504762e-01 3.850825e-01 3.182267e-01 3.131025e-01 4.821382e-01 4.421573e-01 3.596205e-01 2.741638e-01 4.472977e-01 3.366390e-01 4.327713e-01 3.954758e-01 3.708402e-01 4.283912e-01 4.080119e-01 4.187409e-01 3.809282e-01
<VARIANCE> 142
 9.875709e-03 1.847976e-02 1.238289e-02 9.106252e-03 1.287633e-02 3.503803e-02 6.513769e-03 1.789015e-02 9.096916e-03 9.023652e-03 1.488327e-02 9.320415e-03 1.358786e-02 1.786400e-02 1.882182e-02 6.592966e-03 1.473124e-02 1.181508e-02 2.582059e-02 2.975064e-02 1.571614e-02 7.002671e-03 2.012569e-02 9.985665e-03 6.913475e-03 2.079807e-02 2.402960e-02 1.290091e-02 6.654348e-03 7.676458e-03 5.132263e-03 1.771304e-02 1.383839e-02 2.760265e-03 1.712950e-03 1.041042e-02 2.432725e-02 2.343610e-02 1.886321e-02 2.404348e-02 1.173086e-02 2.940926e-02 1.692069e-02 2.198252e-02 1.336295e-02 1.490639e-02 1.323244e-02 1.440107e-02 7.572398e-03 9.253692e-03 1.592007e-02 5.305500e-02 1.086822e-02 3.556817e-03 2.596864e-03 1.123427e-02 3.590829e-02 2.780425e-02 2.230384e-02 3.519452e-02 6.669343e-03 2.240210e-02 6.966378e-03 1.344344e-02 9.658029e-03 5.232131e-03 3.888610e-02 1.237024e-02 5.764575e-03 1.857745e-02 8.225898e-03 5.955985e-03 5.866542e-03 6.770211e-03 1.143115e-02 1.093882e-02 7.796179e-03 7.224924e-03 7.860964e-03 1.598557e-02 3.395315e-03 1.171006e-02 1.212972e-02 1.690760e-02 1.305415e-02 9.914435e-03 8.254764e-03 8.297359e-03 7.964584e-03 7.496917e-03 1.022845e-02 7.968379e-03 7.878543e-03 5.349178e-03 9.703929e-03 5.961645e-03 8.200150e-03 1.576406e-02 7.088644e-03 1.869838e-02 6.120002e-03 7.697819e-03 5.814660e-03 1.989594e-02 2.238059e-02 1.013034e-02 1.518293e-02 1.375039e-02 1.801329e-02 1.688672e-02 3.231810e-03 9.501942e-03 1.059755e-02 1.315827e-02 8.051205e-03 7.796558e-03 1.413822e-02 4.847238e-03 1.239114e-03 1.211690e-02 1.766329e-02 1.064051e-02 2.343671e-03 9.838908e-03 1.483784e-02 4.705643e-03 6.001753e-03 1.965111e-02 1.182041e-02 2.130284e-02 1.576767e-02 4.812330e-03 9.726411e-03 2.217236e-02 6.643841e-03 1.674312e-02 6.331130e-03 7.242199e-03 4.620286e-03 9.048942e-03 4.659118e-03 4.917592e-03
<GCONST> -3.833630e+02
<STATE> 3
<MEAN> 142
 5.558893e-01 2.866871e-01 3.238206e-01 3.005019e-01 3.162389e-01 4.248111e-01 3.688621e-01 4.893402e-01 4.796410e-01 4.927633e-01 4.318085e-01 4.518113e-01 5.812298e-01 4.941353e-01 4.669422e-01 4.301458e-01 4.348948e-01 3.815148e-01 3.249349e-01 4.723117e-01 4.169598e-01 4.036182e-01 4.052526e-01 4.097505e-01 4.551328e-01 6.057594e-01 3.273404e-01 4.002003e-01 4.259236e-01 5.739843e-01 5.301940e-01 4.324203e-01 3.110921e-01 5.027215e-01 4.212978e-01 4.540815e-01 2.983167e-01 5.862055e-01 3.990979e-01 4.701814e-01 5.733080e-01 3.860487e-01 3.489938e-01 4.823900e-01 2.405966e-01 3.150742e-01 4.010869e-01 6.196272e-01 4.512423e-01 3.812130e-01 5.099070e-01 7.076459e-01 6.113503e-01 3.741823e-01 4.001549e-01 3.659395e-01 4.311733e-01 3.207126e-01 4.303931e-01 2.482748e-01 5.948809e-01 4.704286e-01 4.848379e-01 4.760568e-01 5.084286e-01 3.534510e-01 6.572173e-01 4.225656e-01 3.818753e-01 5.988420e-01 4.866700e-01 4.164592e-01 4.482703e-01 3.925895e-01 3.923260e-01 5.476598e-01 4.322492e-01 3.559047e-01 5.030425e-01 3.425681e-01 5.021782e-01 3.242864e-01 5.602463e-01 3.835645e-01 3.319701e-01 3.654942e-01 4.795900e-01 4.751855e-01 4.793898e-01 3.963511e-01 3.985083e-01 4.075170e-01 5.039702e-01 4.217612e-01 3.871133e-01 5.490989e-01 4.275007e-01 4.963320e-01 5.179386e-01 5.047450e-01 4.146508e-01 4.230303e-01 3.774590e-01 4.730762e-01 3.384005e-01 3.482251e-01 5.448262e-01 5.099491e-01 4.912918e-01 3.416602e-01 4.646186e-01 3.510905e-01 3.155242e-01 3.555579e-01 3.874994e-01 5.094025e-01 3.929656e-01 4.167616e-01 4.072083e-01 3.600571e-01 3.835441e-01 3.991283e-01 4.462878e-01 3.795926e-01 4.011070e-01 2.982052e-01 4.059237e-01 4.843405e-01 4.042805e-01 4.184325e-01 4.320939e-01 4.453175e-01 5.184999e-01 5.872858e-01 4.329276e-01 4.130068e-01 4.280908e-01 4.413713e-01 5.224004e-01 3.617284e-01 4.932419e-01 3.767618e-01
<VARIANCE> 142
 4.979388e-02 5.005105e-03 6.208367e-03 5.097769e-03 7.249865e-03 5.454825e-03 6.360332e-03 1.083937e-02 2.708566e-02 8.153936e-03 2.767103e-03 6.077864e-03 2.618371e-02 3.950354e-03 2.437801e-02 8.146012e-03 2.572838e-03 1.385097e-02 8.311513e-03 7.719172e-03 7.970293e-03 8.897772e-03 3.204332e-03 2.998940e-03 1.897704e-03 1.480029e-02 7.691665e-03 3.333546e-03 7.601940e-03 2.312247e-02 3.198958e-03 1.216039e-02 3.334466e-02 8.822691e-03 1.000000e-03 8.077113e-03 8.977050e-03 6.392330e-02 2.997437e-03 2.379953e-02 4.084573e-02 8.397047e-03 3.809350e-03 4.937992e-03 3.302754e-03 3.851345e-03 4.949293e-03 2.968829e-02 2.449403e-03 7.980180e-03 2.985333e-03 4.395221e-02 1.649993e-02 8.177668e-03 8.121144e-03 4.768598e-03 4.534219e-03 4.396287e-03 3.598166e-03 7.365991e-03 6.291179e-03 4.335855e-03 5.872065e-03 8.668254e-03 2.804857e-02 1.016323e-02 8.188550e-02 4.829672e-03 1.098394e-02 2.780199e-02 3.884941e-03 1.463796e-02 2.665259e-03 3.642879e-03 7.971489e-03 1.905699e-02 7.941362e-03 1.206548e-02 3.992029e-03 7.096311e-03 4.688215e-03 4.123543e-03 1.690979e-02 6.405037e-03 2.451346e-03 1.900122e-02 2.452834e-02 7.071154e-03 2.180829e-03 1.730982e-03 1.299461e-02 3.862653e-03 4.235839e-03 3.255939e-03 1.352437e-02 7.383225e-03 2.701916e-03 3.695980e-02 1.053860e-02 9.176537e-03 3.281693e-03 6.239865e-03 9.718005e-03 1.253758e-02 4.916776e-03 2.238665e-03 9.722617e-03 2.084863e-02 1.811267e-02 3.035010e-03 2.671073e-03 2.124124e-03 2.432737e-03 1.895045e-02 2.469081e-03 7.437395e-03 3.590676e-03 2.110358e-03 1.036849e-03 1.349741e-02 9.138779e-03 1.310068e-02 3.020506e-03 1.122013e-02 3.519886e-03 5.174721e-03 6.519941e-03 1.602613e-02 4.147916e-03 5.813090e-03 7.120801e-03 4.872016e-03 2.085493e-02 1.747455e-02 1.108337e-02 3.966698e-03 5.124646e-03 5.177529e-03 2.157033e-02 2.319207e-03 3.931679e-03 8.225515e-03
<GCONST> -4.400983e+02
<TRANSP> 4
 0.000000e+00 1.000000e+00 0.000000e+00 0.000000e+00
 0.000000e+00 5.000000e-01 5.000000e-01 0.000000e+00
 0.000000e+00 0.000000e+00 5.000000e-01 5.000000e-01
 0.000000e+00 0.000000e+00 0.000000e+00 0.000000e+00
<ENDHMM>
