~o
<STREAMINFO> 1 142
<VECSIZE> 142<NULLD><USER><DIAGC>
~h "drink"
<BEGINHMM>
<NUMSTATES> 4
<STATE> 2
<MEAN> 142
 5.882384e-01 3.117275e-01 3.635598e-01 3.870137e-01 3.002694e-01 4.246543e-01 4.200224e-01 3.399274e-01 3.699735e-01 3.851723e-01 4.447244e-01 3.992294e-01 4.178467e-01 4.532848e-01 3.097376e-01 3.671090e-01 3.362229e-01 3.676139e-01 3.499405e-01 4.411845e-01 4.606550e-01 4.142714e-01 4.264353e-01 4.006240e-01 4.538856e-01 4.364442e-01 4.229241e-01 3.878656e-01 3.637618e-01 3.675765e-01 4.727308e-01 3.830377e-01 4.311888e-01 4.119975e-01 4.390751e-01 3.128154e-01 3.043830e-01 3.370018e-01 2.723998e-01 4.118767e-01 3.845276e-01 3.368255e-01 3.337148e-01 4.168253e-01 3.410057e-01 3.431833e-01 3.783844e-01 3.941525e-01 4.019464e-01 3.788479e-01 5.237343e-01 4.608667e-01 4.106376e-01 2.894050e-01 4.241061e-01 3.309465e-01 4.364126e-01 3.922487e-01 3.984013e-01 3.985868e-01 5.016133e-01 4.160745e-01 3.942140e-01 4.196358e-01 3.852239e-01 4.085018e-01 3.898825e-01 4.283967e-01 4.941664e-01 4.507592e-01 4.863923e-01 4.957497e-01 3.965787e-01 4.064208e-01 4.130843e-01 3.973639e-01 4.734196e-01 3.365853e-01 4.385805e-01 4.051906e-01 4.188210e-01 3.180902e-01 3.471666e-01 3.760741e-01 4.341165e-01 4.236830e-01 3.680249e-01 4.367248e-01 4.663073e-01 4.490309e-01 3.605281e-01 3.778882e-01 3.981635e-01 3.970373e-01 3.602441e-01 4.217037e-01 4.178986e-01 3.508902e-01 3.866081e-01 4.528680e-01 3.626897e-01 4.204502e-01 3.277079e-01 3.556832e-01 3.242445e-01 3.227590e-01 4.305545e-01 3.962815e-01 4.066589e-01 4.624621e-01 4.054916e-01 3.507883e-01 3.836088e-01 2.561180e-01 3.036514e-01 4.347241e-01 3.464803e-01 3.763870e-01 4.203551e-01 4.090266e-01 3.874421e-01 3.701187e-01 4.105269e-01 4.230233e-01 4.443043e-01 3.438595e-01 3.811241e-01 3.902797e-01 3.353998e-01 4.850189e-01 4.272259e-01 3.289677e-01 4.584571e-01 3.928627e-01 3.411925e-01 3.798562e-01 4.628721e-01 3.971294e-01 4.560088e-01 2.918479e-01 3.876428e-01 4.556761e-01
<VARIANCE> 142
 3.561527e-02 7.768409e-03 1.187534e-02 2.183101e-02 1.549726e-02 3.445908e-02 1.820742e-02 1.019565e-02 6.680575e-03 3.727524e-03 1.588373e-02 1.280622e-02 4.319955e-03 2.356275e-03 9.175790e-03 2.580786e-02 1.016006e-02 4.552206e-03 1.659539e-02 3.969721e-02 6.878974e-03 1.589232e-02 1.854291e-02 3.889309e-03 4.166912e-03 9.751982e-03 1.560821e-02 4.183421e-03 4.953446e-03 5.289644e-03 1.551761e-03 8.104178e-03 2.817904e-02 6.150203e-03 6.079222e-03 1.460073e-02 1.334756e-02 2.724497e-03 4.739712e-03 2.330829e-02 1.081325e-02 4.018975e-03 1.612809e-02 2.003891e-02 3.429709e-02 1.301079e-02 6.650067e-03 1.276955e-02 1.132955e-02 9.975920e-03 1.927250e-02 1.887103e-02 1.582037e-03 5.569285e-03 1.981935e-02 4.437502e-03 5.545475e-03 1.857688e-02 7.613482e-03 2.733036e-02 1.961505e-02 1.280127e-02 4.887213e-03 4.011286e-03 4.663414e-03 7.790640e-03 1.221253e-02 1.009204e-02 1.022074e-02 1.429604e-02 9.841225e-03 2.577185e-02 1.402934e-02 3.543965e-03 1.571871e-02 7.813740e-03 6.461086e-03 1.249570e-02 1.261050e-02 1.539684e-02 1.749476e-03 4.835708e-03 7.131655e-03 6.703313e-03 2.395224e-02 2.833269e-02 2.722995e-03 1.359326e-03 5.980646e-03 2.725808e-02 1.545738e-02 2.362106e-02 3.193213e-03 3.596922e-03 1.264444e-02 2.869845e-03 1.043118e-02 2.157882e-03 1.119315e-02 1.627229e-02 6.818970e-03 1.169420e-02 7.818521e-03 8.772688e-03 6.567623e-03 5.963735e-03 1.380094e-02 2.028433e-02 1.677880e-02 2.071422e-02 6.380782e-03 1.923038e-02 1.991858e-02 6.409522e-03 8.387772e-03 3.867919e-03 1.624988e-02 6.696240e-03 4.342542e-03 9.451997e-03 3.775772e-03 1.321747e-02 1.200059e-02 3.191094e-02 2.321731e-02 6.243112e-03 2.186979e-02 4.576898e-03 5.525480e-03 1.800099e-02 1.463842e-02 4.552175e-03 2.137974e-02 1.044706e-02 5.626755e-03 9.660640e-03 2.121175e-02 6.851630e-03 4.010249e-02 7.942742e-03 1.467558e-02 4.866880e-03
<GCONST> -3.997193e+02
<STATE> 3
<MEAN> 142
 6.058041e-01 3.500189e-01 3.143997e-01 2.871056e-01 2.305032e-01 2.633300e-01 3.292854e-01 3.933452e-01 3.419454e-01 3.903766e-01 4.270685e-01 4.013332e-01 3.966401e-01 4.419112e-01 2.363724e-01 3.786083e-01 3.923793e-01 3.442698e-01 2.959608e-01 3.645913e-01 4.669700e-01 4.903668e-01 3.739803e-01 4.366972e-01 4.676287e-01 4.385232e-01 4.317097e-01 3.493029e-01 4.196326e-01 3.370419e-01 4.766650e-01 4.756367e-01 3.928602e-01 5.140536e-01 3.918579e-01 3.529468e-01 2.975005e-01 2.901919e-01 3.573133e-01 2.670556e-01 3.273063e-01 4.179596e-01 2.905857e-01 3.222218e-01 1.754675e-01 3.687921e-01 4.067070e-01 4.348030e-01 4.038371e-01 3.049134e-01 4.186860e-01 3.911146e-01 4.460013e-01 2.561561e-01 3.861108e-01 3.802693e-01 4.750825e-01 3.202583e-01 3.622720e-01 2.673803e-01 4.131597e-01 5.640321e-01 4.467729e-01 4.427144e-01 3.727389e-01 4.432642e-01 3.125540e-01 4.014740e-01 4.194896e-01 3.659801e-01 4.393916e-01 4.106962e-01 3.995557e-01 3.865848e-01 3.237615e-01 3.455836e-01 4.652924e-01 3.549155e-01 5.042447e-01 4.064497e-01 4.166663e-01 3.452282e-01 3.535239e-01 4.123545e-01 2.907476e-01 3.679466e-01 3.815016e-01 3.987105e-01 4.668550e-01 2.877399e-01 3.280161e-01 3.005086e-01 3.603962e-01 3.422090e-01 3.713387e-01 4.333710e-01 4.183163e-01 2.787825e-01 4.329957e-01 4.929883e-01 3.874226e-01 4.789311e-01 3.794257e-01 3.023452e-01 3.492095e-01 2.833212e-01 4.117819e-01 3.644778e-01 3.999854e-01 3.519299e-01 4.118234e-01 3.191619e-01 2.774478e-01 3.044806e-01 3.836260e-01 3.840371e-01 3.944692e-01 4.129532e-01 4.007929e-01 4.116637e-01 3.996471e-01 5.005257e-01 4.838435e-01 2.784045e-01 4.517021e-01 3.440584e-01 3.294961e-01 3.340926e-01 3.019474e-01 4.177744e-01 3.852504e-01 3.300993e-01 3.120760e-01 4.075669e-01 2.964865e-01 3.939501e-01 3.719799e-01 3.628657e-01 3.497172e-01 3.911171e-01 4.451202e-01 4.260505e-01
<VARIANCE> 142
 2.876210e-02 4.729809e-03 5.829273e-03 9.223358e-03 1.165657e-02 2.696746e-02 6.189099e-03 1.715685e-02 7.743511e-03 2.260819e-03 9.799877e-03 4.412598e-03 9.079107e-03 1.189366e-02 6.053297e-03 1.002112e-02 3.424577e-03 2.173759e-03 1.521461e-02 1.945954e-02 1.359178e-02 1.050246e-02 1.612244e-02 1.709846e-03 6.518343e-03 2.346664e-02 1.594264e-02 3.337885e-03 6.843245e-03 6.754019e-03 7.157441e-03 1.805853e-02 1.109249e-02 5.811702e-03 2.758457e-03 8.830516e-03 1.443737e-02 5.156412e-03 9.722240e-03 7.335806e-03 2.380374e-03 5.405779e-03 6.566083e-03 1.563228e-02 1.004088e-02 9.103209e-03 4.225999e-03 1.193328e-02 6.962295e-03 9.005325e-03 5.430779e-03 7.389405e-03 4.217543e-03 6.071367e-03 8.606386e-03 1.069370e-02 2.233312e-02 2.314154e-02 1.832098e-02 1.794194e-02 4.813761e-03 2.395681e-02 1.142015e-02 1.086115e-02 1.001683e-02 4.920246e-03 7.139198e-03 2.281975e-02 9.581587e-03 3.406235e-03 4.306182e-03 2.244425e-02 2.503449e-03 5.212014e-03 8.536053e-03 4.335826e-03 3.875960e-03 7.763297e-03 7.674222e-03 1.278732e-02 3.238554e-03 1.149443e-03 6.425376e-03 9.281366e-03 6.426947e-03 1.359577e-02 2.961641e-03 1.466786e-03 5.330158e-03 1.092843e-02 6.072870e-03 1.046430e-02 3.023940e-03 4.369268e-03 3.177723e-03 5.849733e-03 2.871911e-03 3.280917e-03 6.003969e-03 1.418864e-02 7.267790e-03 3.854530e-03 8.565544e-03 3.190220e-03 2.497192e-02 2.418508e-03 1.666372e-03 8.042526e-03 1.157245e-02 1.671525e-02 2.853465e-03 6.709061e-03 6.358705e-03 5.623892e-03 7.965311e-03 3.177358e-03 1.049699e-02 4.886519e-03 4.251558e-03 1.063450e-02 2.484796e-03 8.700293e-03 3.091023e-03 2.375581e-02 1.763332e-02 6.599779e-03 6.027562e-03 3.819600e-03 4.463074e-03 1.208971e-02 5.794595e-03 3.211938e-03 1.439111e-02 6.217649e-03 2.884641e-03 1.526827e-02 6.233073e-03 1.917192e-03 8.669055e-03 4.879545e-03 8.645865e-03 2.198124e-03
<GCONST> -4.440495e+02
<TRANSP> 4
 0.000000e+00 1.000000e+00 0.000000e+00 0.000000e+00
 0.000000e+00 5.000000e-01 5.000000e-01 0.000000e+00
 0.000000e+00 0.000000e+00 5.000000e-01 5.000000e-01
 0.000000e+00 0.000000e+00 0.000000e+00 0.000000e+00
<ENDHMM>
