~o
<STREAMINFO> 1 142
<VECSIZE> 142<NULLD><USER><DIAGC>
~h "end_sentence"
<BEGINHMM>
<NUMSTATES> 4
<STATE> 2
<MEAN> 142
 7.154630e-01 3.520112e-01 4.022609e-01 3.683263e-01 3.045771e-01 3.789231e-01 4.547624e-01 3.710241e-01 3.423043e-01 3.712569e-01 4.248020e-01 4.327117e-01 4.013544e-01 4.334958e-01 2.922807e-01 3.750391e-01 3.930677e-01 3.843907e-01 3.251533e-01 4.068964e-01 4.878533e-01 4.734767e-01 4.149121e-01 4.369169e-01 4.375548e-01 4.104987e-01 4.185028e-01 3.889912e-01 3.695284e-01 3.522546e-01 4.696958e-01 4.497010e-01 5.276946e-01 4.314803e-01 4.257959e-01 3.606892e-01 3.180560e-01 2.785614e-01 2.975270e-01 3.599961e-01 3.065850e-01 3.987344e-01 3.052918e-01 3.634584e-01 2.934451e-01 4.339394e-01 4.492693e-01 3.933382e-01 4.121987e-01 3.458292e-01 4.914501e-01 3.730988e-01 4.068084e-01 2.669639e-01 4.996223e-01 3.415035e-01 4.105964e-01 3.618701e-01 3.521575e-01 3.567486e-01 4.997983e-01 4.720401e-01 3.743203e-01 3.931315e-01 3.739091e-01 5.050138e-01 3.208787e-01 4.158449e-01 4.777329e-01 3.269480e-01 4.804873e-01 4.948936e-01 4.287638e-01 4.229624e-01 3.893393e-01 3.913020e-01 5.009086e-01 4.371769e-01 4.227919e-01 4.294485e-01 4.079837e-01 3.496627e-01 3.441227e-01 4.525347e-01 3.729071e-01 5.067772e-01 4.060482e-01 4.215628e-01 4.559706e-01 4.065838e-01 3.538093e-01 4.131203e-01 4.177529e-01 3.522350e-01 4.154035e-01 4.557995e-01 4.328710e-01 3.063477e-01 3.951317e-01 4.494259e-01 3.509676e-01 4.922257e-01 3.594394e-01 3.217930e-01 3.185847e-01 2.947823e-01 3.677243e-01 3.327212e-01 4.044621e-01 4.125441e-01 3.904518e-01 3.659318e-01 3.899353e-01 3.094789e-01 3.665044e-01 4.318921e-01 3.612249e-01 4.084718e-01 4.218580e-01 4.209681e-01 3.983669e-01 5.195100e-01 4.582504e-01 4.338156e-01 4.522538e-01 4.178668e-01 4.015428e-01 3.115832e-01 3.160579e-01 4.325125e-01 4.325022e-01 3.838401e-01 4.193849e-01 3.879953e-01 3.450867e-01 3.875155e-01 5.026178e-01 3.909741e-01 3.829271e-01 3.730648e-01 4.687375e-01 4.935825e-01
<VARIANCE> 142
 4.056177e-02 5.526851e-03 1.022364e-02 1.523684e-02 1.913284e-02 1.800850e-02 1.639080e-02 1.035624e-02 5.688342e-03 5.072926e-03 7.717493e-03 9.288807e-03 7.018025e-03 7.064695e-03 1.480631e-02 1.461321e-02 5.289056e-03 7.533744e-03 9.233698e-03 1.435207e-02 7.154600e-03 1.056784e-02 8.618911e-03 5.464141e-03 4.055843e-03 6.688001e-03 7.991213e-03 7.377376e-03 5.573092e-03 1.074737e-02 4.808680e-03 9.948639e-03 1.523619e-02 8.755402e-03 3.325693e-03 8.808476e-03 1.221490e-02 9.839746e-03 7.804309e-03 3.290480e-02 9.554502e-03 7.834252e-03 9.874589e-03 1.780557e-02 1.851489e-02 7.651593e-03 9.322105e-03 8.040410e-03 8.727266e-03 8.328258e-03 8.578519e-03 1.092045e-02 6.580247e-03 6.504518e-03 9.702312e-03 6.627673e-03 1.797583e-02 9.805735e-03 8.331352e-03 3.081776e-02 1.492863e-02 1.374351e-02 7.308139e-03 7.194783e-03 7.596286e-03 9.692054e-03 1.216526e-02 1.313127e-02 7.496096e-03 9.361072e-03 6.673127e-03 1.958709e-02 6.722873e-03 5.632445e-03 1.321456e-02 6.694363e-03 5.969060e-03 1.642251e-02 4.805439e-03 1.411843e-02 5.589052e-03 3.925764e-03 8.951510e-03 1.010102e-02 2.165131e-02 1.033582e-02 3.394322e-03 3.160668e-03 6.402352e-03 1.553353e-02 1.155681e-02 1.817997e-02 9.998683e-03 7.581947e-03 7.335614e-03 6.557790e-03 8.127725e-03 8.617623e-03 9.523937e-03 6.704610e-03 5.798805e-03 6.341184e-03 4.938511e-03 9.306050e-03 7.346940e-03 5.588422e-03 9.762712e-03 8.051567e-03 8.715534e-03 1.521900e-02 8.363702e-03 9.275871e-03 2.987344e-02 6.511509e-03 6.783216e-03 7.896347e-03 1.085166e-02 8.929475e-03 5.009729e-03 7.168034e-03 5.739585e-03 1.038755e-02 1.232738e-02 2.837840e-02 1.270738e-02 6.346458e-03 7.868013e-03 8.689038e-03 8.331732e-03 8.014798e-03 1.740154e-02 7.051819e-03 1.923961e-02 7.964061e-03 7.207171e-03 1.116332e-02 1.145178e-02 1.080102e-02 2.993702e-02 5.951788e-03 1.080408e-02 1.208189e-02
<GCONST> -4.039999e+02
<STATE> 3
<MEAN> 142
 5.246586e-01 3.705706e-01 3.376465e-01 3.417016e-01 3.140413e-01 2.960271e-01 3.145904e-01 3.262946e-01 3.826029e-01 4.520458e-01 4.737765e-01 4.264890e-01 3.816710e-01 4.936994e-01 3.791436e-01 3.298691e-01 4.024894e-01 4.101626e-01 3.234763e-01 3.607565e-01 4.386809e-01 4.500184e-01 3.612573e-01 4.621710e-01 4.951014e-01 3.898148e-01 4.204363e-01 3.946775e-01 4.580374e-01 4.252252e-01 4.693924e-01 3.954659e-01 3.070160e-01 4.895743e-01 4.389855e-01 3.785979e-01 3.969038e-01 4.141657e-01 4.346787e-01 3.506360e-01 4.235612e-01 4.817726e-01 3.758673e-01 3.219824e-01 2.019635e-01 3.706643e-01 4.193349e-01 4.293571e-01 4.189141e-01 3.494627e-01 4.755415e-01 4.366591e-01 4.628671e-01 3.011501e-01 3.969286e-01 4.121509e-01 4.368453e-01 3.313358e-01 3.633452e-01 3.190902e-01 3.871343e-01 4.315541e-01 3.954003e-01 4.216794e-01 4.283591e-01 3.970103e-01 4.294720e-01 3.906674e-01 3.770531e-01 4.527239e-01 4.386110e-01 3.530704e-01 3.993523e-01 4.029371e-01 2.942215e-01 3.649075e-01 4.032371e-01 4.021695e-01 4.927059e-01 4.326537e-01 4.914281e-01 3.926566e-01 4.243799e-01 3.981303e-01 3.305941e-01 3.329493e-01 3.886779e-01 4.319751e-01 4.680281e-01 3.240475e-01 3.614580e-01 2.796647e-01 4.318699e-01 3.767332e-01 4.240821e-01 4.610746e-01 4.424157e-01 3.763312e-01 4.930494e-01 4.326710e-01 4.418484e-01 4.480090e-01 3.509538e-01 4.166794e-01 3.524443e-01 3.255611e-01 3.978331e-01 4.386294e-01 3.976265e-01 3.589399e-01 3.966026e-01 3.717217e-01 3.140064e-01 3.879821e-01 3.620850e-01 3.986661e-01 3.938151e-01 4.309411e-01 4.337814e-01 3.986201e-01 4.384587e-01 4.339618e-01 4.214456e-01 3.545772e-01 3.837001e-01 3.860728e-01 4.166977e-01 4.374162e-01 4.143789e-01 3.946919e-01 3.731444e-01 4.248193e-01 3.581953e-01 4.507702e-01 4.245269e-01 4.498350e-01 3.843478e-01 4.475299e-01 3.884710e-01 3.974501e-01 4.268972e-01 3.941538e-01
<VARIANCE> 142
 1.330140e-02 1.240665e-02 1.149483e-02 7.762770e-03 9.589545e-03 2.701523e-02 6.576884e-03 1.437079e-02 8.685763e-03 7.428750e-03 1.943783e-02 1.063346e-02 1.367267e-02 1.935862e-02 1.744724e-02 1.375776e-02 1.163604e-02 1.738988e-02 2.001543e-02 1.487433e-02 1.785441e-02 2.060416e-02 1.353278e-02 1.120484e-02 6.315149e-03 1.128282e-02 1.242981e-02 1.599698e-02 1.018122e-02 1.359943e-02 4.866531e-03 7.836405e-03 9.393939e-03 1.677438e-02 3.496728e-03 1.855307e-02 1.175946e-02 2.085431e-02 1.507452e-02 1.846528e-02 1.569789e-02 1.465571e-02 1.024451e-02 1.437070e-02 8.688080e-03 1.110682e-02 1.333863e-02 1.599218e-02 1.704421e-02 1.004810e-02 5.719389e-03 2.027817e-02 9.498739e-03 7.699826e-03 8.046904e-03 1.138911e-02 2.374426e-02 1.758142e-02 1.383253e-02 1.300209e-02 1.213753e-02 5.837191e-03 6.416890e-03 7.680502e-03 1.869910e-02 1.063162e-02 2.491343e-02 1.960179e-02 6.743934e-03 1.047828e-02 5.933409e-03 1.117391e-02 7.434965e-03 7.398019e-03 1.757282e-02 1.357784e-02 6.594041e-03 2.191503e-02 9.589837e-03 1.411033e-02 1.091018e-02 1.033051e-02 2.003733e-02 1.054094e-02 8.430727e-03 1.009317e-02 7.213309e-03 6.980395e-03 4.408859e-03 7.901344e-03 1.454181e-02 1.108934e-02 1.528710e-02 1.621447e-02 9.169418e-03 1.028669e-02 8.328997e-03 1.870418e-02 1.608704e-02 9.856457e-03 5.971662e-03 1.435744e-02 8.851545e-03 1.358880e-02 1.528975e-02 1.077004e-02 1.268857e-02 9.638472e-03 1.657690e-02 2.284824e-02 8.254174e-03 1.298257e-02 8.680428e-03 1.405585e-02 9.727941e-03 1.274390e-02 1.336563e-02 1.174858e-02 1.106398e-02 1.376500e-02 6.686534e-03 1.178579e-02 9.943883e-03 2.146694e-02 1.898450e-02 7.872907e-03 1.217827e-02 2.124874e-02 2.405250e-02 1.578617e-02 1.178944e-02 1.387779e-02 2.021522e-02 1.097066e-02 2.026670e-02 1.027565e-02 9.873629e-03 1.573587e-02 2.264820e-02 1.281347e-02 1.443651e-02 8.876531e-03
<GCONST> -3.671223e+02
<TRANSP> 4
 0.000000e+00 1.000000e+00 0.000000e+00 0.000000e+00
 0.000000e+00 5.000000e-01 5.000000e-01 0.000000e+00
 0.000000e+00 0.000000e+00 5.000000e-01 5.000000e-01
 0.000000e+00 0.000000e+00 0.000000e+00 0.000000e+00
<ENDHMM>
