~o
<STREAMINFO> 1 142
<VECSIZE> 142<NULLD><USER><DIAGC>
~h "expert"
<BEGINHMM>
<NUMSTATES> 4
<STATE> 2
<MEAN> 142
 6.018919e-01 3.134759e-01 3.921652e-01 3.504337e-01 2.987207e-01 3.706777e-01 3.747836e-01 3.554770e-01 4.057960e-01 4.056010e-01 5.773901e-01 4.512170e-01 4.263050e-01 6.337319e-01 3.462266e-01 3.656985e-01 3.488682e-01 3.682514e-01 3.497021e-01 4.048478e-01 5.171882e-01 4.996662e-01 4.114667e-01 4.710670e-01 5.360522e-01 3.833878e-01 4.842158e-01 3.750595e-01 4.253656e-01 3.790147e-01 5.006452e-01 4.202922e-01 3.333400e-01 4.797818e-01 4.411372e-01 3.270819e-01 3.997318e-01 3.893318e-01 3.695066e-01 3.331341e-01 3.757018e-01 4.323829e-01 3.383182e-01 3.601505e-01 2.079000e-01 3.518638e-01 4.881542e-01 4.535820e-01 4.494799e-01 3.953779e-01 5.268367e-01 4.328572e-01 4.603206e-01 2.667258e-01 4.397477e-01 3.595193e-01 5.244697e-01 3.801307e-01 3.980524e-01 3.996024e-01 4.559698e-01 3.829049e-01 3.554563e-01 3.921007e-01 4.076127e-01 3.894389e-01 4.444036e-01 4.412447e-01 3.778923e-01 4.097701e-01 4.552265e-01 3.826235e-01 3.645394e-01 4.618532e-01 3.146352e-01 3.991590e-01 3.871521e-01 3.900607e-01 5.080681e-01 4.470479e-01 4.425310e-01 3.762760e-01 3.809773e-01 4.639529e-01 3.451552e-01 3.518228e-01 4.011453e-01 4.758966e-01 4.844949e-01 3.250023e-01 3.343119e-01 3.031550e-01 4.094037e-01 3.704153e-01 3.801337e-01 4.359858e-01 4.085018e-01 3.685880e-01 4.588965e-01 4.285632e-01 4.135422e-01 4.735651e-01 3.780162e-01 3.641943e-01 4.208967e-01 3.406631e-01 3.889206e-01 3.963897e-01 5.276937e-01 3.941538e-01 4.074012e-01 3.822623e-01 2.890190e-01 3.222998e-01 3.370262e-01 4.175467e-01 3.678103e-01 4.268244e-01 3.879620e-01 4.367118e-01 4.246104e-01 4.569642e-01 4.027416e-01 3.377890e-01 4.495840e-01 3.682444e-01 4.090851e-01 4.064919e-01 3.543186e-01 4.511788e-01 3.882259e-01 3.903295e-01 3.793484e-01 4.648034e-01 3.641836e-01 4.501354e-01 3.932027e-01 4.139438e-01 3.828229e-01 3.709140e-01 4.128537e-01 3.983594e-01
<VARIANCE> 142
 1.110626e-02 7.419613e-03 1.412529e-02 1.500619e-02 1.122086e-02 1.053322e-02 1.159531e-02 1.170221e-02 9.498643e-03 4.156594e-03 3.069362e-02 1.488400e-02 1.746500e-02 2.516468e-02 2.333483e-02 1.748098e-02 1.265372e-02 3.380384e-02 1.673720e-02 9.695473e-03 3.621668e-02 3.986920e-02 1.157670e-02 1.606461e-02 9.329293e-03 8.378655e-03 1.476800e-02 1.362387e-02 1.146154e-02 1.384371e-02 8.840768e-03 4.429353e-03 1.057338e-02 1.310702e-02 2.404159e-03 1.850855e-02 7.663208e-03 2.859859e-02 2.050992e-02 1.199657e-02 2.183041e-02 1.190971e-02 4.931995e-03 1.411403e-02 8.783950e-03 6.464561e-03 2.786824e-02 6.373174e-03 2.108368e-02 7.486099e-03 7.168782e-03 1.322705e-02 5.216288e-03 8.587326e-03 4.890212e-03 8.050056e-03 2.915860e-02 2.006813e-02 1.327320e-02 2.895364e-02 9.565993e-03 2.327078e-03 5.157968e-03 7.662861e-03 2.956490e-02 8.865434e-03 1.644379e-02 2.191604e-02 4.752997e-03 1.480026e-02 5.950919e-03 1.098108e-02 8.430792e-03 6.531136e-03 7.404617e-03 1.289059e-02 6.319905e-03 4.808662e-03 8.089727e-03 2.508626e-02 1.355462e-02 1.031425e-02 3.860189e-02 1.468634e-02 1.104278e-02 6.285217e-03 1.340757e-02 1.567056e-02 4.011324e-03 6.520142e-03 6.364328e-03 1.339149e-02 1.865547e-02 2.066448e-02 3.958381e-03 1.444926e-02 9.651071e-03 4.312836e-02 7.521663e-03 1.611091e-03 2.453483e-03 1.907540e-02 1.216037e-02 1.114680e-02 1.309930e-02 9.729660e-03 1.307926e-02 4.067549e-03 2.011753e-02 1.738957e-02 6.440172e-03 7.924292e-03 1.076645e-02 9.546454e-03 6.971343e-03 2.311639e-02 4.366542e-03 9.329829e-03 1.313226e-02 2.558817e-02 4.666463e-03 5.456742e-03 2.351317e-03 1.874131e-02 1.458186e-02 3.095067e-03 6.654590e-03 3.919486e-02 3.318278e-02 1.114885e-02 1.012799e-02 8.158221e-03 3.122621e-02 6.246946e-03 1.274159e-02 8.559050e-03 1.163463e-02 2.003509e-02 1.876296e-02 1.856866e-02 1.003114e-02 7.647370e-03
<GCONST> -3.784645e+02
<STATE> 3
<MEAN> 142
 6.705386e-01 3.644758e-01 3.934972e-01 3.458359e-01 3.194011e-01 3.317775e-01 3.980221e-01 3.265259e-01 3.404880e-01 3.838315e-01 4.200732e-01 4.042886e-01 3.656206e-01 4.396146e-01 3.421088e-01 3.479668e-01 4.433505e-01 4.201958e-01 2.925442e-01 3.755504e-01 4.675073e-01 4.402863e-01 3.753083e-01 4.526745e-01 4.678465e-01 3.658825e-01 3.933660e-01 4.060039e-01 4.246593e-01 3.483694e-01 4.731353e-01 4.514707e-01 4.568501e-01 4.484017e-01 4.341508e-01 3.819457e-01 3.568914e-01 3.057054e-01 3.339624e-01 3.018613e-01 3.364035e-01 4.657431e-01 2.895398e-01 3.673953e-01 2.524428e-01 4.588142e-01 4.638210e-01 4.115012e-01 4.068795e-01 3.153859e-01 4.721440e-01 3.750739e-01 3.819015e-01 2.512346e-01 4.736687e-01 3.614412e-01 4.061273e-01 3.377433e-01 3.262444e-01 2.981514e-01 4.571147e-01 4.664889e-01 3.543925e-01 3.743201e-01 3.745738e-01 5.106298e-01 3.154732e-01 3.754077e-01 4.064346e-01 3.304245e-01 4.850632e-01 4.155680e-01 4.398424e-01 4.006962e-01 3.134289e-01 3.644130e-01 4.668005e-01 4.799888e-01 4.115917e-01 4.412052e-01 4.092463e-01 3.741939e-01 3.869817e-01 4.433748e-01 3.432998e-01 4.521736e-01 3.857546e-01 4.015391e-01 4.548222e-01 3.601869e-01 3.383392e-01 3.415714e-01 4.252288e-01 3.351547e-01 4.577760e-01 4.576530e-01 4.385919e-01 3.198807e-01 4.560367e-01 4.029673e-01 3.740748e-01 4.647245e-01 3.235968e-01 3.530858e-01 3.379416e-01 3.006613e-01 3.436016e-01 3.483801e-01 3.792195e-01 3.914288e-01 3.424174e-01 3.371627e-01 3.766372e-01 3.498960e-01 3.703691e-01 3.806533e-01 3.163017e-01 4.317440e-01 4.152932e-01 4.124770e-01 4.370399e-01 5.613504e-01 4.454782e-01 3.921369e-01 4.177245e-01 4.239719e-01 4.284285e-01 3.459009e-01 3.129847e-01 3.847471e-01 4.190997e-01 4.273649e-01 3.833559e-01 3.983891e-01 4.083950e-01 4.335257e-01 4.850385e-01 4.264200e-01 4.059484e-01 4.065776e-01 4.766908e-01 4.748462e-01
<VARIANCE> 142
 4.471249e-02 5.802586e-03 8.863444e-03 2.153710e-02 1.724548e-02 1.935857e-02 2.509438e-02 1.148750e-02 5.006854e-03 6.903400e-03 6.851130e-03 6.556492e-03 6.153489e-03 9.446630e-03 1.811123e-02 1.978092e-02 1.324929e-02 1.232308e-02 7.731125e-03 1.329972e-02 9.781075e-03 7.234921e-03 1.036185e-02 5.703175e-03 2.451471e-03 4.474729e-03 8.355425e-03 1.154374e-02 1.184366e-02 1.088934e-02 2.417576e-03 5.410970e-03 2.659975e-02 8.836003e-03 2.899059e-03 1.062855e-02 1.182951e-02 2.286057e-02 1.774115e-02 2.045614e-02 1.385980e-02 1.687304e-02 7.627160e-03 1.606696e-02 1.790717e-02 8.780455e-03 4.968335e-03 1.111342e-02 4.811782e-03 4.179012e-03 5.359152e-03 1.260171e-02 7.289391e-03 4.846233e-03 3.503315e-03 8.597117e-03 1.674191e-02 9.077906e-03 6.060685e-03 9.463072e-03 2.749818e-02 6.742322e-03 3.175281e-03 6.744509e-03 5.390296e-03 1.543275e-02 1.545193e-02 1.423355e-02 8.872648e-03 5.890340e-03 5.657468e-03 1.938080e-02 4.844409e-03 9.653743e-03 2.230885e-02 7.247639e-03 7.706327e-03 1.190368e-02 6.456792e-03 7.572003e-03 5.116572e-03 6.096800e-03 2.189169e-02 6.697812e-03 1.245119e-02 1.374050e-02 3.612628e-03 3.347489e-03 1.950244e-03 1.304150e-02 7.920133e-03 1.972844e-02 8.629757e-03 7.825117e-03 6.683102e-03 4.667045e-03 1.110263e-02 1.043843e-02 1.518445e-02 3.851621e-03 4.275605e-03 1.030621e-02 4.189137e-03 1.074439e-02 9.372596e-03 6.879847e-03 7.473000e-03 9.196199e-03 1.162941e-02 1.136312e-02 8.304502e-03 9.295296e-03 1.447340e-02 9.000754e-03 6.313252e-03 6.392967e-03 1.053529e-02 5.096874e-03 3.973335e-03 5.980108e-03 8.322155e-03 1.088281e-02 6.078165e-03 1.253173e-02 1.203285e-02 6.291239e-03 6.159458e-03 9.777606e-03 1.076469e-02 1.081217e-02 1.253717e-02 7.527776e-03 1.347502e-02 5.380422e-03 2.184082e-02 8.004371e-03 2.206088e-02 1.897316e-02 3.527180e-02 9.680363e-03 9.384669e-03 1.130510e-02
<GCONST> -4.065072e+02
<TRANSP> 4
 0.000000e+00 1.000000e+00 0.000000e+00 0.000000e+00
 0.000000e+00 5.000000e-01 5.000000e-01 0.000000e+00
 0.000000e+00 0.000000e+00 5.000000e-01 5.000000e-01
 0.000000e+00 0.000000e+00 0.000000e+00 0.000000e+00
<ENDHMM>
