~o
<STREAMINFO> 1 142
<VECSIZE> 142<NULLD><USER><DIAGC>
~h "false"
<BEGINHMM>
<NUMSTATES> 4
<STATE> 2
<MEAN> 142
 4.741687e-01 3.689155e-01 3.312309e-01 3.356991e-01 3.698601e-01 1.958778e-01 3.057118e-01 2.534919e-01 3.524573e-01 4.320943e-01 4.552505e-01 4.568689e-01 3.560320e-01 5.122617e-01 3.376432e-01 3.191786e-01 3.748416e-01 4.369090e-01 3.220436e-01 3.504578e-01 4.143152e-01 4.663478e-01 3.361148e-01 4.746850e-01 5.140008e-01 3.312106e-01 4.134907e-01 4.426541e-01 5.185670e-01 3.925346e-01 4.182517e-01 3.686615e-01 2.883500e-01 5.292848e-01 4.155566e-01 4.118253e-01 3.950374e-01 3.594846e-01 4.806978e-01 3.352317e-01 4.332658e-01 4.856241e-01 3.693078e-01 2.640533e-01 1.657772e-01 3.642061e-01 3.852652e-01 4.530979e-01 3.936693e-01 3.768925e-01 4.740132e-01 4.369386e-01 4.635464e-01 3.034613e-01 4.316351e-01 3.817183e-01 4.389762e-01 2.951025e-01 3.490527e-01 2.651444e-01 3.308230e-01 4.641896e-01 4.082583e-01 4.309967e-01 3.865968e-01 3.594952e-01 3.901603e-01 4.095452e-01 3.902457e-01 4.515825e-01 4.245868e-01 3.282151e-01 3.929334e-01 3.698559e-01 2.087287e-01 3.158267e-01 4.222446e-01 4.835618e-01 5.360222e-01 4.177999e-01 5.374447e-01 4.784364e-01 4.013496e-01 4.004401e-01 2.925054e-01 2.498463e-01 3.912829e-01 4.626379e-01 4.368080e-01 2.876462e-01 4.091195e-01 2.167733e-01 4.108599e-01 4.763794e-01 4.252666e-01 4.247653e-01 4.795771e-01 3.505562e-01 5.460984e-01 4.760872e-01 5.239921e-01 4.470886e-01 4.045415e-01 4.120115e-01 3.107134e-01 3.395628e-01 4.522060e-01 4.911394e-01 3.640962e-01 3.105760e-01 4.338642e-01 3.904235e-01 3.228747e-01 4.621610e-01 3.632845e-01 3.797495e-01 3.812411e-01 4.508604e-01 4.482585e-01 4.528524e-01 4.896265e-01 4.150122e-01 5.105012e-01 2.974608e-01 4.545845e-01 3.654339e-01 3.887794e-01 4.451280e-01 4.603756e-01 3.914215e-01 3.851660e-01 4.508349e-01 3.138201e-01 4.238462e-01 4.619683e-01 5.292005e-01 3.096547e-01 4.388230e-01 4.050547e-01 4.171383e-01 4.384589e-01 3.991563e-01
<VARIANCE> 142
 1.745095e-02 8.175286e-03 5.022778e-03 6.331933e-03 1.224385e-02 1.937501e-02 5.695512e-03 1.573742e-02 1.082280e-03 1.675694e-02 8.371099e-03 9.429443e-03 1.030159e-02 6.497253e-03 1.635472e-02 1.554393e-02 2.353007e-03 1.536522e-02 2.032500e-02 8.091011e-03 9.651368e-03 2.390838e-02 4.398860e-03 9.168272e-03 2.067255e-03 4.066943e-03 5.991727e-03 3.717042e-02 1.294054e-02 1.233773e-02 2.045321e-03 3.618420e-03 1.213482e-02 1.891575e-02 2.006045e-03 1.726188e-02 1.168544e-02 4.098703e-03 2.163471e-02 6.371448e-03 1.496322e-02 1.674644e-02 6.836724e-03 7.714395e-03 9.873957e-03 1.004750e-02 8.540227e-03 1.279457e-02 1.370187e-02 1.048839e-02 1.000000e-03 2.230666e-03 3.423306e-03 3.883528e-03 5.864555e-03 6.645427e-03 1.895864e-02 7.027857e-03 5.625629e-03 5.326088e-03 7.828996e-03 4.167282e-03 1.169400e-03 9.474082e-03 1.222010e-02 5.123270e-03 3.290151e-03 1.239092e-02 7.304822e-03 5.800769e-03 6.725006e-03 1.341282e-02 6.527551e-03 1.398325e-03 1.258934e-02 5.597453e-03 4.475337e-03 1.750003e-02 5.119620e-03 1.402539e-02 3.970457e-03 1.720923e-02 1.164315e-02 6.758158e-03 7.228535e-03 1.100639e-02 3.338953e-03 5.253325e-03 2.360047e-03 6.830086e-03 2.631787e-02 6.050273e-03 9.469644e-03 2.205811e-02 5.249018e-03 7.309793e-03 6.104377e-03 1.199081e-02 5.049658e-02 1.102020e-03 1.284673e-02 1.213197e-02 8.471444e-03 1.250583e-02 3.734546e-03 5.529030e-03 6.138470e-03 5.292784e-03 9.578944e-03 1.241032e-02 5.674773e-03 1.786642e-02 7.459279e-03 2.285947e-02 7.058696e-03 8.341061e-03 1.005184e-02 1.353537e-02 1.905673e-02 7.218259e-03 7.786139e-03 4.268241e-03 5.786397e-03 3.324606e-02 1.112893e-02 1.125463e-02 1.362728e-02 7.360958e-03 6.319261e-02 5.279356e-03 1.135083e-02 9.408931e-03 1.344516e-02 2.064424e-03 1.724436e-02 8.439004e-03 6.866891e-03 7.045711e-03 1.281017e-02 1.850602e-02 1.502110e-02 4.045712e-03
<GCONST> -4.220457e+02
<STATE> 3
<MEAN> 142
 6.772840e-01 3.527583e-01 4.291554e-01 3.370821e-01 3.401298e-01 4.472181e-01 4.279121e-01 3.996973e-01 3.316162e-01 3.894357e-01 4.557672e-01 3.764727e-01 3.940597e-01 5.140728e-01 3.772306e-01 3.850880e-01 4.035512e-01 4.278491e-01 3.794706e-01 4.149231e-01 5.381083e-01 5.152034e-01 4.193268e-01 4.249535e-01 4.941832e-01 4.012216e-01 4.790758e-01 3.944468e-01 3.783718e-01 3.252417e-01 4.879698e-01 4.222775e-01 4.494210e-01 5.199612e-01 4.322273e-01 4.052618e-01 3.928759e-01 3.633173e-01 3.715287e-01 3.807527e-01 3.966742e-01 4.492227e-01 2.732814e-01 4.080852e-01 2.260582e-01 3.910964e-01 4.435624e-01 4.704134e-01 5.268659e-01 3.368069e-01 4.931169e-01 4.388157e-01 4.285621e-01 2.322608e-01 4.602739e-01 3.510041e-01 5.263610e-01 4.399871e-01 3.899883e-01 3.642845e-01 4.852097e-01 4.659147e-01 3.674022e-01 4.033157e-01 3.659653e-01 4.457599e-01 4.339386e-01 4.755851e-01 4.541146e-01 3.956341e-01 5.107478e-01 4.340172e-01 4.696627e-01 4.266844e-01 4.018125e-01 3.921883e-01 4.809428e-01 4.217744e-01 4.876370e-01 4.783021e-01 4.357228e-01 3.714599e-01 4.186391e-01 4.652397e-01 3.571399e-01 4.300496e-01 3.739694e-01 3.939102e-01 4.948134e-01 3.541546e-01 3.111405e-01 3.802159e-01 4.271306e-01 3.666106e-01 3.802975e-01 4.572833e-01 4.346153e-01 3.638854e-01 4.605350e-01 4.693944e-01 4.074904e-01 5.137106e-01 3.137402e-01 3.320121e-01 4.084587e-01 3.043923e-01 4.262961e-01 3.749521e-01 4.696074e-01 5.029838e-01 3.729497e-01 3.243237e-01 3.546295e-01 3.731866e-01 3.548257e-01 3.600729e-01 3.392777e-01 4.647652e-01 3.960444e-01 4.562899e-01 4.340126e-01 4.828603e-01 4.175242e-01 3.717895e-01 5.241828e-01 4.032580e-01 3.585639e-01 3.522060e-01 3.042220e-01 5.118828e-01 4.512373e-01 3.850311e-01 3.684357e-01 3.841546e-01 3.765144e-01 4.395664e-01 4.814667e-01 4.573316e-01 4.394862e-01 3.747365e-01 3.997868e-01 4.925182e-01
<VARIANCE> 142
 4.501856e-02 5.562407e-03 7.464400e-03 2.398532e-03 1.239530e-02 2.692359e-02 1.112985e-02 5.754838e-03 3.049477e-03 7.250949e-03 6.089280e-03 7.940001e-03 1.308534e-02 6.905211e-03 3.834021e-02 1.135012e-02 1.264782e-02 2.417309e-02 3.081055e-02 1.039371e-02 1.015816e-02 4.887778e-03 5.343944e-03 3.588282e-03 9.108765e-03 3.359372e-03 1.062654e-02 8.913356e-03 1.031207e-02 1.208343e-02 5.273597e-03 7.583763e-03 4.009714e-02 1.462014e-02 1.362222e-03 1.000891e-02 2.129685e-02 2.364286e-02 1.312361e-02 1.819991e-02 1.658630e-02 1.029029e-02 6.555586e-03 1.353942e-02 1.213608e-02 1.309748e-02 5.772429e-03 1.035329e-02 1.334483e-02 4.308504e-03 3.094360e-03 1.026690e-02 1.036148e-02 2.420719e-03 2.193440e-02 8.493763e-03 2.149571e-02 2.174216e-02 1.392546e-02 1.896969e-02 1.201565e-02 5.362853e-03 3.405400e-03 3.170835e-03 2.493552e-03 1.436912e-02 1.091613e-02 2.091475e-02 6.787184e-03 1.451763e-02 1.022854e-02 1.904292e-02 4.533088e-03 1.637684e-03 1.029666e-02 7.834867e-03 1.119477e-02 1.176805e-02 6.157026e-03 7.590095e-03 4.434230e-03 3.992879e-03 4.863125e-02 1.255783e-02 1.228532e-02 1.899359e-02 3.236667e-03 4.153328e-03 7.641658e-03 5.760712e-03 1.641088e-02 3.770511e-03 1.469515e-02 4.492688e-03 4.540472e-03 6.501718e-03 4.602533e-03 1.446103e-02 1.153354e-02 5.382271e-03 8.308863e-03 6.373493e-03 3.665573e-03 6.357707e-03 9.520655e-03 2.850773e-03 3.961836e-03 6.042809e-03 1.138844e-02 3.130150e-02 7.228152e-03 8.804110e-03 2.716273e-02 4.714882e-03 4.544455e-03 7.741096e-03 3.207223e-03 9.734631e-03 1.139401e-02 8.984679e-03 2.771006e-03 2.034903e-02 1.351205e-02 1.186583e-02 1.104441e-02 7.396791e-03 4.299810e-03 1.384930e-02 5.859375e-03 8.343353e-03 8.759740e-03 1.250580e-02 2.692892e-02 5.257902e-03 1.081667e-02 8.427023e-03 9.864904e-03 1.904218e-02 2.224040e-02 3.370475e-03 1.499819e-02 1.355752e-02
<GCONST> -4.096895e+02
<TRANSP> 4
 0.000000e+00 1.000000e+00 0.000000e+00 0.000000e+00
 0.000000e+00 5.000000e-01 5.000000e-01 0.000000e+00
 0.000000e+00 0.000000e+00 5.000000e-01 5.000000e-01
 0.000000e+00 0.000000e+00 0.000000e+00 0.000000e+00
<ENDHMM>
