~o
<STREAMINFO> 1 142
<VECSIZE> 142<NULLD><USER><DIAGC>
~h "father"
<BEGINHMM>
<NUMSTATES> 4
<STATE> 2
<MEAN> 142
 5.288271e-01 3.259790e-01 3.361922e-01 3.157078e-01 3.088669e-01 3.198555e-01 3.625440e-01 3.547641e-01 3.618569e-01 5.192520e-01 4.332879e-01 4.046310e-01 4.049487e-01 4.949050e-01 4.154520e-01 3.554765e-01 4.483116e-01 3.679916e-01 3.223104e-01 4.072169e-01 4.441068e-01 3.759778e-01 3.310669e-01 4.380825e-01 4.838215e-01 3.755814e-01 3.727867e-01 4.049360e-01 3.877521e-01 4.199800e-01 4.701752e-01 3.661531e-01 3.575691e-01 4.908733e-01 4.859559e-01 3.716335e-01 4.157086e-01 4.109535e-01 4.067489e-01 4.361829e-01 3.446874e-01 4.520255e-01 3.785127e-01 3.849519e-01 3.110762e-01 4.220232e-01 4.229251e-01 4.704983e-01 3.601332e-01 2.954719e-01 4.102378e-01 4.514739e-01 4.774148e-01 2.961974e-01 3.447625e-01 3.635814e-01 4.750285e-01 3.400834e-01 3.254753e-01 3.170666e-01 4.189115e-01 4.657189e-01 3.873968e-01 3.635633e-01 4.339671e-01 4.195940e-01 4.116068e-01 3.729325e-01 3.770346e-01 4.313630e-01 4.934691e-01 3.578869e-01 4.636470e-01 4.925883e-01 3.102137e-01 3.277852e-01 4.314341e-01 3.308780e-01 4.456568e-01 4.114327e-01 4.766475e-01 2.978731e-01 4.402386e-01 3.372466e-01 3.857321e-01 3.471134e-01 3.619579e-01 3.844950e-01 4.470326e-01 3.762805e-01 3.401605e-01 3.781929e-01 4.765830e-01 2.979932e-01 4.105771e-01 4.723742e-01 4.655389e-01 3.702099e-01 4.924884e-01 4.151102e-01 5.164580e-01 4.121016e-01 3.321725e-01 3.892466e-01 3.747509e-01 3.266284e-01 3.899567e-01 4.342658e-01 3.633694e-01 3.629792e-01 3.737133e-01 3.324328e-01 3.693324e-01 3.140900e-01 3.654014e-01 3.656773e-01 3.119606e-01 4.437707e-01 3.873487e-01 3.513743e-01 4.101206e-01 4.240884e-01 3.908422e-01 3.390326e-01 4.542616e-01 3.916560e-01 4.502814e-01 4.174167e-01 4.167790e-01 4.511252e-01 4.108687e-01 4.213238e-01 3.664726e-01 4.364630e-01 3.916795e-01 4.254936e-01 3.950759e-01 4.007965e-01 4.451885e-01 3.597560e-01 4.627810e-01 4.301819e-01
<VARIANCE> 142
 2.248937e-02 1.621986e-02 1.202371e-02 6.944478e-03 1.050649e-02 1.624683e-02 9.517610e-03 3.175520e-03 2.492094e-03 2.145898e-02 6.504448e-03 2.558771e-03 1.013048e-02 4.102732e-03 1.784286e-02 1.460543e-02 3.007272e-03 2.899062e-03 1.529700e-03 1.122871e-02 3.029865e-03 4.802946e-03 2.302984e-03 8.658773e-03 4.462940e-03 3.670657e-03 8.438962e-03 4.769716e-03 5.806234e-03 9.042518e-03 1.886918e-03 2.758967e-03 1.956420e-02 3.635361e-02 2.627539e-03 2.281320e-02 6.347274e-03 3.156292e-02 1.114921e-02 1.986983e-02 1.376517e-02 1.674997e-02 9.761562e-03 8.221059e-03 9.160025e-03 3.676091e-03 2.843176e-03 5.456759e-03 3.385748e-03 3.010422e-03 2.118331e-03 1.607069e-02 1.371000e-02 4.192149e-03 7.170085e-03 7.669220e-03 3.618851e-02 3.480077e-03 5.107156e-03 8.935592e-03 1.203758e-02 1.182930e-02 4.614611e-03 4.841982e-03 5.444317e-03 2.464199e-03 1.964949e-02 4.730170e-03 9.218757e-03 1.346087e-02 6.747438e-03 9.196131e-03 7.607482e-03 3.086051e-03 1.635518e-02 2.324211e-03 7.505600e-03 7.747382e-03 1.545737e-02 6.118342e-03 1.283904e-02 5.225560e-03 2.611220e-02 4.115654e-03 1.697515e-02 1.400530e-02 2.860566e-03 1.814204e-03 2.830369e-03 6.352881e-03 2.190099e-03 9.102525e-03 1.390118e-02 5.744198e-03 7.496676e-03 7.281943e-03 7.267398e-03 4.494528e-03 1.266637e-02 5.203236e-03 1.424533e-02 1.792083e-03 4.013042e-03 2.339373e-02 2.214177e-02 7.625810e-03 1.733800e-02 1.433064e-02 2.740684e-03 5.332079e-03 1.457571e-03 9.519936e-03 1.140154e-02 9.667193e-03 6.057353e-03 7.123248e-03 8.018345e-03 1.522089e-02 3.689689e-03 1.318868e-03 9.471734e-03 9.193860e-03 5.599230e-03 8.705379e-03 1.794301e-02 1.406064e-03 8.943390e-03 1.374558e-02 1.322029e-02 5.248198e-03 1.038245e-02 1.288504e-02 6.934524e-03 9.228112e-03 9.040601e-03 1.962028e-02 2.275490e-02 1.092295e-02 1.657618e-02 4.527225e-03 7.972457e-03 3.048735e-02
<GCONST> -4.359063e+02
<STATE> 3
<MEAN> 142
 6.140832e-01 3.545360e-01 4.415210e-01 3.610467e-01 2.926958e-01 3.952639e-01 4.190509e-01 3.182813e-01 4.537913e-01 3.743085e-01 5.222763e-01 5.084333e-01 4.566621e-01 5.542737e-01 3.235317e-01 3.365126e-01 4.200820e-01 4.127872e-01 4.300341e-01 5.260145e-01 4.130630e-01 3.664910e-01 4.584179e-01 4.472242e-01 4.741966e-01 4.953077e-01 4.003387e-01 4.551999e-01 4.504130e-01 4.416776e-01 4.624651e-01 3.892326e-01 4.470010e-01 4.005770e-01 4.440263e-01 2.573974e-01 3.418798e-01 3.667549e-01 3.451594e-01 4.135929e-01 3.435921e-01 3.742545e-01 3.527844e-01 3.674092e-01 3.268343e-01 4.355538e-01 3.255526e-01 4.231705e-01 3.411334e-01 4.034929e-01 4.506395e-01 4.394747e-01 4.502929e-01 3.200710e-01 4.448129e-01 4.600287e-01 3.721284e-01 4.104228e-01 3.170409e-01 3.667561e-01 4.641532e-01 4.031714e-01 4.120499e-01 4.487815e-01 4.512741e-01 4.462250e-01 3.900654e-01 3.522238e-01 4.192652e-01 3.784693e-01 5.398517e-01 4.478904e-01 4.150595e-01 4.904741e-01 4.145419e-01 4.129971e-01 4.518612e-01 3.847550e-01 4.258174e-01 4.254321e-01 4.637779e-01 3.487184e-01 3.462107e-01 3.330023e-01 4.637656e-01 3.880748e-01 4.314257e-01 4.769655e-01 4.370198e-01 3.959502e-01 4.146570e-01 3.554002e-01 5.047639e-01 4.583094e-01 3.832856e-01 5.045670e-01 4.133920e-01 4.230709e-01 3.554433e-01 5.057579e-01 3.872547e-01 4.065561e-01 3.603121e-01 3.466081e-01 3.087978e-01 3.105638e-01 4.256284e-01 4.041239e-01 3.979756e-01 4.427989e-01 4.069806e-01 4.098402e-01 3.809763e-01 2.970881e-01 3.595012e-01 4.495681e-01 4.039647e-01 3.613849e-01 4.857774e-01 4.030303e-01 4.203185e-01 4.552237e-01 4.024775e-01 4.092382e-01 5.023581e-01 4.239466e-01 4.808007e-01 3.961266e-01 5.034056e-01 5.122316e-01 4.261125e-01 3.306109e-01 4.445722e-01 4.347571e-01 3.292839e-01 3.238486e-01 4.698973e-01 3.851813e-01 3.803219e-01 3.494428e-01 3.240147e-01 5.921345e-01
<VARIANCE> 142
 1.040872e-02 3.287057e-03 8.371245e-03 1.346127e-02 8.761697e-03 2.083067e-02 3.908513e-02 1.454739e-02 5.180184e-03 1.038833e-02 1.101976e-02 5.488223e-03 2.380485e-03 8.820104e-03 5.734119e-03 2.836150e-02 7.322165e-03 7.505037e-03 3.592769e-03 1.549409e-02 1.463585e-02 1.090480e-02 3.291594e-03 4.130888e-03 3.272271e-03 3.928343e-03 1.907116e-03 1.997237e-02 1.854862e-02 6.785812e-03 8.549798e-03 5.528155e-03 3.707726e-02 9.897349e-03 2.689078e-03 6.576485e-03 5.236428e-03 1.069782e-02 8.704060e-03 1.448214e-02 9.874891e-03 9.185354e-03 1.814883e-02 1.608663e-02 3.830710e-02 8.052212e-03 6.585630e-03 6.503739e-03 9.201762e-03 6.857265e-03 6.846402e-03 5.086744e-03 1.589757e-02 5.526403e-03 2.351036e-02 6.498221e-03 9.560257e-03 9.587877e-03 2.891482e-03 9.864523e-03 3.156880e-02 5.680295e-03 3.119347e-03 7.216983e-03 1.483026e-02 2.137763e-02 4.827213e-03 1.008391e-02 1.885950e-02 1.590334e-02 7.676479e-03 8.885843e-03 1.218658e-02 5.581898e-03 1.407273e-02 3.512578e-03 1.274914e-02 8.513467e-03 8.839864e-03 9.023161e-03 9.335413e-03 8.943845e-03 2.509456e-03 2.564248e-03 1.463438e-02 3.827271e-02 3.492421e-03 3.636043e-03 1.260972e-03 1.815510e-02 1.506387e-02 1.472875e-02 3.498659e-03 2.991189e-02 4.123714e-03 2.951075e-03 6.695936e-03 6.686626e-03 6.961170e-03 4.792587e-03 9.387108e-03 4.431268e-03 2.353849e-03 9.608066e-03 5.162849e-03 1.939751e-03 1.674847e-02 1.397984e-02 7.207429e-03 3.069649e-02 9.421779e-03 8.675019e-03 1.044842e-02 9.334720e-03 5.958124e-03 2.083116e-03 1.188378e-02 5.525758e-03 4.898828e-03 1.000000e-03 1.078362e-02 3.207910e-03 9.728105e-03 1.763293e-02 3.233691e-02 1.000000e-03 5.404545e-03 1.569328e-02 3.966735e-02 2.083592e-02 1.853495e-02 9.054620e-03 9.920110e-03 9.013776e-03 8.031420e-03 8.823775e-03 2.898637e-02 6.004052e-03 3.972926e-02 7.417109e-03 7.707030e-03 1.705634e-02
<GCONST> -4.175040e+02
<TRANSP> 4
 0.000000e+00 1.000000e+00 0.000000e+00 0.000000e+00
 0.000000e+00 5.000000e-01 5.000000e-01 0.000000e+00
 0.000000e+00 0.000000e+00 5.000000e-01 5.000000e-01
 0.000000e+00 0.000000e+00 0.000000e+00 0.000000e+00
<ENDHMM>
