~o
<STREAMINFO> 1 142
<VECSIZE> 142<NULLD><USER><DIAGC>
~h "fine"
<BEGINHMM>
<NUMSTATES> 4
<STATE> 2
<MEAN> 142
 5.409784e-01 2.910594e-01 3.821843e-01 3.908982e-01 3.495283e-01 4.384987e-01 4.415477e-01 3.789057e-01 3.771799e-01 4.218073e-01 4.412029e-01 3.642870e-01 3.648379e-01 4.738075e-01 3.836348e-01 4.347353e-01 3.588974e-01 3.435771e-01 3.732009e-01 4.396060e-01 5.413551e-01 4.984980e-01 3.920589e-01 4.088461e-01 4.989573e-01 4.006640e-01 4.352625e-01 3.634845e-01 3.965434e-01 3.510074e-01 5.049618e-01 4.086119e-01 4.067670e-01 4.937349e-01 4.167420e-01 4.021673e-01 4.373081e-01 3.217167e-01 3.647778e-01 4.813929e-01 3.891327e-01 4.060957e-01 3.267489e-01 4.293072e-01 3.008109e-01 3.551315e-01 4.455509e-01 4.713644e-01 4.736292e-01 3.430745e-01 4.286310e-01 3.905992e-01 4.110045e-01 2.556432e-01 4.156909e-01 3.486905e-01 4.354518e-01 4.532754e-01 3.909662e-01 4.787030e-01 4.101546e-01 4.944898e-01 4.055778e-01 3.963658e-01 4.118361e-01 4.472838e-01 3.953020e-01 5.117224e-01 4.166467e-01 3.859276e-01 4.722944e-01 3.917327e-01 3.522821e-01 4.199569e-01 3.801435e-01 4.072441e-01 4.535877e-01 3.812115e-01 4.518853e-01 4.640134e-01 4.463041e-01 3.371647e-01 3.744732e-01 4.332064e-01 4.740738e-01 4.254266e-01 4.288332e-01 3.921354e-01 5.270886e-01 3.853813e-01 2.732992e-01 3.800493e-01 4.153045e-01 3.193387e-01 4.230999e-01 4.311718e-01 4.504345e-01 3.335083e-01 4.884391e-01 5.042528e-01 4.238180e-01 4.873593e-01 3.147997e-01 3.349558e-01 3.962538e-01 2.814753e-01 3.668855e-01 3.717484e-01 4.679356e-01 5.319315e-01 3.292426e-01 2.979274e-01 4.392212e-01 3.794383e-01 3.062854e-01 3.893416e-01 3.175355e-01 4.326137e-01 3.861906e-01 4.491082e-01 3.995175e-01 3.904201e-01 3.975958e-01 3.260524e-01 4.883870e-01 3.636550e-01 3.462487e-01 3.715961e-01 3.083362e-01 4.672786e-01 4.831311e-01 3.707559e-01 3.100865e-01 4.248208e-01 3.724145e-01 4.434634e-01 4.327793e-01 4.080828e-01 4.924109e-01 3.915615e-01 3.999465e-01 4.214989e-01
<VARIANCE> 142
 1.002867e-02 1.181482e-02 2.011383e-02 2.181886e-02 2.188118e-02 5.770287e-02 1.493488e-02 6.701152e-03 2.404678e-03 9.390863e-03 7.685618e-03 7.902392e-03 1.277795e-02 7.346158e-03 1.218557e-02 1.348919e-02 4.407508e-03 8.818188e-03 2.862710e-02 2.659868e-02 1.336243e-02 1.254399e-02 1.331201e-02 1.046028e-02 8.996197e-03 6.992793e-03 2.372633e-02 1.768748e-03 2.004095e-02 8.132465e-03 1.266622e-02 1.428134e-02 1.143628e-02 1.057927e-02 6.116806e-03 8.385498e-03 1.993867e-02 7.982195e-03 1.999278e-02 2.553314e-02 9.010362e-03 1.860521e-02 1.127428e-02 2.153414e-02 3.908751e-02 3.335676e-03 1.679205e-02 5.813164e-03 2.820646e-02 1.156759e-02 8.511608e-03 8.195653e-03 3.010167e-03 2.283399e-03 7.495577e-03 1.287999e-02 2.088257e-02 3.204776e-02 2.803284e-02 5.434011e-02 1.542708e-02 2.453971e-02 1.308205e-02 7.474022e-03 5.604364e-03 4.658570e-03 8.298161e-03 3.727061e-02 7.261142e-03 8.588648e-03 8.772000e-03 7.281045e-03 7.042806e-03 4.114214e-03 2.940635e-02 1.762453e-02 7.735067e-03 1.708062e-02 7.885861e-03 1.303673e-02 3.497214e-03 1.474326e-02 1.326056e-02 1.061465e-02 3.921809e-02 4.017462e-03 5.611458e-03 3.873449e-03 1.043839e-02 2.694524e-02 1.160291e-02 2.113217e-02 9.282754e-03 5.022727e-03 9.165410e-03 5.611306e-03 5.865619e-03 4.855873e-03 3.084804e-02 3.538554e-03 1.235020e-02 2.830042e-03 3.734622e-03 7.464258e-03 2.078578e-02 6.435333e-03 8.453893e-03 1.383197e-02 2.622975e-02 6.017734e-02 3.390991e-03 1.197300e-02 1.579490e-02 2.524806e-02 4.835169e-03 4.001539e-03 8.215458e-03 9.366650e-03 4.600156e-03 7.327533e-03 1.252499e-02 8.705092e-03 9.947663e-03 7.830741e-03 2.434551e-02 7.806755e-03 1.370746e-02 1.065035e-02 6.930523e-03 1.787385e-02 5.696686e-03 1.773827e-02 9.202708e-03 3.154670e-03 6.191647e-03 2.170873e-02 1.271896e-02 5.026171e-03 2.610250e-02 1.200325e-02 1.721488e-02 4.680822e-03
<GCONST> -3.848276e+02
<STATE> 3
<MEAN> 142
 6.128243e-01 3.689991e-01 3.778129e-01 2.908131e-01 2.088359e-01 2.764950e-01 3.206660e-01 3.997519e-01 3.489622e-01 4.264337e-01 4.690881e-01 3.992483e-01 3.939458e-01 4.858767e-01 3.271475e-01 3.470921e-01 4.417689e-01 4.400761e-01 3.234306e-01 3.763661e-01 4.711252e-01 5.274395e-01 3.972551e-01 4.904420e-01 5.111433e-01 4.056143e-01 4.370583e-01 3.514445e-01 4.487187e-01 3.789941e-01 5.005049e-01 4.458292e-01 3.813351e-01 5.089296e-01 4.841915e-01 3.380010e-01 3.758232e-01 3.727287e-01 3.915001e-01 3.192821e-01 3.773440e-01 4.728886e-01 3.031704e-01 3.138112e-01 1.781911e-01 3.783325e-01 4.330037e-01 3.910235e-01 4.530385e-01 3.543042e-01 4.208988e-01 4.284720e-01 4.617176e-01 2.661364e-01 3.942555e-01 3.822037e-01 4.344138e-01 3.311212e-01 3.610399e-01 3.161671e-01 4.022694e-01 4.099146e-01 3.868098e-01 4.388712e-01 3.289478e-01 4.673793e-01 4.163086e-01 3.717619e-01 3.826124e-01 3.848392e-01 4.319659e-01 3.643552e-01 4.589033e-01 4.409306e-01 3.638962e-01 4.027420e-01 4.050328e-01 3.838685e-01 4.770501e-01 4.487440e-01 4.152072e-01 3.694251e-01 4.676617e-01 4.094690e-01 2.862378e-01 3.465394e-01 3.563400e-01 4.008940e-01 4.518437e-01 3.021417e-01 3.356699e-01 3.075800e-01 4.084660e-01 3.505917e-01 4.261018e-01 4.243816e-01 4.188855e-01 3.705642e-01 4.290959e-01 4.405065e-01 4.104958e-01 5.180912e-01 3.514825e-01 3.168095e-01 3.796232e-01 3.414630e-01 3.713005e-01 4.068356e-01 4.083963e-01 4.075354e-01 3.903336e-01 3.585921e-01 2.976375e-01 3.189532e-01 2.953374e-01 3.838694e-01 4.231366e-01 4.360178e-01 4.008472e-01 4.487880e-01 4.405321e-01 5.143173e-01 4.573446e-01 2.825937e-01 4.259033e-01 4.229377e-01 3.701533e-01 3.535017e-01 3.096310e-01 4.016732e-01 3.615514e-01 3.817879e-01 2.947585e-01 4.458494e-01 3.417711e-01 3.586541e-01 4.143621e-01 4.369207e-01 3.303759e-01 3.984049e-01 4.324127e-01 4.062429e-01
<VARIANCE> 142
 2.341631e-02 1.999044e-03 1.647422e-02 7.711354e-03 5.522852e-03 2.634856e-02 6.160417e-03 8.828061e-03 7.710975e-03 4.807469e-03 2.918418e-02 4.890047e-03 1.111109e-02 2.741256e-02 3.230659e-02 7.326900e-03 8.146153e-03 1.696376e-02 3.205881e-02 1.375912e-02 2.805418e-02 1.027647e-02 1.673218e-02 6.492625e-03 1.032546e-02 5.561452e-03 1.303613e-02 6.545677e-03 1.133266e-02 1.198539e-02 1.424729e-02 3.624887e-03 1.527586e-02 8.772021e-03 2.749508e-03 1.288839e-02 1.281482e-02 2.611835e-02 1.604559e-02 1.531435e-02 2.188786e-02 1.398195e-02 4.684942e-03 9.394058e-03 9.022412e-03 4.501326e-03 7.522772e-03 1.186728e-02 1.054374e-02 9.313853e-03 4.391987e-03 1.654374e-02 3.145954e-03 5.004878e-03 1.050360e-02 7.148991e-03 5.308887e-02 2.449141e-02 1.994253e-02 1.606225e-02 7.483599e-03 1.332628e-02 5.072106e-03 4.099104e-03 3.105908e-03 5.698483e-03 2.442444e-02 2.232940e-02 8.027948e-03 1.400406e-02 3.455802e-03 7.827602e-03 8.093631e-03 7.396252e-03 1.602106e-02 1.332914e-02 3.858154e-03 9.112377e-03 5.421272e-03 1.384115e-02 1.023448e-02 6.074606e-03 3.831508e-02 8.577055e-03 8.960494e-03 5.000405e-03 3.152068e-03 6.164274e-03 7.926685e-03 4.634285e-03 1.014577e-02 6.359583e-03 1.245655e-02 8.330127e-03 8.634538e-03 1.114023e-02 6.837856e-03 1.707817e-02 1.558915e-02 6.751170e-03 3.885915e-03 6.839198e-03 8.352317e-03 8.363929e-03 2.402777e-02 1.787255e-02 1.734043e-02 8.537166e-03 1.592544e-02 1.440994e-02 5.297616e-03 8.063436e-03 4.499593e-03 8.932484e-03 5.761619e-03 1.317668e-02 1.072344e-02 5.441301e-03 8.891877e-03 1.448272e-02 5.611633e-03 8.025702e-03 1.788575e-02 8.411569e-03 1.297166e-02 7.056029e-03 2.855462e-03 1.768216e-02 6.420808e-03 1.147249e-02 4.798751e-03 5.578110e-03 1.851238e-02 8.467524e-03 9.182050e-03 8.236148e-03 4.494505e-03 1.708589e-02 1.429657e-02 7.066899e-03 7.869101e-03 7.528532e-03
<GCONST> -4.001539e+02
<TRANSP> 4
 0.000000e+00 1.000000e+00 0.000000e+00 0.000000e+00
 0.000000e+00 5.000000e-01 5.000000e-01 0.000000e+00
 0.000000e+00 0.000000e+00 5.000000e-01 5.000000e-01
 0.000000e+00 0.000000e+00 0.000000e+00 0.000000e+00
<ENDHMM>
