~o
<STREAMINFO> 1 142
<VECSIZE> 142<NULLD><USER><DIAGC>
~h "food"
<BEGINHMM>
<NUMSTATES> 4
<STATE> 2
<MEAN> 142
 6.893398e-01 3.222908e-01 3.948292e-01 3.766505e-01 2.463828e-01 3.284487e-01 4.101370e-01 3.595380e-01 3.090427e-01 3.965525e-01 4.548471e-01 3.640762e-01 3.547215e-01 4.359652e-01 2.765850e-01 3.704172e-01 3.560005e-01 3.243032e-01 3.159156e-01 3.652391e-01 4.834310e-01 4.978803e-01 4.051181e-01 4.632337e-01 4.301125e-01 3.826849e-01 4.556488e-01 3.470651e-01 3.589277e-01 2.988558e-01 4.439839e-01 4.587540e-01 4.996293e-01 4.583656e-01 4.237402e-01 3.279014e-01 3.296144e-01 2.417470e-01 2.722732e-01 3.343508e-01 2.421641e-01 3.751586e-01 2.949633e-01 2.931779e-01 2.246991e-01 3.976496e-01 4.466432e-01 3.554574e-01 4.539362e-01 3.464614e-01 5.072607e-01 3.350620e-01 4.383008e-01 2.128963e-01 4.699521e-01 3.045276e-01 3.362375e-01 3.569646e-01 2.723836e-01 3.446960e-01 4.960286e-01 4.300079e-01 3.401602e-01 3.356984e-01 3.139897e-01 5.291840e-01 2.635471e-01 3.793913e-01 4.362919e-01 2.570871e-01 4.324163e-01 4.070129e-01 4.447416e-01 4.218290e-01 3.506808e-01 3.421663e-01 4.691552e-01 4.492311e-01 4.547486e-01 4.635203e-01 3.583882e-01 3.211774e-01 2.755264e-01 4.599992e-01 3.662907e-01 4.943757e-01 3.799756e-01 4.081431e-01 4.581787e-01 3.416287e-01 3.042069e-01 3.377077e-01 3.831700e-01 2.941715e-01 4.253540e-01 4.300007e-01 3.982576e-01 2.600302e-01 3.606968e-01 4.552678e-01 3.593603e-01 5.466829e-01 3.250859e-01 2.433885e-01 3.109434e-01 2.729053e-01 3.086387e-01 3.040417e-01 3.900529e-01 3.868296e-01 3.768630e-01 3.025290e-01 3.633676e-01 3.238128e-01 3.648749e-01 3.760130e-01 3.540250e-01 4.648165e-01 3.771819e-01 3.884995e-01 3.597208e-01 5.307994e-01 4.419128e-01 3.343278e-01 4.097692e-01 4.039998e-01 3.801714e-01 2.357723e-01 2.780963e-01 4.303208e-01 3.883597e-01 3.916581e-01 2.938221e-01 3.470400e-01 3.424644e-01 4.099002e-01 4.804555e-01 3.864613e-01 3.184599e-01 4.340119e-01 4.468781e-01 5.246586e-01
<VARIANCE> 142
 2.764454e-02 5.230399e-03 7.216069e-03 1.866106e-02 2.182046e-02 1.953016e-02 1.453445e-02 1.090960e-02 1.000000e-03 8.024490e-03 7.429450e-03 1.042481e-02 3.073844e-03 5.023998e-03 7.583947e-03 1.474476e-02 3.254968e-03 2.147319e-03 8.050987e-03 5.385636e-03 2.835864e-03 8.149463e-03 6.424948e-03 4.927778e-03 2.877267e-03 1.417178e-03 1.029235e-02 1.239559e-02 5.924093e-03 5.241928e-03 2.642903e-03 4.209642e-03 2.589047e-02 1.043301e-02 3.348005e-03 6.946123e-03 6.550758e-03 2.966210e-03 6.867826e-03 1.920468e-02 4.169481e-03 4.206270e-03 5.948011e-03 1.020424e-02 2.013875e-02 5.995331e-03 1.737056e-03 3.105909e-03 2.429755e-03 5.292755e-03 1.716233e-02 3.408944e-03 1.013592e-02 4.366094e-03 6.268659e-03 1.000000e-03 1.434156e-02 3.207440e-03 2.639781e-03 2.667259e-02 1.427855e-02 8.424698e-03 5.739371e-03 4.158466e-03 2.384612e-03 1.684237e-02 5.113071e-03 1.076693e-02 8.584389e-03 5.770303e-03 1.267970e-02 1.287736e-02 5.794321e-03 5.993348e-03 1.190741e-02 4.243944e-03 2.521517e-03 5.876631e-03 9.967829e-03 1.094466e-02 2.688203e-03 2.972017e-03 4.238396e-03 9.503116e-03 9.050422e-03 7.892022e-03 1.818679e-03 1.000000e-03 3.032463e-03 9.869305e-03 9.846500e-03 1.739588e-02 2.307223e-03 3.654098e-03 3.638030e-03 1.668694e-03 3.866868e-03 3.397215e-03 7.861471e-03 1.890987e-03 2.972147e-03 1.220932e-02 1.691166e-03 5.951768e-03 4.592629e-03 3.913546e-03 5.539941e-03 4.746739e-03 1.529347e-02 1.401589e-02 7.778398e-03 6.365248e-03 1.558432e-02 2.896815e-03 3.425210e-03 3.830792e-03 4.313333e-03 1.887971e-03 3.064045e-03 5.058470e-03 2.339762e-03 7.896847e-03 3.834766e-03 9.525676e-03 1.048644e-02 8.045941e-03 2.877249e-03 2.842794e-03 4.261926e-03 3.281457e-03 1.074414e-02 3.881257e-03 1.169088e-02 2.414773e-03 1.560551e-03 5.601961e-03 1.052789e-02 8.779066e-03 1.570839e-02 9.498696e-03 6.969001e-03 6.563760e-03
<GCONST> -4.715081e+02
<STATE> 3
<MEAN> 142
 6.725497e-01 3.718674e-01 3.638678e-01 3.596709e-01 3.242280e-01 2.666551e-01 3.560311e-01 3.727959e-01 3.249539e-01 4.375025e-01 4.402575e-01 4.109320e-01 3.420638e-01 4.367943e-01 2.868835e-01 3.374502e-01 3.798778e-01 4.106296e-01 3.152028e-01 3.869824e-01 4.838456e-01 5.172144e-01 3.664310e-01 4.835531e-01 4.603138e-01 3.479256e-01 4.200090e-01 3.247429e-01 4.302973e-01 3.343469e-01 4.437947e-01 4.426496e-01 4.362462e-01 5.117397e-01 4.228265e-01 4.172896e-01 3.608862e-01 3.095251e-01 4.394011e-01 2.914255e-01 3.377658e-01 4.942555e-01 3.151518e-01 3.483549e-01 1.637854e-01 3.897482e-01 4.391050e-01 4.040889e-01 4.208137e-01 2.959144e-01 5.052543e-01 4.323759e-01 4.311980e-01 2.599713e-01 4.299109e-01 3.007389e-01 4.441320e-01 3.384338e-01 3.390521e-01 2.543874e-01 4.273391e-01 4.578134e-01 4.411096e-01 3.938027e-01 3.533964e-01 4.171967e-01 3.773863e-01 4.153855e-01 4.305643e-01 3.891449e-01 4.461798e-01 4.395408e-01 4.652824e-01 3.994800e-01 3.249917e-01 3.366621e-01 4.523568e-01 4.337888e-01 5.065155e-01 4.735394e-01 4.284124e-01 4.012129e-01 3.973696e-01 4.297341e-01 2.432757e-01 4.111823e-01 3.957788e-01 4.274372e-01 4.435669e-01 3.114736e-01 3.333655e-01 3.073395e-01 3.601112e-01 3.192518e-01 4.182828e-01 4.293770e-01 4.044496e-01 3.199745e-01 5.303321e-01 4.332422e-01 3.989907e-01 5.191104e-01 3.685654e-01 3.757216e-01 3.314477e-01 3.503686e-01 3.838258e-01 4.122258e-01 4.018587e-01 3.960147e-01 3.821330e-01 3.223399e-01 3.055965e-01 4.036628e-01 3.248800e-01 3.486788e-01 3.325925e-01 4.446270e-01 4.089878e-01 4.358507e-01 4.717820e-01 5.171691e-01 4.624187e-01 3.326410e-01 4.143586e-01 4.348269e-01 3.450956e-01 3.467936e-01 3.527432e-01 4.284021e-01 3.749547e-01 4.074316e-01 3.667624e-01 3.794914e-01 3.861519e-01 4.639784e-01 3.976016e-01 4.049739e-01 3.716737e-01 4.484023e-01 5.039430e-01 4.375120e-01
<VARIANCE> 142
 6.144356e-02 7.321499e-03 1.112889e-02 4.429879e-03 2.015329e-02 1.412287e-02 1.295062e-02 1.992999e-03 1.292060e-03 7.979946e-03 1.338640e-02 4.437488e-03 7.228146e-03 1.126602e-02 7.959326e-03 2.856191e-03 3.831388e-03 1.190179e-02 7.907125e-03 1.241728e-02 4.693810e-03 3.324179e-03 4.268034e-03 9.363330e-03 3.648393e-03 6.007997e-03 9.500705e-03 5.007643e-03 1.274884e-02 3.245930e-03 1.000000e-03 5.591501e-03 2.608341e-02 2.730094e-02 2.018310e-03 1.323866e-02 1.221912e-02 1.082948e-02 3.079250e-02 9.336327e-03 1.098001e-02 1.762916e-02 3.887424e-03 1.444041e-02 6.166277e-03 6.138274e-03 3.946586e-03 8.036614e-03 2.213180e-03 9.395974e-03 3.517391e-03 4.266082e-03 2.371567e-03 1.715075e-03 2.301243e-02 2.523564e-03 2.070033e-02 5.609244e-03 1.000929e-02 5.605721e-03 9.792466e-03 4.758704e-03 2.718263e-03 3.955976e-03 1.778942e-03 7.521097e-03 8.796603e-03 6.909708e-03 1.243641e-02 6.275801e-03 8.385087e-03 2.447565e-02 5.226899e-03 1.962259e-03 1.672556e-02 9.526368e-03 6.009873e-03 1.999156e-02 4.172673e-03 5.280418e-03 2.207062e-03 8.069479e-03 1.859958e-02 8.263561e-03 3.317223e-03 1.994899e-02 2.120924e-03 4.070156e-03 4.359924e-03 7.643659e-03 1.162542e-02 1.214889e-02 3.639778e-03 1.335551e-02 3.069923e-03 5.024049e-03 5.433575e-03 7.541428e-03 3.994078e-02 1.000000e-03 9.450017e-03 5.036008e-03 5.420194e-03 1.124503e-02 6.493943e-03 5.774263e-03 1.121656e-02 4.509415e-03 9.589009e-03 6.502060e-03 9.059327e-03 1.448880e-02 2.562584e-03 1.518118e-02 3.375607e-03 3.514958e-03 6.204597e-03 8.911966e-03 6.678915e-03 1.538512e-02 5.512682e-03 1.346906e-02 2.044059e-02 1.412707e-02 4.594001e-03 3.999731e-03 3.680050e-03 1.238945e-02 6.181709e-03 1.047636e-03 4.364332e-03 1.022397e-02 3.421101e-02 1.000000e-03 1.387823e-02 1.647447e-02 1.060370e-02 8.696792e-03 1.085839e-02 1.378254e-02 5.244253e-03 1.456444e-02
<GCONST> -4.439310e+02
<TRANSP> 4
 0.000000e+00 1.000000e+00 0.000000e+00 0.000000e+00
 0.000000e+00 5.000000e-01 5.000000e-01 0.000000e+00
 0.000000e+00 0.000000e+00 5.000000e-01 5.000000e-01
 0.000000e+00 0.000000e+00 0.000000e+00 0.000000e+00
<ENDHMM>
