~o
<STREAMINFO> 1 142
<VECSIZE> 142<NULLD><USER><DIAGC>
~h "french_fries"
<BEGINHMM>
<NUMSTATES> 4
<STATE> 2
<MEAN> 142
 5.349594e-01 3.615399e-01 4.380224e-01 4.474741e-01 4.421634e-01 3.954025e-01 4.252922e-01 3.086368e-01 3.757789e-01 3.619217e-01 5.381183e-01 4.237730e-01 3.991983e-01 5.568538e-01 3.475006e-01 4.427332e-01 3.363644e-01 4.079864e-01 3.388546e-01 3.878446e-01 4.623903e-01 4.510157e-01 3.502083e-01 4.254828e-01 4.338007e-01 3.747658e-01 4.728167e-01 5.063375e-01 4.130800e-01 4.356204e-01 4.785946e-01 4.308192e-01 4.870900e-01 4.075873e-01 4.958233e-01 3.291766e-01 4.487394e-01 3.676465e-01 3.390670e-01 4.884746e-01 4.033463e-01 4.141243e-01 3.372231e-01 2.520201e-01 3.876781e-01 4.371122e-01 4.413280e-01 3.961170e-01 4.074022e-01 4.027570e-01 5.828012e-01 3.638023e-01 4.309111e-01 2.818549e-01 4.463663e-01 3.618266e-01 3.538053e-01 3.221418e-01 2.806281e-01 4.167747e-01 5.224476e-01 4.759699e-01 3.666475e-01 3.934578e-01 4.252180e-01 4.673955e-01 3.174990e-01 4.276302e-01 4.925957e-01 3.657077e-01 4.860133e-01 3.880783e-01 3.760315e-01 3.899455e-01 3.607909e-01 3.617123e-01 5.159925e-01 5.097556e-01 3.662806e-01 5.047576e-01 4.871409e-01 3.463846e-01 3.293322e-01 3.929434e-01 4.519940e-01 4.318346e-01 4.476725e-01 4.421399e-01 4.366156e-01 4.450343e-01 3.328902e-01 3.981876e-01 4.821343e-01 4.650024e-01 4.954654e-01 4.737881e-01 4.857937e-01 3.992090e-01 4.073702e-01 4.575598e-01 4.138496e-01 4.268295e-01 3.477329e-01 3.872761e-01 3.798793e-01 2.353032e-01 3.045784e-01 4.306018e-01 5.014185e-01 4.275226e-01 4.234354e-01 3.561320e-01 5.643958e-01 3.579103e-01 3.375017e-01 4.697117e-01 3.424790e-01 4.743297e-01 4.999886e-01 4.111964e-01 3.814224e-01 4.282265e-01 4.984287e-01 3.960947e-01 4.169295e-01 3.646476e-01 4.926185e-01 3.929047e-01 4.056760e-01 3.983719e-01 5.142134e-01 4.737786e-01 4.046022e-01 4.371208e-01 4.144731e-01 4.657238e-01 4.752175e-01 4.529881e-01 4.851163e-01 3.822048e-01 4.658680e-01 4.554256e-01
<VARIANCE> 142
 8.163509e-03 4.264105e-03 6.429638e-03 2.036807e-02 2.677080e-02 7.516268e-03 2.321910e-02 3.182701e-03 2.703231e-03 1.101173e-03 2.537077e-02 1.820701e-02 6.306068e-03 1.055464e-02 7.384927e-03 4.680422e-02 5.563827e-03 2.768927e-03 5.630025e-03 3.539777e-03 1.495422e-02 2.641806e-02 3.832992e-03 2.497007e-03 2.677988e-03 2.227402e-03 2.705741e-02 4.767291e-03 5.038536e-03 1.374125e-02 2.181820e-03 5.080563e-03 2.148929e-02 1.080774e-02 1.456681e-03 1.531700e-03 5.574706e-03 2.132342e-02 8.434740e-03 2.773580e-02 3.459365e-02 4.006395e-03 1.096529e-02 3.982632e-03 1.158683e-02 9.850807e-03 1.072641e-02 1.499027e-02 2.611555e-02 5.759256e-03 1.989751e-02 3.633083e-03 7.008087e-03 1.140440e-02 6.591595e-03 3.901821e-03 1.653791e-02 4.154679e-03 1.650605e-03 5.118545e-02 1.371978e-02 4.751621e-03 5.289747e-03 1.467394e-02 1.275019e-02 2.418927e-02 1.507343e-02 1.806363e-02 6.402476e-03 1.008697e-02 1.502242e-02 1.490024e-02 1.713525e-03 2.188413e-03 2.954746e-03 3.252731e-03 2.540635e-03 2.050042e-02 5.708638e-03 3.342164e-02 2.862825e-03 4.057001e-03 4.082932e-03 9.505152e-03 1.090366e-02 2.026829e-02 4.957274e-03 5.945374e-03 8.602750e-03 4.854910e-03 9.774622e-03 2.158097e-02 5.934182e-03 2.329315e-02 9.041981e-03 2.437827e-03 3.194440e-03 1.388588e-02 3.415245e-03 4.428421e-03 2.370626e-03 2.158379e-02 3.978863e-03 2.824286e-03 3.023900e-03 4.540676e-03 1.238086e-02 1.022479e-02 2.113291e-02 2.818236e-02 1.863475e-03 5.556176e-03 7.804365e-02 1.000000e-03 4.224930e-03 4.547578e-03 7.773429e-03 1.087826e-02 1.122050e-02 4.244972e-03 2.016517e-03 6.842366e-03 1.378648e-03 5.446475e-03 1.396905e-02 3.270380e-03 1.722831e-02 1.674041e-02 3.393602e-02 6.821162e-03 6.133925e-02 4.636743e-03 1.223716e-02 3.267954e-03 2.497566e-03 2.837118e-03 2.863131e-02 3.318683e-03 5.113857e-02 3.955513e-03 4.389527e-03 7.532401e-03
<GCONST> -4.336418e+02
<STATE> 3
<MEAN> 142
 5.960952e-01 3.981929e-01 3.629979e-01 3.242614e-01 2.880382e-01 2.527197e-01 3.459811e-01 3.377130e-01 3.312869e-01 3.837338e-01 4.127721e-01 4.244010e-01 3.471352e-01 4.357162e-01 2.941909e-01 3.095188e-01 4.551230e-01 4.477216e-01 3.039308e-01 3.634151e-01 4.766788e-01 4.467757e-01 3.779764e-01 4.502396e-01 4.482883e-01 3.556040e-01 3.900752e-01 4.842097e-01 4.915697e-01 3.996898e-01 4.666799e-01 4.553005e-01 4.545449e-01 4.703174e-01 4.275226e-01 3.565631e-01 3.210705e-01 2.989829e-01 3.888176e-01 3.094887e-01 3.747346e-01 4.924721e-01 3.254943e-01 3.296478e-01 2.140037e-01 4.451030e-01 4.469067e-01 3.297038e-01 3.669355e-01 3.630840e-01 4.184114e-01 3.584268e-01 4.042409e-01 2.718452e-01 4.505358e-01 4.204133e-01 3.514749e-01 2.754942e-01 3.180898e-01 2.715209e-01 4.001965e-01 5.277222e-01 3.882231e-01 4.361570e-01 3.860547e-01 4.465318e-01 2.954927e-01 3.179353e-01 4.277414e-01 3.655682e-01 4.981112e-01 4.245037e-01 4.121457e-01 3.998443e-01 3.218520e-01 3.601428e-01 4.861939e-01 4.541968e-01 4.121815e-01 3.878228e-01 4.548944e-01 3.886861e-01 4.189728e-01 4.076231e-01 2.972445e-01 4.376209e-01 3.836309e-01 4.168837e-01 4.553013e-01 3.581468e-01 3.864775e-01 2.929102e-01 4.362077e-01 3.806780e-01 4.613946e-01 4.727197e-01 4.703544e-01 3.079228e-01 4.473570e-01 4.020447e-01 4.082065e-01 4.629825e-01 3.600922e-01 3.895384e-01 2.776475e-01 2.708327e-01 3.593586e-01 3.801927e-01 3.584233e-01 3.167108e-01 3.872451e-01 3.847994e-01 3.431385e-01 3.452484e-01 4.120653e-01 4.091063e-01 4.298723e-01 3.996532e-01 4.676023e-01 4.108428e-01 4.357943e-01 5.435558e-01 4.908538e-01 3.936923e-01 3.728407e-01 4.368061e-01 4.416860e-01 3.624736e-01 4.026585e-01 3.747073e-01 3.262295e-01 4.227339e-01 3.581937e-01 3.932393e-01 3.843725e-01 4.403608e-01 3.995712e-01 4.359940e-01 3.160890e-01 3.922557e-01 4.775228e-01 4.425775e-01
<VARIANCE> 142
 5.067680e-02 2.510499e-03 1.682901e-03 5.520317e-03 6.303533e-03 2.386111e-02 1.313927e-02 4.997860e-03 3.933741e-03 2.531329e-03 1.737748e-02 1.140894e-02 3.596930e-03 1.551469e-02 1.280846e-02 1.090511e-02 1.645733e-02 8.824550e-03 1.509358e-02 1.210710e-02 9.026691e-03 1.214280e-02 5.913436e-03 2.954980e-03 5.109958e-03 2.391638e-03 7.779874e-03 1.236143e-02 1.422597e-02 1.027716e-02 1.000000e-03 7.445008e-03 2.857070e-02 4.513260e-03 2.529878e-03 5.347768e-03 9.302569e-03 2.310242e-02 7.648653e-03 1.503278e-02 1.416398e-02 1.557860e-02 1.282264e-02 1.519969e-02 5.501296e-03 8.324997e-03 1.825092e-03 3.339180e-03 4.096316e-03 1.602600e-02 6.292985e-03 1.028883e-02 5.933955e-03 4.743042e-03 7.501276e-03 1.505489e-02 1.633223e-02 8.150822e-03 6.055811e-03 5.106096e-03 1.810673e-02 5.772310e-03 2.147845e-03 8.731486e-03 7.004017e-03 7.062180e-03 8.574936e-03 1.218850e-02 1.843071e-02 9.351915e-03 2.092633e-03 3.666706e-02 4.243536e-03 1.000000e-03 7.381644e-03 3.986982e-03 1.321569e-02 6.270797e-03 4.183344e-03 8.492958e-03 6.322301e-03 3.048538e-03 1.044725e-02 6.903568e-03 6.050888e-03 2.478225e-02 2.951860e-03 2.816029e-03 6.465297e-03 5.765376e-03 1.873223e-02 1.771885e-02 4.307231e-03 2.713129e-02 1.085509e-02 3.784074e-03 3.623555e-03 1.860050e-02 9.269653e-03 1.819158e-03 9.422457e-03 9.447508e-03 4.795498e-03 8.962254e-03 1.063888e-03 6.360066e-03 1.081483e-02 2.351686e-02 4.447722e-03 6.332738e-03 5.529346e-03 1.689838e-02 1.121327e-02 4.497332e-03 6.404033e-03 9.400631e-03 6.797524e-03 9.196811e-03 1.078991e-02 3.187309e-03 6.640503e-03 5.052757e-03 1.276231e-03 2.826143e-02 8.307426e-03 6.945420e-03 1.118487e-02 1.495683e-02 4.545956e-02 1.002536e-02 9.847111e-03 2.185753e-03 3.135060e-02 3.779621e-03 3.358179e-03 6.903965e-03 1.168775e-02 1.189646e-02 6.085234e-03 5.268865e-03 4.571406e-03 4.884115e-03
<GCONST> -4.347782e+02
<TRANSP> 4
 0.000000e+00 1.000000e+00 0.000000e+00 0.000000e+00
 0.000000e+00 5.000000e-01 5.000000e-01 0.000000e+00
 0.000000e+00 0.000000e+00 5.000000e-01 5.000000e-01
 0.000000e+00 0.000000e+00 0.000000e+00 0.000000e+00
<ENDHMM>
