~o
<STREAMINFO> 1 142
<VECSIZE> 142<NULLD><USER><DIAGC>
~h "full"
<BEGINHMM>
<NUMSTATES> 4
<STATE> 2
<MEAN> 142
 6.072674e-01 3.819574e-01 3.067571e-01 2.793808e-01 2.636829e-01 3.167168e-01 3.506410e-01 3.489619e-01 4.176345e-01 3.881025e-01 3.515563e-01 4.271257e-01 4.309364e-01 4.460819e-01 3.774096e-01 3.839026e-01 4.538321e-01 3.697407e-01 2.221524e-01 3.760935e-01 3.881991e-01 3.880148e-01 2.700988e-01 4.141329e-01 4.093460e-01 4.425305e-01 3.327744e-01 3.777794e-01 3.723453e-01 4.349485e-01 4.920751e-01 3.345843e-01 3.767258e-01 3.912722e-01 4.194104e-01 3.646581e-01 3.796063e-01 3.079267e-01 3.259456e-01 4.691609e-01 4.218293e-01 4.424175e-01 2.839819e-01 3.397650e-01 2.520685e-01 3.949303e-01 4.192215e-01 4.621572e-01 4.122284e-01 2.931387e-01 4.038676e-01 3.973964e-01 3.915418e-01 3.495664e-01 4.324527e-01 3.474967e-01 3.052490e-01 2.475357e-01 3.620798e-01 2.562121e-01 4.210155e-01 3.880772e-01 3.621558e-01 3.512205e-01 3.973819e-01 4.143249e-01 3.962462e-01 3.307134e-01 3.696716e-01 4.017430e-01 4.512021e-01 4.118646e-01 4.130359e-01 3.638862e-01 2.397714e-01 3.926941e-01 4.126833e-01 3.589168e-01 4.042929e-01 3.518869e-01 4.451897e-01 4.357427e-01 4.227555e-01 3.876169e-01 3.486920e-01 4.266953e-01 3.300945e-01 3.924253e-01 4.242200e-01 3.488623e-01 3.181163e-01 3.459409e-01 4.400534e-01 3.622161e-01 4.080203e-01 4.411275e-01 4.526997e-01 2.663204e-01 4.173879e-01 3.996094e-01 3.856750e-01 3.980491e-01 3.467778e-01 3.831266e-01 3.493031e-01 2.780651e-01 3.304379e-01 3.884103e-01 3.539761e-01 4.360711e-01 3.785252e-01 3.653280e-01 3.295092e-01 3.277285e-01 2.620049e-01 4.035353e-01 2.658145e-01 3.516168e-01 4.480242e-01 3.845690e-01 4.646179e-01 3.864101e-01 3.310631e-01 2.952607e-01 3.855236e-01 3.606625e-01 4.031096e-01 2.989118e-01 2.993115e-01 3.683158e-01 4.207302e-01 3.607612e-01 3.959723e-01 3.832493e-01 4.687393e-01 4.006415e-01 5.197609e-01 4.738030e-01 5.459374e-01 3.272077e-01 3.801329e-01 4.573275e-01
<VARIANCE> 142
 2.250813e-02 1.083729e-02 6.557164e-03 2.938102e-03 1.164893e-02 9.509492e-03 5.620003e-03 2.219389e-02 3.058279e-03 9.019017e-03 7.023822e-03 1.000000e-03 1.684293e-02 5.656578e-03 2.247782e-02 1.857240e-02 6.688019e-03 6.169645e-03 2.038704e-03 1.411172e-02 5.284728e-03 2.215669e-03 9.712433e-03 2.742744e-03 2.921281e-03 6.897550e-03 3.134017e-03 3.663660e-03 1.320536e-02 1.386986e-02 4.022142e-03 4.256255e-03 4.525223e-03 4.054645e-03 2.030728e-03 6.990085e-03 1.004812e-02 2.008022e-02 6.345388e-03 6.085810e-02 3.110679e-02 7.100365e-03 5.021977e-03 1.670432e-02 7.284376e-03 4.621941e-03 4.475097e-03 1.393847e-02 1.123433e-02 4.846221e-03 1.507660e-03 2.518878e-02 1.590944e-02 2.728816e-03 2.761510e-03 4.933956e-03 6.983598e-03 3.449124e-03 4.699493e-03 3.258246e-03 1.376634e-02 3.716114e-03 1.440235e-03 1.075619e-03 5.702151e-03 1.783292e-03 3.256973e-02 6.691584e-03 3.174677e-03 1.652956e-02 1.862019e-03 9.849528e-03 3.241867e-03 2.183099e-03 6.032532e-03 1.758528e-02 3.781834e-03 3.047208e-02 5.659621e-03 2.329193e-03 1.185557e-02 7.125182e-03 3.514327e-02 3.729912e-03 4.973426e-03 6.049538e-03 3.659896e-03 1.000000e-03 2.491652e-03 8.305737e-03 6.904890e-03 1.829128e-02 1.387716e-02 2.609620e-03 1.383793e-02 2.242172e-03 1.215130e-02 2.163502e-03 1.630962e-02 3.635823e-03 4.818673e-03 4.258697e-03 3.995512e-03 4.636614e-03 4.514541e-03 6.113688e-03 4.943107e-03 3.611635e-03 2.578041e-03 6.472064e-03 1.216431e-03 3.812832e-03 6.576417e-03 1.708531e-02 2.888823e-03 3.248035e-03 6.071535e-03 6.270972e-03 9.356721e-03 9.415341e-03 5.787482e-03 8.061181e-03 7.099255e-03 8.784739e-03 6.663958e-03 3.394664e-03 4.359360e-03 7.421331e-03 1.299097e-02 2.293445e-03 1.032049e-02 1.767539e-02 5.699394e-03 2.963650e-03 2.791048e-02 8.708156e-03 1.565389e-02 1.597138e-02 7.350158e-02 6.197429e-03 6.053557e-03 4.707326e-03
<GCONST> -4.583265e+02
<STATE> 3
<MEAN> 142
 6.346034e-01 3.761099e-01 3.280078e-01 3.190514e-01 2.638977e-01 3.281885e-01 3.742246e-01 3.606066e-01 3.950818e-01 4.351966e-01 4.479792e-01 4.336351e-01 3.486480e-01 4.438912e-01 3.067468e-01 3.425819e-01 4.047109e-01 4.507265e-01 2.672027e-01 3.246684e-01 4.489921e-01 4.611167e-01 3.678295e-01 4.448980e-01 4.249566e-01 4.066173e-01 4.231243e-01 3.465973e-01 4.238793e-01 3.851453e-01 4.867107e-01 4.045691e-01 4.142816e-01 4.594246e-01 4.368837e-01 3.718225e-01 3.037123e-01 2.942158e-01 3.802085e-01 2.841421e-01 3.803982e-01 4.545797e-01 3.460194e-01 3.488150e-01 2.214045e-01 4.190831e-01 3.841840e-01 3.939097e-01 4.203777e-01 3.187756e-01 4.460948e-01 3.584594e-01 4.112287e-01 2.620529e-01 4.056125e-01 4.435877e-01 4.184237e-01 3.405791e-01 3.456103e-01 3.132641e-01 4.682384e-01 4.231564e-01 3.540553e-01 3.876697e-01 4.014531e-01 4.554512e-01 3.559412e-01 3.463002e-01 3.731234e-01 3.595603e-01 4.204949e-01 4.317752e-01 4.448167e-01 4.089164e-01 3.070085e-01 3.365282e-01 3.769946e-01 3.791379e-01 4.354030e-01 4.472165e-01 4.338640e-01 3.942837e-01 4.009390e-01 4.218420e-01 3.238328e-01 3.829998e-01 3.581316e-01 4.024180e-01 5.106788e-01 3.721135e-01 3.657606e-01 2.757320e-01 4.213965e-01 3.666333e-01 3.879897e-01 4.774628e-01 4.069346e-01 3.201099e-01 3.965979e-01 4.095505e-01 3.587206e-01 4.457053e-01 3.735876e-01 3.721705e-01 3.032750e-01 2.571844e-01 3.664591e-01 3.554566e-01 3.537412e-01 3.419447e-01 4.120042e-01 4.244379e-01 2.884756e-01 3.276929e-01 3.571863e-01 4.196931e-01 4.388649e-01 3.794034e-01 4.680398e-01 3.767419e-01 4.028733e-01 5.123134e-01 4.019573e-01 3.953065e-01 4.145120e-01 4.093333e-01 4.090900e-01 3.812785e-01 3.920716e-01 4.043707e-01 3.401634e-01 3.932301e-01 3.497825e-01 3.797373e-01 3.955886e-01 3.526045e-01 4.956470e-01 4.188193e-01 3.322950e-01 4.062870e-01 4.137946e-01 4.648545e-01
<VARIANCE> 142
 4.954876e-02 2.860102e-03 7.258889e-03 3.583131e-03 1.935118e-03 2.333146e-02 9.086933e-03 5.480394e-03 3.554921e-03 2.412986e-03 1.612266e-02 5.179252e-03 4.242755e-03 1.296775e-02 2.747940e-02 7.524164e-03 3.138283e-03 7.843371e-03 6.571747e-03 1.503547e-02 8.572022e-03 9.410266e-03 1.424158e-02 5.599035e-03 1.440529e-03 4.837444e-03 2.958935e-03 1.392815e-02 6.506099e-03 7.980837e-03 4.856817e-03 5.567760e-03 3.100627e-02 2.244238e-02 5.122004e-03 2.082201e-02 8.932400e-03 7.550019e-03 1.053278e-02 5.890014e-03 2.161925e-02 9.347817e-03 1.162117e-02 9.792193e-03 5.387521e-03 5.551795e-03 8.525347e-03 8.055000e-03 1.568734e-02 2.771902e-03 2.817871e-03 5.142004e-03 4.494118e-03 2.869423e-03 1.004651e-02 9.416370e-03 1.134384e-02 1.177135e-02 1.802781e-03 1.121976e-02 9.898628e-03 3.129469e-03 1.790643e-03 1.117653e-03 1.255987e-02 4.630893e-03 1.850402e-02 2.582953e-03 7.232592e-03 1.145938e-02 7.587060e-03 1.635130e-02 8.599978e-03 1.617779e-02 1.936750e-02 6.156054e-03 1.389996e-02 1.535787e-02 6.654128e-03 3.476897e-03 9.040521e-03 1.120039e-02 1.095181e-02 4.906857e-03 3.257418e-03 1.724499e-02 3.445340e-03 1.000000e-03 3.920771e-03 5.101393e-03 3.495849e-03 1.208519e-02 5.089683e-03 5.542604e-03 5.538077e-03 2.842405e-03 1.055172e-02 5.719502e-03 6.940444e-03 7.590686e-03 3.079968e-03 1.279671e-02 9.379307e-03 1.365455e-02 3.083146e-03 4.128017e-03 3.661682e-03 8.679032e-03 6.437457e-03 4.867095e-03 7.880188e-03 3.565648e-03 2.794940e-03 1.118525e-02 6.720486e-03 3.315728e-03 5.593169e-03 4.545593e-03 2.394045e-03 1.253236e-02 4.475645e-03 1.373117e-02 7.150223e-03 1.158543e-02 1.478551e-02 4.535504e-03 3.692379e-03 2.186125e-02 1.053195e-02 1.140662e-02 1.146745e-02 2.554820e-02 2.032012e-02 3.280011e-03 2.960693e-02 1.205718e-02 8.412854e-03 2.035863e-02 1.459745e-02 1.361358e-02 1.018969e-02 2.966108e-02
<GCONST> -4.373275e+02
<TRANSP> 4
 0.000000e+00 1.000000e+00 0.000000e+00 0.000000e+00
 0.000000e+00 5.000000e-01 5.000000e-01 0.000000e+00
 0.000000e+00 0.000000e+00 5.000000e-01 5.000000e-01
 0.000000e+00 0.000000e+00 0.000000e+00 0.000000e+00
<ENDHMM>
