~o
<STREAMINFO> 1 142
<VECSIZE> 142<NULLD><USER><DIAGC>
~h "girl"
<BEGINHMM>
<NUMSTATES> 4
<STATE> 2
<MEAN> 142
 5.895735e-01 3.924502e-01 3.597790e-01 3.217599e-01 3.127238e-01 3.919424e-01 3.571441e-01 3.105961e-01 3.865667e-01 4.694542e-01 5.057158e-01 4.888879e-01 3.944662e-01 4.857979e-01 4.935740e-01 3.588802e-01 3.736383e-01 4.983735e-01 2.773875e-01 3.356254e-01 4.243919e-01 3.932327e-01 2.718601e-01 3.891091e-01 4.549087e-01 3.732693e-01 4.617971e-01 4.150217e-01 4.485964e-01 4.515445e-01 4.421728e-01 4.314605e-01 3.207760e-01 4.326631e-01 4.578407e-01 4.112494e-01 4.587934e-01 4.165941e-01 4.682212e-01 3.294331e-01 4.628644e-01 4.516391e-01 3.809324e-01 3.423155e-01 2.147772e-01 3.919847e-01 4.007855e-01 4.682898e-01 4.173394e-01 3.419105e-01 4.925142e-01 4.550795e-01 5.439921e-01 3.283100e-01 3.960201e-01 4.255302e-01 4.318648e-01 2.980710e-01 3.455318e-01 3.234503e-01 4.292496e-01 3.424963e-01 3.858399e-01 3.838797e-01 5.269586e-01 4.125019e-01 5.530343e-01 3.767682e-01 4.110420e-01 4.753660e-01 3.907670e-01 3.820955e-01 4.703382e-01 3.459755e-01 3.327945e-01 4.099253e-01 3.992721e-01 3.795708e-01 4.360874e-01 4.058287e-01 5.043067e-01 4.362183e-01 4.938657e-01 3.722799e-01 3.752644e-01 4.350393e-01 3.680151e-01 4.456103e-01 4.690860e-01 3.653868e-01 4.213929e-01 3.761425e-01 4.997540e-01 4.161256e-01 3.650395e-01 4.942143e-01 5.071297e-01 4.520515e-01 4.401321e-01 3.694995e-01 3.503194e-01 4.230895e-01 3.564594e-01 4.806939e-01 3.729739e-01 2.645079e-01 4.627487e-01 4.641651e-01 4.227298e-01 3.223920e-01 4.267487e-01 4.505594e-01 2.632270e-01 4.225491e-01 4.536817e-01 4.312196e-01 4.396143e-01 3.118738e-01 4.482696e-01 4.084482e-01 4.487129e-01 4.594111e-01 4.007643e-01 5.351317e-01 3.020485e-01 4.055273e-01 5.362059e-01 5.061803e-01 4.551346e-01 3.408950e-01 3.674095e-01 4.909573e-01 5.168030e-01 4.852950e-01 5.696831e-01 4.425300e-01 4.398766e-01 6.090207e-01 3.672864e-01 4.362983e-01 3.618433e-01 3.764276e-01
<VARIANCE> 142
 3.827201e-03 5.278175e-03 5.250121e-03 3.234298e-03 5.989372e-03 1.758557e-02 1.191852e-02 1.308823e-02 1.515763e-03 4.354069e-03 1.144352e-02 6.573362e-03 5.572252e-03 1.400693e-02 2.691471e-02 2.317074e-02 8.582012e-03 2.096470e-02 8.270697e-03 5.955706e-03 1.174458e-02 1.668045e-02 7.767557e-03 5.910567e-03 4.127854e-03 3.201904e-03 3.556377e-03 1.389700e-02 5.172523e-03 1.088657e-02 1.412582e-03 9.180214e-03 2.188501e-02 7.389708e-03 2.164240e-03 4.054504e-02 3.433537e-02 3.701293e-03 2.726036e-02 3.605439e-03 1.285856e-02 1.614124e-02 4.074058e-03 1.155218e-02 1.382854e-02 1.593173e-02 1.634136e-02 2.638365e-02 2.380904e-02 7.455818e-03 3.322899e-03 9.912919e-03 3.963780e-03 2.590247e-03 8.065583e-03 8.891208e-03 1.106791e-02 5.142959e-03 1.190752e-02 1.336512e-02 6.007475e-03 2.544633e-03 8.018870e-03 1.176368e-02 3.958301e-03 8.313380e-03 2.107811e-02 1.021349e-02 4.811060e-03 2.675919e-03 1.894663e-03 5.403455e-02 6.414782e-03 5.956743e-03 9.700496e-03 1.523405e-03 1.535940e-03 2.587587e-02 3.833020e-03 2.612078e-02 8.237886e-03 2.019664e-02 2.719129e-02 1.875632e-02 1.351927e-03 2.632267e-02 6.199361e-03 3.574926e-03 7.134903e-03 1.789051e-02 1.193817e-02 4.253282e-02 8.951160e-03 1.628713e-03 9.448159e-03 8.509498e-03 4.166081e-02 1.099947e-02 2.110781e-02 8.290895e-03 1.192491e-02 5.739064e-03 3.302841e-03 6.923917e-03 1.916116e-02 2.963070e-03 5.449887e-03 8.401156e-03 5.726156e-03 1.328932e-02 2.979872e-03 9.858498e-03 4.982203e-03 4.136733e-02 2.170578e-02 1.810001e-02 1.209958e-02 8.923148e-03 1.086804e-03 7.279305e-03 2.045321e-02 1.010921e-02 1.742234e-02 6.456081e-02 7.071705e-03 1.339163e-02 7.003666e-03 1.457630e-02 5.783190e-03 6.319650e-03 2.679788e-02 3.501699e-02 1.370378e-02 2.686260e-02 9.715141e-02 2.546625e-02 1.742759e-02 9.012572e-02 2.450666e-02 3.145476e-02 8.117368e-03 1.260550e-02
<GCONST> -4.013586e+02
<STATE> 3
<MEAN> 142
 5.793262e-01 3.111015e-01 4.102350e-01 3.711147e-01 3.295885e-01 4.594995e-01 3.804103e-01 3.338710e-01 4.129406e-01 4.194093e-01 6.140253e-01 3.578713e-01 3.903888e-01 6.266716e-01 3.369886e-01 3.212818e-01 3.314848e-01 3.198151e-01 4.340497e-01 3.863038e-01 5.711794e-01 5.102604e-01 3.991099e-01 4.392598e-01 5.377259e-01 3.953744e-01 5.666250e-01 3.371647e-01 3.728422e-01 3.508651e-01 5.050960e-01 3.426057e-01 2.836560e-01 4.952680e-01 4.291759e-01 3.204653e-01 4.337363e-01 3.570227e-01 3.834656e-01 3.642441e-01 3.678780e-01 3.933118e-01 3.396658e-01 3.361681e-01 2.316276e-01 3.077776e-01 4.785779e-01 4.114812e-01 5.084900e-01 4.132048e-01 4.919873e-01 3.694238e-01 4.269986e-01 2.638635e-01 3.496437e-01 3.827632e-01 5.697059e-01 4.478157e-01 4.750577e-01 4.862788e-01 4.164933e-01 3.735028e-01 3.606960e-01 3.893859e-01 3.715191e-01 3.857542e-01 3.710772e-01 5.469844e-01 4.266974e-01 4.263144e-01 4.041728e-01 3.797554e-01 3.617736e-01 4.095965e-01 3.245341e-01 3.669702e-01 3.815087e-01 3.166263e-01 5.190622e-01 5.135475e-01 4.254718e-01 3.750852e-01 3.359853e-01 4.818577e-01 3.744020e-01 3.397183e-01 3.335519e-01 4.300530e-01 5.093236e-01 3.644695e-01 2.820688e-01 3.286721e-01 3.433767e-01 4.167456e-01 3.797665e-01 3.739355e-01 3.848922e-01 3.207354e-01 4.090433e-01 4.666110e-01 4.124382e-01 4.790212e-01 3.580639e-01 3.487972e-01 4.448892e-01 3.571393e-01 3.759981e-01 3.890813e-01 5.856593e-01 4.991059e-01 3.875188e-01 3.517774e-01 3.202381e-01 3.812151e-01 2.956096e-01 3.456822e-01 3.509600e-01 4.396085e-01 3.929823e-01 4.795967e-01 4.117906e-01 3.433508e-01 3.700233e-01 3.257887e-01 4.736922e-01 3.328523e-01 3.626139e-01 3.555799e-01 3.222991e-01 5.172888e-01 3.673024e-01 3.029075e-01 2.979744e-01 4.138617e-01 3.259749e-01 4.435956e-01 3.998371e-01 3.652125e-01 3.840714e-01 3.908826e-01 3.746409e-01 3.705397e-01
<VARIANCE> 142
 1.260694e-03 6.105474e-03 9.678784e-03 9.432477e-03 3.448496e-03 3.054710e-02 1.482090e-02 3.897615e-03 3.306436e-03 3.052748e-03 1.961513e-02 8.898125e-03 6.647181e-03 2.857835e-02 4.837066e-03 1.870590e-02 2.401816e-03 7.729263e-03 2.421629e-02 1.882021e-02 2.165455e-02 2.870864e-02 4.182456e-03 1.604258e-02 3.914880e-03 2.447619e-03 1.027664e-02 1.436097e-02 3.631432e-03 1.576569e-02 2.177999e-03 5.887705e-03 9.916035e-03 8.755118e-03 1.000000e-03 4.732319e-03 1.027139e-02 7.033268e-03 1.105117e-02 7.574624e-03 4.119036e-03 5.291468e-03 2.044461e-03 2.785375e-02 6.825862e-03 4.724459e-03 1.279111e-02 1.356329e-02 2.181959e-02 3.652256e-03 2.079728e-03 1.752976e-02 7.078094e-03 3.076378e-03 3.135562e-03 5.525502e-03 3.182491e-02 3.099958e-02 1.328664e-02 3.126862e-02 1.501590e-03 1.497535e-03 1.479560e-03 2.137582e-03 1.514608e-02 4.990347e-03 1.104990e-02 3.185134e-02 1.224911e-02 2.993357e-03 4.431845e-03 8.416147e-03 6.426224e-03 8.366815e-03 6.731910e-03 2.873794e-03 3.156658e-03 4.293629e-03 1.354517e-02 1.514508e-02 5.498631e-03 5.954918e-03 4.029460e-03 1.466570e-02 9.571957e-03 8.041941e-03 3.330515e-03 3.194389e-03 3.101965e-03 1.548473e-02 8.751260e-03 1.497631e-02 4.174155e-03 1.014838e-02 1.000000e-03 2.930008e-03 5.194926e-03 1.093377e-02 7.945457e-03 5.515389e-03 5.661566e-03 1.614708e-02 9.283966e-03 3.751263e-03 6.756957e-03 1.534152e-02 4.086055e-03 1.253526e-02 1.148481e-02 4.173420e-02 4.022886e-03 3.669068e-03 9.869280e-03 6.264273e-03 4.367169e-03 7.918630e-03 1.532931e-03 6.864172e-03 6.354677e-03 2.001311e-02 5.472230e-03 6.558871e-03 5.562837e-03 1.121380e-02 3.124907e-02 4.064348e-03 6.061994e-03 4.076729e-03 1.701685e-02 1.812601e-02 9.330642e-03 1.254936e-02 1.140552e-02 9.570346e-03 1.262424e-02 5.857180e-03 4.560082e-03 1.378096e-02 9.680768e-03 4.887844e-03 8.185459e-03 1.068421e-03
<GCONST> -4.408742e+02
<TRANSP> 4
 0.000000e+00 1.000000e+00 0.000000e+00 0.000000e+00
 0.000000e+00 5.000000e-01 5.000000e-01 0.000000e+00
 0.000000e+00 0.000000e+00 5.000000e-01 5.000000e-01
 0.000000e+00 0.000000e+00 0.000000e+00 0.000000e+00
<ENDHMM>
