~o
<STREAMINFO> 1 142
<VECSIZE> 142<NULLD><USER><DIAGC>
~h "god"
<BEGINHMM>
<NUMSTATES> 4
<STATE> 2
<MEAN> 142
 6.038323e-01 4.239627e-01 4.186515e-01 3.224727e-01 3.087471e-01 3.394837e-01 3.642779e-01 3.740439e-01 3.661704e-01 4.586016e-01 4.604017e-01 3.986237e-01 3.465596e-01 4.290098e-01 4.053393e-01 3.171277e-01 4.132006e-01 4.167580e-01 2.982375e-01 3.728281e-01 4.551077e-01 4.182721e-01 3.692140e-01 4.183650e-01 4.636528e-01 3.541591e-01 4.386297e-01 4.061827e-01 3.914487e-01 3.805546e-01 4.771670e-01 4.123501e-01 3.820440e-01 4.892662e-01 4.832223e-01 3.552618e-01 4.160994e-01 3.591855e-01 3.599974e-01 3.598098e-01 3.818732e-01 4.697913e-01 3.244129e-01 3.278520e-01 2.578761e-01 4.485809e-01 4.205663e-01 4.586837e-01 4.388050e-01 3.197516e-01 4.556350e-01 3.500245e-01 4.486097e-01 2.642349e-01 4.265338e-01 4.585548e-01 4.846473e-01 3.752198e-01 3.532904e-01 3.611738e-01 4.112381e-01 4.473204e-01 4.037743e-01 3.707638e-01 4.507989e-01 4.227344e-01 3.508450e-01 3.979614e-01 4.090765e-01 3.594735e-01 4.846313e-01 3.845448e-01 3.926424e-01 4.332989e-01 3.202377e-01 3.396015e-01 4.297277e-01 4.520772e-01 4.415717e-01 4.878845e-01 4.834613e-01 3.518712e-01 3.742482e-01 4.101154e-01 3.879476e-01 3.662582e-01 3.985524e-01 4.266238e-01 4.251139e-01 3.846112e-01 3.309978e-01 3.592405e-01 4.549151e-01 3.831124e-01 4.276515e-01 5.105132e-01 4.428671e-01 3.479723e-01 4.449418e-01 4.008790e-01 4.736784e-01 4.347502e-01 3.506585e-01 3.707133e-01 4.180632e-01 3.102959e-01 3.256962e-01 3.834946e-01 3.652118e-01 4.013110e-01 3.522744e-01 3.962035e-01 3.829585e-01 3.603929e-01 3.473239e-01 3.883779e-01 3.455745e-01 4.099329e-01 4.463674e-01 3.669239e-01 4.119681e-01 4.682841e-01 4.092975e-01 4.017507e-01 4.025378e-01 3.979963e-01 4.113381e-01 3.852654e-01 3.651548e-01 4.427840e-01 4.103789e-01 4.291768e-01 3.736887e-01 4.427983e-01 3.931748e-01 4.685948e-01 4.485341e-01 4.168008e-01 3.655775e-01 3.522441e-01 3.897374e-01 4.054783e-01
<VARIANCE> 142
 3.166780e-02 1.463319e-02 3.503041e-03 3.131572e-03 1.767541e-02 1.186584e-02 2.552783e-02 6.598486e-03 5.420925e-03 5.155611e-03 9.396513e-03 5.966222e-03 7.806148e-03 8.490013e-03 5.490848e-03 1.529843e-02 6.801483e-03 1.393660e-02 3.804557e-03 1.057213e-02 1.270921e-02 1.209738e-02 8.403072e-03 3.554486e-03 4.153689e-03 2.421201e-03 4.514320e-03 1.317501e-02 2.872703e-03 3.922516e-03 2.365891e-03 1.241259e-02 2.607471e-02 2.324072e-02 3.066066e-03 4.162367e-03 7.442252e-03 6.442647e-03 9.466590e-03 1.904783e-02 2.184357e-02 1.033907e-02 1.114990e-02 1.226740e-02 1.209788e-02 2.808612e-02 1.075996e-02 8.964616e-03 8.007968e-03 2.987942e-03 1.922242e-03 2.646473e-03 5.887516e-03 2.287112e-03 8.276750e-03 6.004559e-03 2.954577e-02 2.583251e-03 3.778512e-03 7.493971e-03 8.811705e-03 8.555392e-03 1.851153e-03 2.961873e-03 1.496726e-02 7.130236e-03 1.001304e-02 7.993895e-03 1.211844e-02 6.499398e-03 7.862486e-03 1.719490e-02 3.024154e-03 8.517479e-03 2.276628e-02 2.691340e-03 1.708780e-02 4.333871e-02 1.299338e-02 1.127192e-02 1.703236e-02 5.746987e-03 8.437707e-03 4.855281e-03 1.394523e-02 1.483202e-02 3.967345e-03 3.929306e-03 4.405805e-03 1.839782e-02 1.076087e-02 1.937975e-02 2.683531e-02 1.302473e-02 1.123270e-02 9.345880e-03 5.336797e-03 1.617694e-02 1.210397e-02 1.271646e-02 7.262552e-03 9.339054e-03 1.001579e-02 7.858067e-03 8.712038e-03 6.642065e-03 1.510271e-02 5.569432e-03 3.783377e-03 3.335597e-02 4.667029e-03 9.805372e-03 5.361526e-02 4.991334e-03 9.497398e-03 7.238727e-03 1.627000e-02 1.243620e-02 7.301414e-03 5.035836e-03 7.421793e-03 1.509882e-02 1.431042e-02 2.007648e-02 1.714502e-02 7.964705e-03 1.323011e-02 2.864441e-02 8.715700e-03 6.768860e-03 2.284908e-02 9.825275e-03 1.347307e-02 3.414091e-03 7.542311e-03 5.259135e-03 1.314262e-02 6.471275e-03 6.894342e-03 4.796817e-03 9.204173e-03 2.144431e-02
<GCONST> -4.129673e+02
<STATE> 3
<MEAN> 142
 5.823961e-01 4.374876e-01 3.903539e-01 4.136837e-01 3.685229e-01 2.440232e-01 3.574592e-01 3.422401e-01 3.881791e-01 4.943484e-01 4.409044e-01 4.496495e-01 3.766703e-01 4.494230e-01 3.548139e-01 3.364573e-01 3.871973e-01 3.776252e-01 3.377137e-01 3.184834e-01 4.697831e-01 5.174937e-01 3.325536e-01 5.214084e-01 5.414956e-01 3.289547e-01 4.492714e-01 3.629928e-01 5.254459e-01 3.434459e-01 4.630471e-01 4.448719e-01 3.811637e-01 4.629258e-01 4.574246e-01 3.973831e-01 4.098157e-01 4.105439e-01 4.745673e-01 2.846361e-01 4.238811e-01 5.219373e-01 3.873852e-01 3.034259e-01 1.769418e-01 3.858715e-01 5.116512e-01 4.045205e-01 4.619407e-01 3.633891e-01 4.659735e-01 3.904301e-01 4.642803e-01 2.701150e-01 4.459275e-01 4.349209e-01 5.154804e-01 3.637191e-01 4.201958e-01 3.083605e-01 3.791637e-01 4.587621e-01 4.318055e-01 4.269346e-01 3.227553e-01 4.641180e-01 3.330161e-01 4.108771e-01 4.026855e-01 4.356066e-01 4.112380e-01 3.643737e-01 4.645226e-01 4.041400e-01 2.713044e-01 3.205178e-01 4.027046e-01 5.715708e-01 5.306253e-01 5.252165e-01 4.929580e-01 4.617135e-01 3.907433e-01 4.761068e-01 2.557571e-01 3.421479e-01 3.585682e-01 4.492144e-01 4.500923e-01 3.275990e-01 4.099605e-01 2.746712e-01 4.225695e-01 3.978499e-01 4.945064e-01 4.360518e-01 4.299029e-01 3.453512e-01 5.131117e-01 4.129507e-01 4.945871e-01 4.912288e-01 3.724268e-01 3.867305e-01 3.616688e-01 3.543952e-01 4.370141e-01 5.054756e-01 3.886620e-01 3.621241e-01 4.576605e-01 4.183894e-01 3.140184e-01 4.771760e-01 3.516084e-01 3.614185e-01 3.973579e-01 5.110084e-01 4.572415e-01 4.709891e-01 5.067539e-01 4.568109e-01 5.056297e-01 2.909175e-01 4.656184e-01 4.301760e-01 3.729189e-01 4.697986e-01 4.403120e-01 3.779691e-01 3.283321e-01 4.735152e-01 3.353264e-01 4.086621e-01 4.601214e-01 5.148970e-01 3.523867e-01 3.831341e-01 3.130966e-01 4.306383e-01 5.327901e-01 4.309890e-01
<VARIANCE> 142
 4.380798e-02 2.646272e-03 2.405024e-03 3.609000e-03 1.372938e-02 1.688970e-02 7.230915e-03 1.544271e-02 8.035745e-03 1.030141e-02 1.004265e-02 2.832910e-03 1.178157e-02 1.216497e-02 1.054349e-02 6.680842e-03 2.016531e-03 1.110457e-02 1.465260e-02 1.460051e-02 1.255691e-02 7.394234e-03 1.229771e-02 3.252774e-03 2.288612e-02 1.860827e-02 1.170465e-02 3.813390e-03 1.178404e-02 1.680906e-03 1.686166e-03 5.536115e-03 2.022456e-02 1.751012e-02 2.678885e-03 5.048697e-03 1.371203e-02 4.803071e-03 1.300761e-02 8.161507e-03 1.160270e-02 1.116837e-02 1.886854e-03 1.249426e-02 9.427416e-03 9.358686e-03 5.487492e-03 8.254992e-03 2.366586e-03 1.338867e-02 1.333897e-03 5.715946e-03 1.149231e-02 2.281808e-03 1.510488e-02 6.841038e-03 1.823079e-02 7.262502e-03 1.159006e-02 1.024469e-02 2.019575e-02 5.623883e-03 6.112054e-03 2.100113e-03 5.111658e-03 1.964696e-03 8.319178e-03 1.176419e-02 4.987906e-03 6.684636e-03 5.617433e-03 2.570320e-02 4.415551e-03 5.038084e-03 3.628078e-02 1.150860e-02 7.439637e-03 2.459905e-02 8.349691e-03 5.537068e-03 3.670866e-03 8.087184e-03 9.429232e-03 3.276825e-03 4.278379e-03 6.710712e-03 2.699373e-03 2.342048e-03 5.756124e-03 9.026380e-03 4.026815e-03 1.269349e-02 3.463606e-03 1.946605e-02 1.941407e-02 3.190957e-03 5.981938e-03 5.068849e-03 3.817420e-02 6.948598e-03 8.188283e-03 2.782179e-03 1.415469e-02 6.790537e-03 2.258730e-02 2.374191e-03 1.138396e-02 4.827816e-03 2.101570e-02 1.542900e-02 4.748651e-03 1.055191e-02 7.621984e-03 2.294575e-02 1.364219e-03 2.379575e-03 1.373649e-02 4.629414e-03 2.496195e-03 1.126439e-02 6.107540e-03 1.293277e-02 6.950438e-03 9.564806e-03 1.428872e-02 1.833170e-03 4.307682e-03 7.102555e-03 4.619245e-03 9.743123e-03 1.169174e-02 9.721217e-03 1.834573e-02 4.527224e-03 2.942550e-02 1.568516e-02 1.185947e-02 5.729232e-03 6.455848e-03 8.520750e-03 1.018038e-02 5.495714e-03
<GCONST> -4.335220e+02
<TRANSP> 4
 0.000000e+00 1.000000e+00 0.000000e+00 0.000000e+00
 0.000000e+00 5.000000e-01 5.000000e-01 0.000000e+00
 0.000000e+00 0.000000e+00 5.000000e-01 5.000000e-01
 0.000000e+00 0.000000e+00 0.000000e+00 0.000000e+00
<ENDHMM>
