~o
<STREAMINFO> 1 142
<VECSIZE> 142<NULLD><USER><DIAGC>
~h "good"
<BEGINHMM>
<NUMSTATES> 4
<STATE> 2
<MEAN> 142
 5.426980e-01 3.853693e-01 3.279187e-01 3.419789e-01 3.415722e-01 3.314932e-01 3.808130e-01 2.987812e-01 3.681137e-01 4.109853e-01 4.341874e-01 4.588748e-01 3.985142e-01 4.945556e-01 3.666725e-01 3.345799e-01 3.348635e-01 4.048930e-01 3.256540e-01 3.572353e-01 4.045364e-01 4.137599e-01 3.568088e-01 4.281710e-01 4.727477e-01 3.853585e-01 4.063889e-01 4.280364e-01 4.148519e-01 3.982251e-01 4.384732e-01 3.602007e-01 3.733135e-01 4.967747e-01 4.607613e-01 3.776445e-01 3.723505e-01 4.239711e-01 3.807239e-01 3.772441e-01 3.771090e-01 4.584189e-01 4.087328e-01 2.973874e-01 2.440403e-01 3.660267e-01 3.854168e-01 4.318031e-01 3.975032e-01 3.566084e-01 5.161067e-01 4.044685e-01 4.149064e-01 3.182868e-01 3.942702e-01 3.867722e-01 3.940932e-01 3.234125e-01 3.774988e-01 3.441564e-01 4.234005e-01 4.216346e-01 4.185654e-01 4.188753e-01 4.451095e-01 4.231917e-01 4.109468e-01 4.078215e-01 4.327050e-01 4.649874e-01 4.784378e-01 4.171365e-01 4.435019e-01 3.877290e-01 3.067030e-01 3.728616e-01 4.529515e-01 3.679362e-01 4.496139e-01 4.253823e-01 4.909850e-01 3.842844e-01 3.711681e-01 4.197392e-01 3.691356e-01 3.859171e-01 4.240781e-01 4.785312e-01 4.764520e-01 3.597674e-01 3.698310e-01 3.424901e-01 4.244814e-01 4.053911e-01 4.272058e-01 4.531539e-01 4.776458e-01 3.844624e-01 4.712300e-01 4.514300e-01 4.451842e-01 4.276604e-01 3.883327e-01 4.409147e-01 3.267320e-01 3.264335e-01 4.123765e-01 4.272905e-01 4.136806e-01 3.613721e-01 4.115933e-01 3.527477e-01 3.452176e-01 3.458337e-01 3.580501e-01 4.608289e-01 3.590503e-01 4.158951e-01 4.331683e-01 3.433041e-01 4.459397e-01 3.973092e-01 3.954048e-01 4.233465e-01 4.087287e-01 3.877967e-01 4.425371e-01 4.271060e-01 4.497045e-01 3.850417e-01 3.766256e-01 4.267348e-01 4.500673e-01 4.139748e-01 3.767222e-01 4.467067e-01 3.571792e-01 4.139718e-01 3.930916e-01 3.511126e-01 4.039451e-01 3.751895e-01
<VARIANCE> 142
 1.598261e-02 5.200936e-03 1.137397e-02 5.090693e-03 1.293441e-02 3.785602e-02 2.466381e-02 9.726557e-03 3.372973e-03 9.031137e-03 7.954988e-03 1.194201e-02 1.640569e-02 2.110826e-02 7.305908e-03 1.967406e-02 1.008560e-02 1.249525e-02 2.045237e-02 8.225359e-03 1.352316e-02 2.363038e-02 1.478855e-02 1.221298e-02 5.520173e-03 7.856441e-03 5.836188e-03 7.474931e-03 1.253331e-02 1.122376e-02 1.560038e-03 5.564868e-03 2.420383e-02 3.588066e-02 3.815476e-03 2.383147e-02 7.919474e-03 1.266467e-02 3.037590e-02 1.495369e-02 7.144463e-03 2.309302e-02 1.060290e-02 8.522628e-03 1.774513e-02 6.640625e-03 7.492347e-03 7.913128e-03 2.365828e-02 8.894345e-03 3.465015e-03 2.418121e-03 6.025979e-03 5.195171e-03 7.177914e-03 7.340517e-03 1.137752e-02 2.407395e-02 9.780433e-03 1.703530e-02 1.514795e-02 7.066319e-03 9.573938e-03 5.246414e-03 8.461312e-03 1.253341e-02 9.436056e-03 1.960440e-02 8.117741e-03 9.264748e-03 1.052691e-02 2.164486e-02 8.988961e-03 2.234313e-03 2.285947e-02 1.448113e-02 8.282137e-03 2.152833e-02 1.040865e-02 3.434720e-02 1.428276e-02 1.305312e-02 1.412570e-02 7.227913e-03 1.611022e-02 2.033470e-02 6.231437e-03 1.482448e-02 8.182361e-03 2.150613e-02 9.708325e-03 2.728296e-02 7.751134e-03 1.077224e-02 8.151170e-03 4.250140e-03 1.054555e-02 1.532898e-02 2.231663e-02 1.108595e-02 1.357525e-02 9.540949e-03 9.198917e-03 1.089650e-02 3.970293e-03 7.211654e-03 9.567427e-03 5.761177e-03 2.204861e-02 2.952615e-02 9.642136e-03 1.152994e-02 2.909093e-02 1.874426e-02 3.445246e-03 1.733678e-02 1.339591e-02 1.569109e-02 3.199546e-03 6.500829e-03 1.206164e-02 8.348766e-03 1.129769e-02 4.137643e-02 1.977025e-02 5.720555e-03 5.180200e-03 8.473088e-03 9.875903e-03 9.789395e-03 1.909056e-02 1.070251e-02 1.836778e-02 8.692028e-03 1.018875e-02 9.570315e-03 2.150673e-02 1.328238e-02 1.419671e-02 1.192624e-02 9.514078e-03 1.493491e-02
<GCONST> -3.803985e+02
<STATE> 3
<MEAN> 142
 7.413148e-01 3.572270e-01 3.855655e-01 3.485001e-01 2.840570e-01 3.158905e-01 4.232530e-01 3.764586e-01 3.513947e-01 3.502729e-01 4.195567e-01 4.734058e-01 3.947251e-01 4.260704e-01 2.774852e-01 3.144428e-01 4.045735e-01 4.029431e-01 3.005215e-01 3.971061e-01 4.920577e-01 5.132672e-01 4.018738e-01 4.823679e-01 4.165288e-01 4.290382e-01 3.995163e-01 3.770254e-01 4.144444e-01 3.518655e-01 4.794671e-01 4.614983e-01 4.888158e-01 4.015804e-01 4.155943e-01 3.575873e-01 3.100476e-01 2.997224e-01 3.132279e-01 3.095422e-01 2.477922e-01 4.232503e-01 3.071926e-01 3.502521e-01 2.617757e-01 4.272827e-01 4.322032e-01 3.514200e-01 4.155588e-01 3.666174e-01 4.819078e-01 3.681594e-01 4.363723e-01 2.707538e-01 5.010756e-01 3.762313e-01 4.183482e-01 3.137214e-01 3.026901e-01 3.593727e-01 4.562276e-01 4.409457e-01 3.835591e-01 3.889777e-01 3.669964e-01 4.933668e-01 2.907279e-01 3.448519e-01 4.681714e-01 3.227581e-01 4.575806e-01 4.735681e-01 4.547952e-01 4.320132e-01 3.318668e-01 4.106055e-01 5.049912e-01 4.631276e-01 4.429290e-01 4.060847e-01 4.142933e-01 3.536805e-01 3.090008e-01 4.527059e-01 3.260562e-01 4.911005e-01 4.062316e-01 4.243658e-01 4.261501e-01 3.722650e-01 4.169862e-01 3.680584e-01 4.110934e-01 3.626444e-01 4.156217e-01 4.629090e-01 4.031240e-01 3.014353e-01 3.776509e-01 4.545416e-01 3.781146e-01 5.259443e-01 3.592032e-01 3.136756e-01 2.984979e-01 3.000222e-01 3.950497e-01 3.641624e-01 3.518555e-01 3.650714e-01 4.387513e-01 4.083119e-01 3.450540e-01 3.274123e-01 3.716090e-01 4.140542e-01 3.822246e-01 4.513200e-01 4.122321e-01 4.247444e-01 3.877252e-01 5.326115e-01 4.943861e-01 4.271055e-01 4.167936e-01 4.296705e-01 4.274300e-01 3.135265e-01 3.125611e-01 3.948663e-01 4.047596e-01 3.972431e-01 4.307061e-01 4.280404e-01 3.291324e-01 3.634501e-01 4.527944e-01 3.521205e-01 3.136885e-01 3.490771e-01 5.025558e-01 4.915680e-01
<VARIANCE> 142
 3.718711e-02 1.564530e-02 1.200290e-02 6.787217e-03 6.857864e-03 1.753178e-02 1.012549e-02 9.550499e-03 4.267055e-03 6.874529e-03 1.284768e-02 9.505941e-03 5.852943e-03 1.053718e-02 1.711823e-02 3.092256e-03 1.711309e-02 9.598894e-03 9.734432e-03 1.322553e-02 1.045296e-02 7.883944e-03 1.344226e-02 1.354442e-02 2.446570e-03 5.433396e-03 4.804860e-03 7.939954e-03 9.648716e-03 1.135117e-02 1.977002e-03 5.891455e-03 1.975523e-02 7.956922e-03 1.893997e-03 5.113778e-03 7.755294e-03 1.025259e-02 1.462955e-02 3.619755e-02 3.735327e-03 1.981100e-02 6.185118e-03 1.436997e-02 7.987071e-03 7.875318e-03 2.421655e-03 6.625005e-03 6.789616e-03 8.435548e-03 1.034856e-02 8.283026e-03 5.831625e-03 5.994620e-03 1.140697e-02 1.387738e-02 1.227772e-02 1.508048e-02 4.737161e-03 2.904232e-02 1.507403e-02 7.481899e-03 4.943281e-03 5.950793e-03 3.675255e-03 4.522699e-03 5.987022e-03 1.506851e-02 4.120982e-03 5.339896e-03 5.782860e-03 1.637560e-02 1.322974e-02 8.131031e-03 1.527868e-02 4.952237e-03 4.934357e-03 1.563409e-02 6.051767e-03 5.767179e-03 7.835979e-03 1.011905e-02 5.048795e-03 1.579216e-02 1.436088e-02 1.102232e-02 3.270339e-03 4.049663e-03 2.874705e-03 8.270238e-03 1.117872e-02 1.489571e-02 6.376386e-03 6.271724e-03 5.162179e-03 7.115997e-03 8.549665e-03 3.597680e-03 8.103651e-03 4.083573e-03 7.713188e-03 9.532117e-03 5.467381e-03 9.268436e-03 2.174770e-03 7.302954e-03 1.046514e-02 8.768088e-03 7.107120e-03 1.272215e-02 6.563697e-03 1.411416e-02 7.515228e-03 4.263867e-03 5.731557e-03 4.859392e-03 1.688908e-02 5.822584e-03 4.098997e-03 7.349122e-03 8.839523e-03 1.297578e-02 1.005653e-02 1.419526e-02 1.342516e-02 9.310337e-03 1.107880e-02 6.169082e-03 1.328682e-02 1.166894e-02 1.398494e-02 4.003356e-03 1.713585e-02 7.453192e-03 1.655499e-03 2.956364e-03 5.801316e-03 5.497470e-03 1.640324e-02 5.384516e-03 6.748094e-03 6.383294e-03
<GCONST> -4.254546e+02
<TRANSP> 4
 0.000000e+00 1.000000e+00 0.000000e+00 0.000000e+00
 0.000000e+00 5.000000e-01 5.000000e-01 0.000000e+00
 0.000000e+00 0.000000e+00 5.000000e-01 5.000000e-01
 0.000000e+00 0.000000e+00 0.000000e+00 0.000000e+00
<ENDHMM>
