~o
<STREAMINFO> 1 142
<VECSIZE> 142<NULLD><USER><DIAGC>
~h "government"
<BEGINHMM>
<NUMSTATES> 4
<STATE> 2
<MEAN> 142
 5.792916e-01 4.099783e-01 3.939376e-01 3.471802e-01 3.490132e-01 4.003496e-01 3.288237e-01 3.713637e-01 3.891023e-01 4.669979e-01 5.698932e-01 4.844166e-01 4.048114e-01 5.370117e-01 3.209724e-01 3.144020e-01 3.910075e-01 4.022377e-01 4.214264e-01 3.732924e-01 4.072489e-01 3.947610e-01 4.400029e-01 4.060683e-01 5.012279e-01 4.535115e-01 4.939939e-01 4.895177e-01 4.172218e-01 4.526975e-01 4.771816e-01 3.759364e-01 3.649258e-01 4.715419e-01 4.497522e-01 3.641129e-01 4.194510e-01 3.905267e-01 4.381965e-01 3.450669e-01 4.021008e-01 4.401135e-01 4.543641e-01 3.616571e-01 2.531632e-01 4.595191e-01 3.589064e-01 4.132010e-01 4.125101e-01 4.591640e-01 4.839142e-01 3.926996e-01 4.701767e-01 3.404980e-01 4.203010e-01 4.476765e-01 4.594985e-01 3.956449e-01 4.055773e-01 3.474748e-01 3.994684e-01 4.412465e-01 4.104416e-01 4.886880e-01 4.895498e-01 4.005554e-01 4.086826e-01 4.068798e-01 3.928104e-01 4.764273e-01 4.783424e-01 4.413268e-01 3.699865e-01 3.722854e-01 3.335670e-01 3.873722e-01 4.093442e-01 3.730799e-01 4.837591e-01 4.222187e-01 4.923573e-01 3.758901e-01 3.843495e-01 4.020699e-01 3.663181e-01 3.469132e-01 4.305590e-01 4.241095e-01 4.632164e-01 3.855983e-01 4.397464e-01 3.321806e-01 4.392148e-01 5.136848e-01 4.021989e-01 4.889531e-01 3.821737e-01 3.771506e-01 3.998915e-01 4.544975e-01 4.043186e-01 4.069722e-01 3.652397e-01 4.967749e-01 3.941256e-01 3.541515e-01 4.580985e-01 4.703224e-01 4.240272e-01 3.804898e-01 4.868382e-01 4.628508e-01 2.912235e-01 3.922647e-01 3.808716e-01 4.268425e-01 4.803970e-01 3.817931e-01 5.375416e-01 4.238716e-01 4.479606e-01 4.274705e-01 4.272747e-01 4.690697e-01 4.137873e-01 4.281763e-01 4.438049e-01 4.177968e-01 5.281411e-01 4.233960e-01 3.597098e-01 3.574434e-01 4.368980e-01 4.298200e-01 3.815635e-01 4.017438e-01 4.036349e-01 4.058541e-01 3.439292e-01 3.753360e-01 4.109980e-01 3.918611e-01
<VARIANCE> 142
 3.488878e-02 1.097615e-02 1.239816e-02 4.550825e-03 3.077030e-03 3.162226e-02 1.642418e-02 2.154490e-02 3.426629e-03 1.250659e-02 2.897816e-02 2.716848e-02 6.732605e-03 2.092871e-02 1.001407e-02 1.546458e-02 6.274354e-03 4.746799e-03 1.304961e-02 3.809989e-03 2.552713e-02 2.322921e-02 7.253784e-03 1.229024e-02 7.217688e-03 1.367990e-02 8.883852e-03 2.805199e-02 3.413111e-03 2.133620e-02 6.476613e-03 1.191361e-02 2.538315e-02 2.659827e-02 4.997651e-03 1.271677e-02 1.936452e-02 1.615806e-02 1.097410e-02 1.045731e-02 4.147467e-03 1.481822e-03 1.743918e-02 1.047813e-02 4.263847e-03 1.432448e-02 1.044030e-02 1.478811e-02 3.011890e-02 9.398842e-03 1.617529e-03 3.236986e-03 7.590416e-03 1.012709e-02 1.297587e-02 1.411307e-02 1.290863e-02 2.203911e-02 1.088895e-02 1.772409e-02 1.283562e-02 7.727890e-03 3.272008e-03 7.412591e-03 1.864050e-02 5.334141e-03 7.411854e-03 2.119038e-02 1.976950e-02 1.252173e-02 3.085996e-03 2.428257e-02 4.913556e-03 1.652815e-03 1.134765e-02 3.365193e-03 1.940109e-02 8.445653e-03 1.687504e-02 1.312041e-02 6.791439e-03 6.488015e-03 5.840077e-03 1.007420e-02 8.186816e-03 2.266023e-02 2.433644e-03 6.091654e-03 3.212780e-03 3.993046e-03 2.859774e-02 1.016243e-02 8.888945e-03 2.884774e-02 2.006781e-03 6.838008e-03 2.099850e-03 1.750218e-02 5.572536e-03 6.305666e-03 5.974844e-03 1.266276e-02 5.148808e-03 2.280891e-02 3.874870e-02 6.140842e-03 6.840236e-03 1.957855e-02 2.446807e-02 5.000480e-02 1.267411e-02 1.469416e-02 7.630901e-03 6.345835e-03 5.098845e-03 3.273557e-03 1.625924e-02 8.132915e-03 2.092434e-02 7.727645e-03 1.950973e-03 1.218282e-02 9.353497e-03 1.214739e-02 2.770758e-02 6.573491e-03 1.986546e-02 1.464037e-02 4.278953e-02 3.010210e-02 8.343393e-03 4.523134e-03 1.797024e-02 2.828025e-03 3.915965e-03 4.463714e-03 8.604285e-03 4.610979e-03 1.157796e-02 3.405733e-03 1.685501e-02 7.599886e-03
<GCONST> -3.971902e+02
<STATE> 3
<MEAN> 142
 5.689684e-01 3.821182e-01 4.077387e-01 4.318524e-01 3.743555e-01 2.821832e-01 3.762214e-01 3.925433e-01 3.669401e-01 4.137069e-01 4.512733e-01 3.821137e-01 3.418640e-01 4.418457e-01 3.936834e-01 3.998629e-01 3.952836e-01 3.439337e-01 3.542128e-01 3.486369e-01 5.004256e-01 5.191674e-01 3.790220e-01 4.669234e-01 5.273386e-01 3.974650e-01 4.493240e-01 4.100740e-01 3.887376e-01 3.594938e-01 4.499970e-01 4.761818e-01 4.595577e-01 5.324074e-01 4.492692e-01 4.660818e-01 4.565887e-01 3.261290e-01 3.897353e-01 3.981921e-01 3.628495e-01 4.789779e-01 3.716593e-01 3.304241e-01 1.999937e-01 4.152148e-01 5.123594e-01 4.296510e-01 4.874953e-01 3.712029e-01 4.919685e-01 3.823842e-01 4.098414e-01 3.254320e-01 4.720940e-01 4.036124e-01 4.617486e-01 3.692791e-01 3.672790e-01 3.631748e-01 3.960958e-01 5.498642e-01 4.292253e-01 4.171508e-01 3.940759e-01 4.583800e-01 3.908268e-01 4.886201e-01 4.712199e-01 3.763316e-01 4.491614e-01 4.068656e-01 3.981155e-01 4.039460e-01 2.968318e-01 3.509838e-01 4.693950e-01 4.681565e-01 5.142787e-01 4.973606e-01 4.522682e-01 4.059420e-01 3.674151e-01 4.807152e-01 3.399918e-01 3.963321e-01 4.280715e-01 4.010412e-01 4.589086e-01 3.419455e-01 3.239628e-01 3.889124e-01 3.556766e-01 3.664141e-01 4.824904e-01 4.167194e-01 4.732502e-01 2.929406e-01 4.779805e-01 4.934497e-01 4.321570e-01 4.996936e-01 3.999930e-01 3.670475e-01 3.748290e-01 3.942023e-01 3.570027e-01 4.181312e-01 4.119118e-01 4.190981e-01 4.037289e-01 3.177382e-01 4.044645e-01 4.099105e-01 4.031944e-01 3.662776e-01 3.364023e-01 5.032988e-01 3.860416e-01 4.336078e-01 4.689948e-01 4.436381e-01 4.991871e-01 3.461591e-01 4.012298e-01 4.303044e-01 3.580557e-01 3.723674e-01 3.556718e-01 4.339406e-01 4.362500e-01 4.041734e-01 3.632776e-01 4.443614e-01 4.143366e-01 5.133919e-01 3.993200e-01 4.520007e-01 4.334361e-01 4.381343e-01 5.053425e-01 4.373891e-01
<VARIANCE> 142
 5.465584e-02 4.395042e-03 6.328616e-03 1.674004e-02 1.907639e-02 1.240001e-02 8.947348e-03 1.705863e-02 3.846271e-03 1.429337e-02 5.641827e-03 1.232162e-02 1.332976e-02 7.242284e-03 1.593640e-02 1.449912e-02 7.283125e-03 3.767985e-03 1.205622e-02 1.913770e-02 5.438770e-03 8.977518e-03 2.867059e-03 5.667723e-03 4.296072e-03 9.538670e-03 4.593247e-03 1.263884e-02 9.435724e-03 1.295055e-02 1.000000e-03 2.220131e-02 2.271269e-02 2.678519e-02 7.907760e-03 1.799968e-02 1.498197e-02 8.107536e-03 1.651279e-02 1.620258e-02 8.333949e-03 8.495688e-03 8.826808e-03 2.324148e-02 1.088555e-02 6.211876e-03 8.834451e-03 5.748181e-03 1.029086e-02 1.090012e-02 5.554476e-03 1.125040e-02 4.730655e-03 5.219194e-03 1.773601e-02 8.834505e-03 1.575334e-02 5.060961e-03 8.483797e-03 3.183836e-02 5.669711e-03 1.551425e-02 1.402695e-02 1.153599e-02 8.150700e-03 1.186060e-02 6.619384e-03 2.522792e-02 1.128419e-02 3.356572e-03 2.325350e-03 1.891068e-02 7.893177e-03 5.688472e-03 1.592972e-02 1.228949e-02 7.153310e-03 9.100255e-03 9.404313e-03 8.202761e-03 4.193144e-03 5.694589e-03 4.481787e-03 7.917086e-03 1.144222e-02 2.449465e-02 3.221784e-03 3.870871e-03 6.538330e-03 8.720476e-03 2.082128e-02 1.878121e-02 3.285527e-03 1.199018e-02 6.125417e-03 8.175218e-03 3.044755e-03 1.105756e-02 1.735103e-02 6.207533e-03 8.854574e-03 7.032681e-03 7.455434e-03 8.018147e-03 5.219879e-03 4.194253e-03 1.955670e-02 6.677888e-03 6.603916e-03 1.012627e-02 9.519596e-03 1.343507e-02 2.132280e-02 7.721778e-03 1.327780e-02 3.499259e-03 8.171960e-03 1.055549e-02 8.735327e-03 7.632853e-03 4.499400e-03 1.275553e-02 1.712468e-02 1.471855e-02 8.576667e-03 8.882820e-03 6.109349e-03 5.091631e-03 1.903835e-02 4.895842e-03 3.803809e-03 3.869829e-03 2.040322e-02 6.072506e-03 1.208291e-02 1.128269e-02 1.080501e-02 4.853487e-03 9.780000e-03 7.710098e-03 2.015637e-02 1.331828e-02
<GCONST> -4.073489e+02
<TRANSP> 4
 0.000000e+00 1.000000e+00 0.000000e+00 0.000000e+00
 0.000000e+00 5.000000e-01 5.000000e-01 0.000000e+00
 0.000000e+00 0.000000e+00 5.000000e-01 5.000000e-01
 0.000000e+00 0.000000e+00 0.000000e+00 0.000000e+00
<ENDHMM>
