~o
<STREAMINFO> 1 142
<VECSIZE> 142<NULLD><USER><DIAGC>
~h "guess"
<BEGINHMM>
<NUMSTATES> 4
<STATE> 2
<MEAN> 142
 6.124229e-01 3.442839e-01 3.787445e-01 3.633556e-01 3.669465e-01 3.499141e-01 4.122578e-01 2.912996e-01 3.398506e-01 4.354595e-01 4.358789e-01 3.939170e-01 3.651057e-01 4.522732e-01 3.591452e-01 3.114592e-01 3.801147e-01 3.715168e-01 3.175289e-01 3.305807e-01 4.610949e-01 4.562529e-01 3.790497e-01 4.418015e-01 4.691262e-01 3.604227e-01 4.423824e-01 3.737902e-01 3.910588e-01 3.606309e-01 4.742621e-01 3.732828e-01 4.050243e-01 4.420322e-01 4.389369e-01 3.532054e-01 3.944418e-01 3.067399e-01 3.616113e-01 3.593226e-01 3.218721e-01 4.415718e-01 3.565624e-01 2.988655e-01 2.499699e-01 3.854503e-01 4.548170e-01 3.961277e-01 4.225419e-01 3.516706e-01 4.904473e-01 3.376917e-01 3.913573e-01 2.906762e-01 4.202268e-01 3.283064e-01 4.307663e-01 3.317573e-01 3.699656e-01 3.938763e-01 3.980880e-01 4.419270e-01 3.664511e-01 3.596843e-01 3.580795e-01 4.350867e-01 3.405388e-01 4.397200e-01 4.489019e-01 3.874595e-01 4.270712e-01 4.310400e-01 4.332527e-01 3.841593e-01 2.974470e-01 3.683025e-01 4.752121e-01 3.866996e-01 4.553027e-01 4.160171e-01 4.201955e-01 3.735623e-01 3.493483e-01 4.601255e-01 3.647794e-01 4.428718e-01 3.788794e-01 4.307716e-01 4.766165e-01 3.770732e-01 3.372462e-01 3.813472e-01 3.847601e-01 3.236927e-01 4.323041e-01 4.007636e-01 4.212243e-01 2.690288e-01 4.761730e-01 4.166139e-01 3.757325e-01 4.584827e-01 3.348987e-01 3.532743e-01 3.313173e-01 3.422640e-01 3.654294e-01 3.674017e-01 4.081531e-01 4.237652e-01 3.808334e-01 3.468769e-01 3.713185e-01 3.664170e-01 3.484399e-01 4.030648e-01 3.410807e-01 4.579641e-01 3.930000e-01 4.180582e-01 4.185086e-01 4.293120e-01 3.935206e-01 4.265199e-01 4.148533e-01 3.831397e-01 3.983983e-01 3.360331e-01 3.180871e-01 4.154454e-01 3.857118e-01 4.071335e-01 3.826019e-01 3.591861e-01 3.579182e-01 4.197674e-01 4.450454e-01 4.102132e-01 3.971716e-01 3.785405e-01 4.474864e-01 4.076900e-01
<VARIANCE> 142
 2.964400e-02 1.106846e-02 8.729938e-03 1.347562e-02 1.196709e-02 3.598731e-02 1.316023e-02 9.777787e-03 5.971881e-03 6.911046e-03 1.051871e-02 1.656301e-02 8.405118e-03 9.460402e-03 1.206653e-02 1.048629e-02 4.505318e-03 8.626085e-03 1.365071e-02 8.382631e-03 8.101232e-03 1.581099e-02 1.046981e-02 1.196781e-02 7.196974e-03 4.362630e-03 1.065716e-02 1.098194e-02 7.447990e-03 8.765397e-03 6.622100e-03 1.040563e-02 1.850080e-02 1.477249e-02 1.949712e-03 1.317799e-02 1.904688e-02 1.003384e-02 1.852005e-02 2.840796e-02 8.926790e-03 1.539372e-02 6.524966e-03 1.246094e-02 1.446526e-02 7.880533e-03 1.125278e-02 1.485121e-02 2.062671e-02 5.795090e-03 2.430947e-03 1.281569e-02 7.604794e-03 3.688124e-03 7.058266e-03 3.198805e-03 1.771391e-02 1.606859e-02 1.131837e-02 3.635127e-02 6.802893e-03 2.979486e-03 6.518007e-03 5.221843e-03 8.958255e-03 4.390668e-03 1.688480e-02 1.919196e-02 6.715527e-03 9.248090e-03 6.562237e-03 3.130375e-02 7.492817e-03 3.523000e-03 1.605941e-02 8.313159e-03 5.036862e-03 2.597752e-02 7.595491e-03 2.324215e-02 7.343079e-03 1.168057e-02 7.790873e-03 4.728713e-03 1.513660e-02 1.802254e-02 4.097496e-03 3.815551e-03 3.692163e-03 2.399503e-02 2.534906e-02 2.920324e-02 8.488918e-03 7.130831e-03 6.926851e-03 7.352630e-03 5.527026e-03 8.587467e-03 2.732363e-02 5.221877e-03 1.407593e-02 5.431123e-03 6.432965e-03 7.178345e-03 2.597461e-02 1.409002e-02 1.637389e-02 9.912071e-03 1.029403e-02 2.657872e-02 6.405462e-03 1.793300e-02 1.224645e-02 2.031688e-02 5.187022e-03 1.363590e-02 1.341812e-02 1.389500e-02 4.817899e-03 8.703531e-03 1.106155e-02 5.566752e-03 1.406582e-02 6.690346e-02 1.970392e-02 6.859370e-03 8.824746e-03 1.235253e-02 1.197099e-02 1.666310e-02 1.396508e-02 1.051389e-02 2.267484e-02 1.088011e-02 1.104187e-02 1.635648e-02 1.222407e-02 9.118723e-03 2.755275e-02 1.026523e-02 1.023731e-02 5.917047e-03
<GCONST> -3.874487e+02
<STATE> 3
<MEAN> 142
 5.569851e-01 3.593637e-01 3.963080e-01 3.431734e-01 3.587300e-01 3.801023e-01 4.393617e-01 3.147317e-01 4.136458e-01 3.941752e-01 4.627728e-01 5.046579e-01 4.221503e-01 5.050023e-01 3.903322e-01 3.739508e-01 4.018032e-01 4.377810e-01 3.555143e-01 4.066230e-01 4.565271e-01 4.040170e-01 3.913240e-01 4.500312e-01 4.585985e-01 4.215971e-01 4.040742e-01 4.583934e-01 4.384024e-01 5.009335e-01 4.574879e-01 3.694025e-01 4.612156e-01 4.159071e-01 4.339451e-01 3.717186e-01 3.772337e-01 3.454268e-01 3.927275e-01 4.614236e-01 3.791551e-01 4.389309e-01 3.975251e-01 3.024880e-01 3.336168e-01 4.306385e-01 4.064865e-01 4.351035e-01 4.050677e-01 3.806013e-01 5.115022e-01 4.294232e-01 4.362407e-01 3.435507e-01 4.616749e-01 4.062015e-01 3.646112e-01 3.456326e-01 3.342511e-01 3.779309e-01 4.881096e-01 4.583174e-01 3.694243e-01 4.070576e-01 4.779747e-01 4.540258e-01 3.846195e-01 4.289560e-01 4.172623e-01 4.153978e-01 5.113867e-01 4.225558e-01 3.646229e-01 4.496981e-01 3.330174e-01 3.897713e-01 4.728583e-01 4.582534e-01 4.115050e-01 4.297583e-01 5.245063e-01 3.710964e-01 3.819626e-01 4.003459e-01 4.390690e-01 4.233527e-01 4.342104e-01 4.674505e-01 4.704557e-01 4.123342e-01 4.185969e-01 3.508902e-01 5.276415e-01 4.410698e-01 4.372985e-01 5.168859e-01 4.754897e-01 3.898713e-01 4.620707e-01 4.848321e-01 4.073646e-01 4.104806e-01 3.939880e-01 4.374840e-01 3.525737e-01 2.674330e-01 3.762717e-01 4.234457e-01 4.142341e-01 3.871499e-01 4.084781e-01 4.261951e-01 4.517644e-01 3.726673e-01 3.766094e-01 4.875901e-01 3.968486e-01 4.133125e-01 4.888567e-01 3.958554e-01 4.005785e-01 4.662093e-01 4.235710e-01 4.518817e-01 3.965857e-01 3.870785e-01 4.886847e-01 4.517820e-01 4.484936e-01 3.990498e-01 4.901806e-01 4.541050e-01 4.683408e-01 4.591193e-01 4.288092e-01 4.236181e-01 4.771149e-01 4.482403e-01 4.828193e-01 3.543279e-01 4.180458e-01 4.474944e-01
<VARIANCE> 142
 2.980057e-02 6.989023e-03 1.175484e-02 9.426146e-03 1.898260e-02 1.301210e-02 3.254042e-02 1.432206e-02 6.184716e-03 6.379312e-03 1.476873e-02 8.999330e-03 5.699528e-03 1.323058e-02 1.333771e-02 3.070688e-02 3.268868e-03 1.402335e-02 9.936036e-03 7.575605e-03 2.362504e-02 2.714351e-02 8.551409e-03 7.668674e-03 3.630518e-03 3.547641e-03 1.034577e-02 2.005639e-02 1.852272e-02 8.068670e-03 2.947450e-03 6.963580e-03 2.484597e-02 7.184485e-03 3.145458e-03 1.106081e-02 1.011571e-02 1.543812e-02 9.517743e-03 3.431084e-02 1.023611e-02 8.682750e-03 1.467850e-02 7.959781e-03 9.090816e-03 3.651633e-03 8.337664e-03 1.300119e-02 1.551716e-02 8.453905e-03 9.582257e-03 1.202173e-02 7.665836e-03 6.953180e-03 7.400861e-03 6.040793e-03 1.367143e-02 7.348081e-03 5.611755e-03 2.064491e-02 2.197853e-02 5.330964e-03 4.114496e-03 1.066324e-02 1.933146e-02 1.839842e-02 1.782269e-02 1.647073e-02 7.876121e-03 1.008619e-02 5.682841e-03 1.884145e-02 5.068694e-03 6.412319e-03 9.126819e-03 7.053790e-03 8.018867e-03 2.181333e-02 5.909058e-03 2.866258e-02 1.168600e-02 7.901764e-03 1.758518e-02 4.280768e-03 1.828866e-02 1.869834e-02 2.549034e-03 2.995695e-03 4.453945e-03 9.114662e-03 1.362805e-02 1.558154e-02 1.483072e-02 2.417172e-02 7.163443e-03 7.712658e-03 5.545919e-03 2.223650e-02 1.380486e-02 5.930658e-03 8.714869e-03 8.708485e-03 8.708503e-03 7.700974e-03 1.276782e-02 7.249581e-03 1.673164e-02 7.237409e-03 9.467095e-03 1.664407e-02 6.932830e-03 1.859008e-02 3.397858e-02 1.012120e-02 4.819584e-03 1.377896e-02 1.754251e-02 1.325061e-02 6.362970e-03 5.235015e-03 7.298387e-03 4.657356e-03 1.247234e-02 2.783893e-02 1.224366e-02 3.241258e-03 1.000137e-02 3.225160e-02 3.607209e-02 6.677107e-03 3.215215e-02 4.767889e-03 1.740445e-02 1.498086e-02 1.021274e-02 1.091770e-02 1.898203e-02 7.915799e-03 4.558659e-02 8.489222e-03 6.466301e-03 1.055767e-02
<GCONST> -3.872635e+02
<TRANSP> 4
 0.000000e+00 1.000000e+00 0.000000e+00 0.000000e+00
 0.000000e+00 5.000000e-01 5.000000e-01 0.000000e+00
 0.000000e+00 0.000000e+00 5.000000e-01 5.000000e-01
 0.000000e+00 0.000000e+00 0.000000e+00 0.000000e+00
<ENDHMM>
