~o
<STREAMINFO> 1 142
<VECSIZE> 142<NULLD><USER><DIAGC>
~h "hat"
<BEGINHMM>
<NUMSTATES> 4
<STATE> 2
<MEAN> 142
 4.963391e-01 3.147481e-01 3.615762e-01 3.946918e-01 3.974185e-01 3.968202e-01 4.066733e-01 2.897388e-01 3.929596e-01 3.879108e-01 4.661758e-01 4.128168e-01 3.698896e-01 4.743449e-01 3.956382e-01 3.536689e-01 4.082440e-01 3.900362e-01 4.251801e-01 3.812317e-01 4.600030e-01 4.271406e-01 3.902909e-01 4.283876e-01 5.268112e-01 3.916073e-01 4.724391e-01 4.139936e-01 4.003654e-01 4.093417e-01 4.452113e-01 3.439779e-01 3.555272e-01 4.896252e-01 3.711239e-01 3.671127e-01 4.040348e-01 3.641802e-01 4.111005e-01 4.842612e-01 4.240918e-01 4.653105e-01 3.893967e-01 3.480431e-01 2.710644e-01 3.955628e-01 3.954923e-01 4.353785e-01 4.632924e-01 3.555637e-01 4.961843e-01 3.938062e-01 4.405712e-01 3.353621e-01 4.590530e-01 3.668157e-01 4.212118e-01 4.176448e-01 3.872478e-01 3.987523e-01 3.946473e-01 4.453249e-01 4.097022e-01 4.512685e-01 4.567729e-01 4.702801e-01 4.245881e-01 4.742851e-01 4.241601e-01 4.634996e-01 4.605335e-01 3.825678e-01 4.011557e-01 3.687277e-01 3.229971e-01 3.884323e-01 4.083108e-01 3.687537e-01 4.813823e-01 4.303680e-01 5.063643e-01 3.989148e-01 3.758454e-01 4.009893e-01 4.465535e-01 3.956382e-01 3.587143e-01 4.005181e-01 4.981317e-01 3.508304e-01 3.145552e-01 3.099719e-01 4.373813e-01 3.952007e-01 3.834740e-01 4.296189e-01 4.344114e-01 3.283953e-01 4.975053e-01 4.560505e-01 3.793960e-01 4.792685e-01 3.075689e-01 4.250450e-01 3.654982e-01 3.042026e-01 4.543515e-01 4.108290e-01 3.895532e-01 4.997106e-01 3.663446e-01 3.533309e-01 3.995682e-01 3.875633e-01 3.450115e-01 4.063008e-01 3.908066e-01 3.918157e-01 4.505867e-01 3.931816e-01 4.460928e-01 4.043122e-01 3.914841e-01 4.208854e-01 4.743508e-01 3.819623e-01 4.132471e-01 3.926562e-01 4.220147e-01 4.231326e-01 4.414814e-01 3.475909e-01 3.600315e-01 3.958203e-01 4.226350e-01 4.338445e-01 4.290277e-01 4.049930e-01 4.879945e-01 4.070076e-01 3.820084e-01 4.147101e-01
<VARIANCE> 142
 8.568888e-03 1.202887e-02 1.231346e-02 1.170256e-02 1.125377e-02 3.615402e-02 1.519093e-02 2.323955e-02 1.365166e-03 2.820075e-03 9.346328e-03 1.505740e-02 7.034248e-03 1.781941e-02 8.585413e-03 1.926077e-02 2.169158e-02 1.342065e-02 2.536123e-02 1.032478e-02 1.544717e-02 2.293801e-02 5.856071e-03 6.802280e-03 8.065449e-03 1.959232e-03 1.507136e-02 2.531105e-02 1.031835e-02 1.798381e-02 1.745086e-03 1.065815e-02 5.566591e-03 1.207889e-02 4.860223e-03 9.407751e-03 9.350673e-03 1.308601e-02 4.836092e-03 5.853297e-02 2.126234e-03 1.442367e-02 1.353179e-02 1.981062e-02 3.899762e-03 1.453250e-02 6.357666e-03 2.163800e-02 3.308815e-02 1.780720e-02 4.322895e-03 1.005589e-02 5.246756e-03 9.787126e-03 3.502856e-03 1.049185e-02 3.508389e-02 2.896598e-02 1.494102e-02 1.930543e-02 1.122078e-02 9.612623e-03 1.929719e-03 7.153274e-03 1.024679e-02 3.829746e-02 1.023304e-02 3.187380e-02 5.492261e-03 6.036950e-03 7.108536e-03 1.658130e-03 8.698516e-03 8.751769e-03 7.635476e-03 1.740650e-03 3.163916e-03 8.025933e-03 6.633434e-03 1.163056e-02 4.629287e-03 2.994947e-03 1.013372e-02 1.737891e-02 2.380974e-03 1.092593e-02 2.238947e-03 3.774506e-03 7.172242e-03 8.373785e-03 2.826995e-02 6.537910e-03 1.226111e-02 2.567392e-02 6.390597e-03 7.723636e-03 2.152669e-03 1.129467e-02 6.695333e-03 9.649649e-03 1.973513e-03 1.199668e-02 1.761396e-03 1.346649e-02 1.104149e-02 8.888848e-03 1.286350e-02 1.039936e-02 3.217971e-02 6.138396e-02 7.057051e-03 1.189873e-02 1.165990e-02 1.738756e-02 1.310514e-02 5.928719e-03 1.308920e-02 6.165992e-03 1.866536e-02 1.297512e-02 4.223643e-03 3.183651e-02 1.389805e-02 1.325739e-02 2.673479e-02 7.504908e-03 1.363105e-02 1.231299e-02 3.943549e-02 2.742276e-02 3.133073e-02 6.890798e-03 1.283060e-02 5.306368e-03 3.982308e-03 4.628304e-03 7.208820e-03 1.074872e-02 4.576534e-02 1.258604e-02 3.182592e-02 8.525954e-03
<GCONST> -3.950421e+02
<STATE> 3
<MEAN> 142
 5.639620e-01 4.115758e-01 3.909325e-01 3.262289e-01 3.410392e-01 3.363064e-01 3.643794e-01 3.790464e-01 3.703659e-01 4.123800e-01 4.824321e-01 4.580619e-01 4.282648e-01 4.940037e-01 3.761797e-01 3.939876e-01 4.427496e-01 4.676450e-01 3.269301e-01 3.848930e-01 3.932264e-01 3.921939e-01 3.651289e-01 4.361129e-01 4.761432e-01 4.280520e-01 4.355438e-01 4.887062e-01 4.356400e-01 4.463807e-01 4.853361e-01 4.240052e-01 3.926008e-01 4.582802e-01 4.353999e-01 3.288784e-01 3.601627e-01 4.061324e-01 3.952590e-01 4.353265e-01 4.142786e-01 4.434026e-01 3.819724e-01 3.071101e-01 3.242321e-01 4.489495e-01 3.943520e-01 4.223130e-01 3.806015e-01 3.676133e-01 4.828334e-01 4.564450e-01 4.661396e-01 2.927012e-01 4.556610e-01 4.770581e-01 4.034887e-01 3.223600e-01 3.386993e-01 3.442073e-01 4.513622e-01 4.813336e-01 4.082435e-01 4.434409e-01 4.830369e-01 4.631846e-01 4.452949e-01 3.928744e-01 4.025952e-01 4.372384e-01 5.129117e-01 4.089885e-01 4.049501e-01 4.213778e-01 3.420588e-01 4.000001e-01 4.464222e-01 3.880266e-01 4.236794e-01 4.219029e-01 5.440252e-01 3.586772e-01 4.090366e-01 3.615233e-01 4.279247e-01 3.826309e-01 3.921473e-01 4.351315e-01 4.619491e-01 3.489814e-01 3.904756e-01 3.388183e-01 5.338593e-01 4.136173e-01 4.221534e-01 5.399403e-01 4.703548e-01 4.001161e-01 4.246107e-01 4.245054e-01 4.190184e-01 4.041702e-01 3.205076e-01 4.304100e-01 3.260580e-01 2.553112e-01 3.969757e-01 4.327964e-01 3.900176e-01 3.683838e-01 3.835557e-01 4.090639e-01 4.021009e-01 3.479541e-01 4.006646e-01 4.820083e-01 4.317911e-01 3.803537e-01 4.875889e-01 3.546056e-01 3.916607e-01 4.957344e-01 4.185248e-01 4.439928e-01 4.168479e-01 4.163940e-01 4.878869e-01 4.465304e-01 4.506189e-01 4.076009e-01 4.367241e-01 4.241633e-01 4.308816e-01 4.786091e-01 4.014954e-01 4.209360e-01 4.659718e-01 4.476596e-01 4.286991e-01 3.478790e-01 3.952368e-01 4.640202e-01
<VARIANCE> 142
 1.118729e-02 1.630891e-02 1.096151e-02 7.502380e-03 1.404646e-02 1.245347e-02 1.733611e-02 1.981014e-02 3.652511e-03 5.682821e-03 1.260527e-02 1.063383e-02 1.050200e-02 6.702729e-03 2.637280e-02 2.487399e-02 1.225851e-02 1.642331e-02 1.299353e-02 6.204401e-03 1.344007e-02 1.982683e-02 6.204814e-03 9.340598e-03 2.494186e-03 2.275413e-03 3.990785e-03 1.397461e-02 5.058017e-03 7.443799e-03 2.191811e-03 3.552240e-03 2.740944e-02 8.029099e-03 6.969150e-03 1.390621e-02 4.086776e-03 2.443073e-02 9.663649e-03 1.744388e-02 1.522522e-02 6.220013e-03 1.853154e-02 8.176495e-03 1.977431e-02 1.541726e-02 1.187416e-02 2.115580e-02 2.014329e-02 1.044801e-02 1.018457e-02 1.442648e-02 1.031256e-02 1.099711e-02 8.680068e-03 6.858415e-03 1.549215e-02 6.397914e-03 8.058618e-03 1.301778e-02 2.381068e-02 8.638144e-03 9.933670e-03 5.610728e-03 2.725875e-02 2.135377e-02 2.718630e-02 1.055386e-02 8.770819e-03 1.639368e-02 1.244536e-02 7.006288e-03 6.199719e-03 5.194195e-03 1.125654e-02 8.081060e-03 1.594207e-02 1.352141e-02 7.930599e-03 1.433329e-02 1.577734e-02 6.545471e-03 3.965437e-02 1.614511e-03 9.689231e-03 2.025877e-02 3.314628e-03 5.935321e-03 2.742692e-03 5.214393e-03 2.260509e-02 8.944093e-03 2.170273e-02 1.452654e-02 6.429076e-03 1.230384e-02 4.516259e-03 1.674257e-02 8.845098e-03 6.024420e-03 7.348699e-03 1.150820e-02 5.903990e-03 1.167538e-02 1.166546e-02 2.371387e-03 1.265861e-02 9.067151e-03 1.092392e-02 1.378452e-02 1.261770e-02 1.458564e-02 5.029467e-02 4.758146e-03 7.633782e-03 1.452503e-02 1.702006e-02 1.417878e-02 1.295843e-02 2.279217e-03 4.983958e-03 4.979991e-03 1.080009e-02 1.734560e-02 2.239938e-02 5.827393e-03 1.553898e-02 4.542654e-02 3.224614e-02 5.885521e-03 2.412764e-02 7.080179e-03 2.647938e-02 1.378871e-02 9.287342e-03 7.851862e-03 1.403473e-02 2.544601e-02 2.751690e-02 4.469907e-03 1.138677e-02 1.714948e-02
<GCONST> -3.861454e+02
<TRANSP> 4
 0.000000e+00 1.000000e+00 0.000000e+00 0.000000e+00
 0.000000e+00 5.000000e-01 5.000000e-01 0.000000e+00
 0.000000e+00 0.000000e+00 5.000000e-01 5.000000e-01
 0.000000e+00 0.000000e+00 0.000000e+00 0.000000e+00
<ENDHMM>
