~o
<STREAMINFO> 1 142
<VECSIZE> 142<NULLD><USER><DIAGC>
~h "he"
<BEGINHMM>
<NUMSTATES> 4
<STATE> 2
<MEAN> 142
 8.377841e-01 3.597415e-01 4.354815e-01 4.045202e-01 2.926188e-01 3.908431e-01 5.066790e-01 3.710350e-01 2.928169e-01 3.358751e-01 4.478209e-01 4.893315e-01 4.336017e-01 4.112026e-01 2.717016e-01 3.591192e-01 3.349245e-01 3.909978e-01 3.503218e-01 4.741933e-01 4.957874e-01 4.416173e-01 4.562500e-01 4.119191e-01 4.180563e-01 3.841594e-01 4.064595e-01 4.160559e-01 3.286098e-01 3.048961e-01 4.375392e-01 4.681602e-01 6.004831e-01 3.667771e-01 4.030213e-01 3.725227e-01 2.888765e-01 2.734717e-01 2.751629e-01 3.225703e-01 2.459121e-01 3.765435e-01 2.768965e-01 4.671897e-01 3.365999e-01 4.301937e-01 4.314375e-01 4.010995e-01 3.851660e-01 3.392375e-01 5.018682e-01 4.482161e-01 3.695545e-01 2.336167e-01 5.584649e-01 3.244224e-01 5.296244e-01 4.231459e-01 4.088570e-01 2.995238e-01 5.590933e-01 4.811642e-01 3.881430e-01 4.146662e-01 3.949928e-01 5.126343e-01 3.065034e-01 4.344849e-01 5.024562e-01 2.894876e-01 4.862200e-01 5.679545e-01 3.938003e-01 4.167747e-01 4.399863e-01 3.992426e-01 5.299518e-01 4.278228e-01 4.220616e-01 4.300231e-01 3.949108e-01 3.625734e-01 3.679944e-01 4.700023e-01 3.475582e-01 5.399762e-01 4.229911e-01 4.338334e-01 4.108810e-01 4.437004e-01 3.881105e-01 4.659554e-01 3.752961e-01 4.057638e-01 4.314148e-01 4.688790e-01 4.413978e-01 2.883694e-01 3.440389e-01 4.131207e-01 3.308174e-01 5.001971e-01 4.020714e-01 2.783684e-01 3.187755e-01 3.200034e-01 4.080461e-01 3.185522e-01 4.370506e-01 4.658516e-01 4.219954e-01 4.114279e-01 3.948690e-01 3.225455e-01 3.568467e-01 3.906734e-01 3.519095e-01 3.629490e-01 4.441858e-01 4.416183e-01 4.131322e-01 5.374215e-01 5.353573e-01 4.795394e-01 5.542145e-01 4.893213e-01 4.014445e-01 3.293527e-01 3.151017e-01 5.138249e-01 4.733434e-01 3.505563e-01 5.099774e-01 3.925733e-01 3.319218e-01 3.847396e-01 5.395836e-01 3.575391e-01 4.170698e-01 3.538112e-01 5.000121e-01 5.512562e-01
<VARIANCE> 142
 3.492486e-02 4.917824e-03 4.916131e-03 9.033682e-03 2.596276e-02 4.260437e-03 3.224654e-02 1.739880e-03 2.359086e-03 1.766083e-03 1.000000e-03 1.578175e-03 2.902880e-03 1.681916e-03 1.302710e-02 9.965967e-03 5.530057e-03 4.512870e-03 3.749535e-03 3.267295e-03 1.000000e-03 1.676345e-03 1.303203e-03 4.272439e-03 1.612982e-03 1.590281e-03 2.623366e-03 8.330002e-03 2.643345e-03 4.151297e-03 1.000000e-03 4.668806e-03 1.181361e-02 9.701188e-03 1.388875e-03 3.608943e-03 4.633096e-03 6.500504e-03 4.361084e-03 4.598934e-02 5.309745e-03 2.353820e-03 2.402611e-03 4.229019e-03 3.940185e-02 1.649234e-03 1.218482e-03 8.261372e-03 1.916167e-03 8.719930e-03 5.305060e-03 2.646059e-03 1.615848e-03 2.842695e-03 4.943689e-03 8.350751e-03 7.515123e-03 2.485875e-03 2.620517e-03 1.927436e-02 1.971746e-02 1.000000e-03 3.617303e-03 1.760290e-03 2.674951e-03 2.723617e-03 7.008764e-03 7.033335e-03 2.045860e-03 2.798814e-03 1.127243e-03 7.275823e-03 6.487400e-03 6.921579e-03 2.288483e-03 2.351260e-03 1.015715e-03 4.389582e-03 2.892489e-03 1.084527e-03 2.442765e-03 2.518054e-03 6.183507e-03 5.621674e-03 4.186683e-02 4.161897e-03 1.000000e-03 1.604587e-03 2.209628e-03 9.582457e-03 7.549487e-03 5.169564e-03 1.545525e-02 4.593397e-03 8.047949e-03 1.000000e-03 1.066347e-02 1.509468e-03 5.340790e-03 1.775163e-03 1.797276e-03 1.876529e-03 3.900033e-03 4.532832e-03 3.083411e-03 4.404649e-03 7.402274e-03 5.090407e-03 1.701656e-03 3.037721e-02 7.802342e-03 4.612146e-03 2.942859e-02 1.000000e-03 1.589820e-03 3.936592e-03 7.033908e-03 2.844026e-03 1.077216e-03 8.584400e-03 4.575567e-03 1.744594e-03 9.060504e-03 3.869976e-03 2.634766e-02 3.110749e-03 3.523081e-03 1.115319e-03 2.529337e-03 1.442571e-02 1.693727e-02 2.472716e-03 6.110153e-03 1.000000e-03 2.091429e-03 1.366460e-03 2.979545e-02 8.324394e-03 5.758973e-02 1.037855e-03 2.325218e-03 1.129440e-02
<GCONST> -5.195101e+02
<STATE> 3
<MEAN> 142
 4.950083e-01 4.229044e-01 3.145950e-01 2.909161e-01 2.690601e-01 2.599727e-01 3.007241e-01 4.335481e-01 3.890126e-01 4.872227e-01 4.868182e-01 4.393649e-01 3.921820e-01 4.344825e-01 4.343276e-01 3.794665e-01 4.944828e-01 5.018373e-01 3.420992e-01 3.438097e-01 4.691293e-01 4.151271e-01 3.404855e-01 4.285339e-01 5.040689e-01 3.836350e-01 4.267056e-01 4.056188e-01 4.802437e-01 3.689368e-01 4.983277e-01 4.599847e-01 3.205360e-01 5.764428e-01 4.461632e-01 4.576176e-01 4.300085e-01 4.694875e-01 4.797104e-01 4.254320e-01 4.053412e-01 5.482331e-01 3.854782e-01 3.398159e-01 2.207366e-01 4.308740e-01 3.740840e-01 4.784470e-01 3.915742e-01 3.181723e-01 4.438268e-01 5.106933e-01 4.646687e-01 3.054985e-01 3.661293e-01 4.924538e-01 4.503313e-01 3.522500e-01 3.230145e-01 2.873914e-01 3.758135e-01 4.944616e-01 4.917627e-01 4.423769e-01 4.818749e-01 4.139188e-01 4.790352e-01 3.788545e-01 3.629196e-01 4.561699e-01 4.813568e-01 3.807777e-01 4.473097e-01 4.233789e-01 3.065388e-01 3.500400e-01 4.436701e-01 3.683043e-01 4.742842e-01 4.795431e-01 4.554332e-01 3.378434e-01 5.458884e-01 3.734211e-01 3.637612e-01 3.410581e-01 4.581299e-01 4.315835e-01 4.522513e-01 3.606478e-01 3.923929e-01 3.521081e-01 4.093999e-01 3.548345e-01 3.854146e-01 4.411062e-01 4.277372e-01 3.897290e-01 4.955622e-01 4.095982e-01 4.442354e-01 5.293011e-01 3.173281e-01 4.401343e-01 3.695552e-01 2.909541e-01 3.750440e-01 4.271119e-01 4.070173e-01 3.684148e-01 4.244084e-01 3.732450e-01 3.152486e-01 3.801324e-01 4.432485e-01 3.616492e-01 3.913456e-01 4.429654e-01 4.655573e-01 4.021877e-01 4.102479e-01 4.615366e-01 4.212574e-01 3.683110e-01 3.972560e-01 4.768015e-01 4.276160e-01 4.183572e-01 4.113232e-01 4.717161e-01 4.232549e-01 3.222212e-01 4.172007e-01 4.394112e-01 4.407511e-01 4.777601e-01 3.854744e-01 5.000604e-01 4.283985e-01 4.110184e-01 3.741941e-01 4.102674e-01
<VARIANCE> 142
 1.913538e-02 3.267119e-02 2.723793e-03 5.849012e-03 2.792327e-03 2.315850e-03 8.386786e-03 4.912486e-03 3.335819e-03 4.979376e-03 6.052793e-03 1.365091e-02 2.552297e-02 1.644822e-03 2.301724e-02 1.016336e-02 3.915456e-03 1.081999e-02 6.029470e-03 1.478901e-02 5.728113e-03 1.376485e-02 5.864080e-03 1.990410e-03 1.005678e-03 4.481258e-03 1.267199e-02 1.793479e-02 7.504498e-03 1.596903e-02 1.083744e-03 1.016359e-03 1.316584e-02 2.837347e-02 7.578263e-03 1.221754e-02 1.116193e-02 2.896819e-02 1.644876e-02 1.258335e-02 6.103676e-03 6.992482e-03 1.325546e-02 3.225260e-03 1.700788e-02 1.162411e-02 2.520748e-03 3.905423e-02 1.790086e-02 8.444507e-03 1.086514e-03 2.002083e-02 3.133096e-03 1.059577e-02 1.131928e-02 1.892316e-02 3.108999e-03 6.344425e-03 2.973204e-03 9.482241e-03 5.658226e-03 1.000000e-03 6.054315e-03 9.742328e-03 1.551980e-02 2.224305e-03 1.754496e-02 7.553780e-03 4.467079e-03 6.921307e-03 9.208279e-03 1.660061e-02 6.628654e-03 2.703988e-03 7.877901e-03 1.263861e-02 1.864289e-03 4.905014e-03 5.824585e-03 9.792416e-03 3.455607e-03 3.637663e-03 4.123857e-02 3.067763e-03 6.452817e-03 7.365319e-03 1.000000e-03 3.636930e-03 1.965920e-03 2.905357e-03 2.214356e-02 3.392928e-03 3.569913e-03 2.805826e-02 1.351837e-03 1.000000e-03 2.927785e-03 1.031737e-02 2.829062e-02 1.322527e-03 1.368107e-02 7.247202e-03 3.806219e-03 1.428571e-02 1.533625e-02 1.444906e-03 3.929574e-03 1.064785e-02 1.063695e-02 2.118015e-02 1.362302e-02 4.260419e-02 1.238717e-02 1.296906e-03 7.155231e-03 3.788878e-02 2.758957e-02 2.846802e-02 1.053100e-02 1.525364e-03 4.015524e-03 8.311580e-03 5.744088e-03 3.412680e-02 9.976958e-03 2.483009e-03 2.383010e-02 5.636531e-03 2.892007e-02 8.749151e-03 9.373358e-03 2.573218e-03 1.497054e-02 2.889925e-03 1.494347e-02 8.196546e-03 7.986953e-03 1.874925e-02 3.172713e-02 1.151042e-03 7.537214e-03 6.689976e-03
<GCONST> -4.408918e+02
<TRANSP> 4
 0.000000e+00 1.000000e+00 0.000000e+00 0.000000e+00
 0.000000e+00 5.000000e-01 5.000000e-01 0.000000e+00
 0.000000e+00 0.000000e+00 5.000000e-01 5.000000e-01
 0.000000e+00 0.000000e+00 0.000000e+00 0.000000e+00
<ENDHMM>
