~o
<STREAMINFO> 1 142
<VECSIZE> 142<NULLD><USER><DIAGC>
~h "hell"
<BEGINHMM>
<NUMSTATES> 4
<STATE> 2
<MEAN> 142
 8.419877e-01 3.543094e-01 3.820219e-01 3.358241e-01 1.849129e-01 3.696496e-01 4.151996e-01 4.234850e-01 3.259194e-01 3.759095e-01 4.522118e-01 4.613509e-01 4.143581e-01 4.728468e-01 2.264430e-01 3.655470e-01 3.591426e-01 3.872164e-01 3.402008e-01 4.983442e-01 5.330354e-01 5.047672e-01 4.460661e-01 4.674080e-01 4.455926e-01 4.659075e-01 4.096093e-01 3.404754e-01 3.595121e-01 3.658621e-01 4.605427e-01 5.197896e-01 5.500227e-01 4.057741e-01 4.206176e-01 3.612039e-01 2.664166e-01 2.470742e-01 2.936445e-01 2.593688e-01 2.137687e-01 3.707187e-01 2.657399e-01 4.320539e-01 2.609293e-01 4.303157e-01 4.297479e-01 3.815859e-01 3.774005e-01 3.415181e-01 4.419628e-01 4.404664e-01 4.652302e-01 2.366652e-01 5.539306e-01 3.409600e-01 4.928428e-01 3.937655e-01 3.706455e-01 2.618397e-01 5.177837e-01 4.992037e-01 3.535170e-01 3.965839e-01 3.456605e-01 4.909792e-01 3.183133e-01 3.667679e-01 4.711924e-01 3.117580e-01 4.918581e-01 5.508314e-01 4.688028e-01 4.577041e-01 4.029466e-01 4.178881e-01 5.063735e-01 4.644351e-01 4.662489e-01 4.017281e-01 3.698521e-01 3.806635e-01 3.211586e-01 4.801004e-01 2.787921e-01 5.385231e-01 4.029329e-01 4.208053e-01 4.035299e-01 3.720624e-01 4.204262e-01 3.798351e-01 3.920862e-01 3.870666e-01 3.730313e-01 4.883937e-01 3.652596e-01 2.908009e-01 3.708970e-01 4.556705e-01 3.333981e-01 5.619987e-01 3.961830e-01 2.885506e-01 2.846430e-01 3.647120e-01 3.980231e-01 3.351153e-01 3.874688e-01 3.757491e-01 4.486490e-01 4.166736e-01 3.005154e-01 2.762954e-01 3.615377e-01 3.927017e-01 4.048120e-01 4.083443e-01 3.837325e-01 4.451088e-01 4.186896e-01 5.892380e-01 5.073974e-01 3.988349e-01 4.825185e-01 4.267063e-01 4.025766e-01 2.813650e-01 3.079751e-01 4.889563e-01 3.886058e-01 3.684923e-01 4.463740e-01 4.055418e-01 3.061259e-01 3.531347e-01 5.012602e-01 3.159607e-01 2.756187e-01 3.696449e-01 4.858326e-01 5.767032e-01
<VARIANCE> 142
 3.175402e-02 1.000000e-03 3.801470e-03 3.260667e-03 4.489296e-03 1.457117e-02 1.666538e-02 4.138619e-03 2.557140e-03 6.040360e-03 1.656862e-02 1.000000e-03 4.120578e-03 1.412206e-02 6.972830e-03 5.851397e-03 4.787624e-03 1.908078e-03 2.241681e-03 5.456410e-03 3.839157e-03 4.815810e-03 2.989574e-03 7.528531e-03 8.239634e-03 4.840870e-03 2.446356e-03 3.195196e-03 5.197320e-03 4.035271e-03 3.152722e-03 2.921763e-03 1.912284e-02 5.626870e-03 2.055813e-03 7.420542e-03 7.915286e-03 5.184733e-03 7.518713e-03 1.346205e-02 6.186969e-03 2.197410e-03 4.309122e-03 1.148707e-02 8.537247e-03 7.507660e-03 2.672548e-03 4.324311e-03 2.819130e-03 1.150912e-03 1.609335e-03 4.708874e-03 6.474206e-03 2.987804e-03 1.276665e-02 4.566714e-03 3.276998e-03 2.918242e-03 8.581318e-03 4.963496e-03 8.178446e-03 4.404608e-03 1.390512e-03 3.413317e-03 2.590847e-03 4.638554e-03 4.984898e-03 2.641111e-03 5.334104e-03 4.373370e-03 2.480416e-03 1.724149e-02 2.064939e-03 5.700307e-03 3.581973e-03 6.214172e-03 8.871743e-03 4.762141e-03 2.816500e-03 4.526607e-03 3.723579e-03 4.188534e-03 4.824216e-03 1.964844e-03 8.111174e-03 8.975517e-03 1.403588e-03 2.337910e-03 2.475457e-03 7.311601e-03 6.271404e-03 5.715795e-03 1.814454e-03 9.191790e-03 2.364433e-03 2.030686e-03 3.098908e-03 1.694658e-03 4.619480e-03 1.956632e-03 2.526939e-03 6.972347e-03 1.872495e-03 4.804615e-03 3.345111e-03 3.018683e-03 6.111776e-03 7.460389e-03 1.949263e-03 4.945733e-03 2.634964e-03 2.973605e-03 6.797291e-03 1.117718e-03 1.545628e-03 4.265375e-03 2.898803e-03 7.209465e-03 2.072952e-03 1.841698e-03 2.778540e-03 3.711153e-03 9.409534e-03 1.795778e-02 1.230978e-02 2.016885e-03 3.526280e-03 4.567740e-03 1.440310e-03 3.739466e-03 8.403761e-03 1.000000e-03 3.317579e-02 2.688780e-03 1.599982e-03 1.744394e-03 7.121356e-03 2.641362e-03 1.182359e-02 7.730996e-03 5.084658e-03 1.003874e-02
<GCONST> -5.132275e+02
<STATE> 3
<MEAN> 142
 5.772609e-01 3.626669e-01 3.667111e-01 4.362637e-01 3.684660e-01 3.805416e-01 5.201617e-01 4.095187e-01 3.799042e-01 4.234247e-01 4.219513e-01 4.465665e-01 4.276445e-01 4.507276e-01 3.828959e-01 5.263413e-01 4.669304e-01 4.086961e-01 3.390492e-01 4.232592e-01 5.263543e-01 4.886369e-01 3.687496e-01 4.723668e-01 5.013081e-01 4.623839e-01 4.137056e-01 4.574050e-01 4.381753e-01 4.411055e-01 4.660413e-01 4.434883e-01 4.795237e-01 4.588196e-01 4.653197e-01 4.032755e-01 4.002125e-01 3.804177e-01 4.299046e-01 5.128964e-01 3.854347e-01 4.296158e-01 2.922190e-01 4.303765e-01 3.842020e-01 4.697562e-01 4.592317e-01 4.752287e-01 4.689956e-01 3.173944e-01 4.464752e-01 4.100523e-01 4.721515e-01 2.565554e-01 4.610371e-01 4.278829e-01 4.622194e-01 3.716262e-01 3.553732e-01 4.156610e-01 5.248093e-01 4.649865e-01 3.819075e-01 3.896031e-01 3.794928e-01 5.223283e-01 3.604530e-01 4.799678e-01 4.626602e-01 4.112813e-01 4.844510e-01 4.284582e-01 4.283659e-01 4.680851e-01 3.722171e-01 4.137176e-01 4.461575e-01 3.865924e-01 4.898765e-01 5.156726e-01 4.527096e-01 3.657750e-01 4.247491e-01 4.043882e-01 4.398790e-01 4.961075e-01 3.799416e-01 3.889816e-01 4.518794e-01 4.485901e-01 3.365421e-01 3.932320e-01 4.317197e-01 3.835435e-01 4.582427e-01 4.541689e-01 5.064179e-01 3.418067e-01 4.507914e-01 4.597503e-01 3.931614e-01 4.955621e-01 3.433771e-01 3.715737e-01 3.884744e-01 3.068214e-01 3.701178e-01 3.804662e-01 4.491420e-01 5.203428e-01 3.637635e-01 4.003583e-01 4.544704e-01 3.621468e-01 3.730015e-01 3.953657e-01 3.420089e-01 4.437828e-01 4.153835e-01 4.166690e-01 4.050865e-01 4.960055e-01 4.302510e-01 3.900397e-01 5.699592e-01 4.294344e-01 3.803775e-01 3.938564e-01 3.548733e-01 4.598880e-01 4.703028e-01 3.798170e-01 3.937515e-01 4.288198e-01 3.732029e-01 4.357839e-01 5.732499e-01 4.336453e-01 5.231441e-01 4.148023e-01 4.393322e-01 5.283536e-01
<VARIANCE> 142
 8.201919e-03 3.611784e-03 5.684391e-03 1.198825e-02 7.068402e-03 1.874736e-02 2.872184e-02 1.263963e-02 6.906998e-03 9.205881e-03 1.550220e-02 3.395381e-03 1.255566e-02 1.267551e-02 1.272293e-02 1.479372e-02 7.176368e-03 4.442718e-03 1.413459e-02 3.820265e-03 5.368902e-03 8.045786e-03 6.478155e-03 2.551275e-03 2.999752e-02 3.974130e-03 1.755209e-02 6.273865e-03 9.760862e-03 1.379806e-03 1.194229e-03 1.449340e-03 3.598521e-02 5.830855e-03 3.424193e-03 1.905503e-02 1.003293e-02 2.921869e-02 1.881518e-02 6.851112e-02 2.189359e-02 2.336974e-02 4.427996e-03 1.447446e-02 4.175859e-02 4.200609e-03 7.005975e-03 1.011598e-02 9.704866e-03 8.090476e-03 4.547730e-03 1.495495e-02 1.485746e-02 1.876544e-03 1.766612e-02 1.728559e-02 3.050409e-02 1.734632e-02 1.613174e-02 1.091008e-02 2.402582e-02 4.654772e-03 2.964446e-03 1.275484e-03 4.683706e-03 1.279378e-02 2.197546e-02 8.819208e-03 9.107833e-03 7.821177e-03 4.642030e-03 1.211168e-02 1.000000e-03 7.005632e-03 2.997111e-02 8.618397e-03 1.863050e-02 6.129064e-03 1.544383e-02 1.150557e-02 2.925934e-03 6.782815e-03 1.949517e-02 4.679601e-03 3.246571e-02 1.387773e-02 1.582718e-03 1.000000e-03 2.561743e-03 2.331718e-02 5.436313e-03 1.269628e-02 9.489997e-03 2.037177e-02 5.444658e-03 1.187326e-03 1.603939e-02 1.334632e-02 8.634053e-03 5.065987e-03 5.543058e-03 3.784454e-03 9.173446e-03 6.254791e-03 1.935371e-02 5.969225e-03 2.962508e-03 4.502664e-03 1.624502e-02 2.493615e-02 5.564000e-03 8.641762e-03 5.309349e-02 4.049674e-03 1.303648e-03 8.001495e-03 2.295562e-02 7.954191e-03 2.696064e-03 1.205678e-02 4.954629e-03 7.928202e-03 4.217361e-03 3.683860e-03 4.494192e-02 2.336301e-03 5.179974e-03 1.388954e-02 1.016582e-02 2.514958e-02 4.442212e-02 6.057635e-03 1.156349e-02 2.390928e-03 1.112611e-02 8.245173e-03 2.174060e-02 1.021492e-02 7.989928e-02 3.248750e-03 5.902652e-03 2.052590e-02
<GCONST> -4.146014e+02
<TRANSP> 4
 0.000000e+00 1.000000e+00 0.000000e+00 0.000000e+00
 0.000000e+00 5.000000e-01 5.000000e-01 0.000000e+00
 0.000000e+00 0.000000e+00 5.000000e-01 5.000000e-01
 0.000000e+00 0.000000e+00 0.000000e+00 0.000000e+00
<ENDHMM>
