~o
<STREAMINFO> 1 142
<VECSIZE> 142<NULLD><USER><DIAGC>
~h "help"
<BEGINHMM>
<NUMSTATES> 4
<STATE> 2
<MEAN> 142
 5.996587e-01 3.179916e-01 4.048470e-01 3.775800e-01 2.921629e-01 3.197429e-01 3.640372e-01 3.137664e-01 3.350710e-01 4.118467e-01 3.754264e-01 4.382273e-01 3.845237e-01 3.648405e-01 3.460744e-01 3.076817e-01 3.993607e-01 3.406139e-01 2.913634e-01 3.102812e-01 4.321168e-01 4.709505e-01 3.303203e-01 4.785376e-01 4.281764e-01 3.734789e-01 4.031513e-01 3.906257e-01 4.155508e-01 3.731298e-01 5.304990e-01 3.970332e-01 4.811709e-01 4.420016e-01 4.396157e-01 3.599924e-01 3.770075e-01 2.617687e-01 2.885303e-01 4.443645e-01 2.807024e-01 3.754283e-01 3.570417e-01 2.929426e-01 2.758707e-01 4.029762e-01 4.267406e-01 3.756767e-01 3.681524e-01 3.249898e-01 4.149945e-01 2.919802e-01 3.866354e-01 2.711869e-01 4.724112e-01 3.687839e-01 3.522137e-01 2.982027e-01 3.201182e-01 4.103649e-01 3.783778e-01 4.449053e-01 3.260897e-01 3.299606e-01 3.554736e-01 4.957989e-01 2.724429e-01 3.793770e-01 4.701221e-01 3.184370e-01 4.206275e-01 4.467662e-01 4.177290e-01 4.383378e-01 2.926303e-01 3.529242e-01 4.976458e-01 4.513348e-01 4.474812e-01 4.089649e-01 4.123633e-01 3.375145e-01 3.223780e-01 4.161709e-01 4.081928e-01 4.290659e-01 4.156878e-01 4.316159e-01 4.343424e-01 4.296464e-01 3.697414e-01 3.822070e-01 4.304425e-01 2.845479e-01 4.367644e-01 4.174913e-01 4.440758e-01 2.509220e-01 4.399890e-01 4.041837e-01 4.058323e-01 4.933587e-01 3.672910e-01 2.807449e-01 2.763751e-01 2.625814e-01 3.026373e-01 3.179987e-01 3.431856e-01 3.671704e-01 3.696919e-01 3.230398e-01 3.937572e-01 3.293710e-01 3.441525e-01 4.287800e-01 3.264213e-01 4.125414e-01 3.826631e-01 3.881997e-01 3.234304e-01 4.586616e-01 3.997336e-01 3.970400e-01 3.647549e-01 4.261233e-01 4.291965e-01 2.881246e-01 3.205653e-01 3.633913e-01 4.092041e-01 3.787002e-01 3.251108e-01 3.841460e-01 3.421885e-01 3.945539e-01 4.628494e-01 3.686064e-01 3.685355e-01 3.539458e-01 4.379498e-01 4.278311e-01
<VARIANCE> 142
 2.308690e-02 1.712966e-02 9.946522e-03 1.711229e-02 4.311176e-03 1.797747e-02 1.627541e-02 7.578299e-03 5.909356e-03 7.652873e-03 7.676619e-03 6.809737e-03 2.204592e-03 2.391247e-03 2.083046e-02 5.822669e-03 2.442737e-03 7.380228e-03 2.895290e-03 9.852623e-03 6.550163e-03 9.903434e-03 6.616019e-03 1.843659e-02 1.025074e-03 6.246284e-03 1.043745e-02 3.354633e-03 1.788358e-02 4.371455e-03 1.103514e-02 1.225364e-02 7.470199e-03 5.538388e-03 1.000000e-03 3.202545e-03 1.081297e-02 8.379173e-03 1.062160e-02 3.576708e-02 5.585145e-03 2.126848e-02 5.979382e-03 5.059057e-03 1.623540e-02 6.130085e-03 5.784662e-03 7.011693e-03 6.024092e-03 2.353021e-03 3.895713e-03 6.112829e-03 6.304858e-03 3.515003e-03 4.328529e-03 1.448970e-02 6.879222e-03 7.433400e-03 2.042003e-03 2.799407e-02 1.562410e-02 8.659831e-03 9.302886e-03 5.008442e-03 5.119480e-03 2.472352e-02 1.022006e-02 5.539502e-03 3.344983e-03 7.271906e-03 6.964897e-03 2.517879e-02 9.236425e-03 6.719717e-03 1.884229e-02 1.352502e-03 1.058617e-02 3.722377e-02 1.404165e-02 2.670281e-02 4.859808e-03 1.171711e-02 7.656460e-03 6.270271e-03 1.807809e-02 9.194037e-03 4.801215e-03 3.038221e-03 3.510478e-03 2.038143e-02 1.006545e-02 2.769245e-02 4.912118e-03 3.455540e-03 1.015998e-02 1.011026e-02 9.881961e-03 6.500086e-03 1.506631e-02 1.095128e-02 9.030621e-03 1.365336e-02 1.795163e-03 5.835556e-03 3.320379e-03 8.456524e-03 9.844102e-03 7.133298e-03 5.023819e-03 1.203262e-02 4.136398e-03 6.305824e-03 7.115878e-03 7.874257e-03 5.844990e-03 6.175119e-03 8.071170e-03 2.087533e-02 3.231325e-03 1.729120e-03 8.799647e-03 1.137695e-02 1.703956e-02 4.183641e-02 3.805938e-03 1.087447e-02 1.989743e-03 1.381333e-02 9.784456e-03 8.936744e-03 2.571954e-02 1.016609e-02 1.983440e-02 2.185517e-02 1.097682e-02 5.763653e-03 7.609311e-03 9.001493e-03 1.454530e-02 8.439890e-03 2.009753e-02 5.722118e-03
<GCONST> -4.262351e+02
<STATE> 3
<MEAN> 142
 6.647750e-01 3.268139e-01 3.584974e-01 3.126453e-01 2.607820e-01 3.082503e-01 3.138876e-01 3.041244e-01 3.487883e-01 4.323862e-01 4.351639e-01 4.331085e-01 3.678874e-01 4.463221e-01 3.523873e-01 2.857195e-01 3.877691e-01 4.222649e-01 2.791123e-01 3.583844e-01 4.066336e-01 4.280278e-01 3.364938e-01 4.200566e-01 4.621985e-01 3.358043e-01 3.848140e-01 3.731853e-01 4.348668e-01 3.272692e-01 4.804580e-01 4.123271e-01 3.521665e-01 4.375253e-01 4.591137e-01 3.714724e-01 3.674716e-01 3.533084e-01 3.586679e-01 2.964779e-01 3.804279e-01 4.510680e-01 3.225985e-01 3.134099e-01 1.638000e-01 3.978530e-01 4.219306e-01 4.162686e-01 3.739724e-01 3.071360e-01 4.654585e-01 3.903570e-01 4.177829e-01 2.729326e-01 4.490683e-01 3.509146e-01 4.343753e-01 2.877416e-01 3.229544e-01 2.699476e-01 3.868135e-01 4.171187e-01 3.884615e-01 3.714210e-01 3.811793e-01 4.128722e-01 4.072151e-01 3.611227e-01 4.018188e-01 3.713699e-01 4.406479e-01 4.268251e-01 4.273846e-01 3.708685e-01 2.906834e-01 3.264985e-01 4.550700e-01 4.323182e-01 4.452652e-01 4.160554e-01 4.270388e-01 3.916020e-01 4.162822e-01 4.124202e-01 3.092658e-01 4.002305e-01 4.081279e-01 4.479072e-01 4.426660e-01 3.485593e-01 3.700811e-01 3.357353e-01 3.917170e-01 3.118587e-01 3.995603e-01 4.828933e-01 4.077499e-01 3.471350e-01 4.589322e-01 3.899634e-01 3.922521e-01 4.452525e-01 3.287117e-01 3.615517e-01 2.929515e-01 3.098271e-01 3.450105e-01 3.730389e-01 3.620430e-01 3.450899e-01 3.631935e-01 3.265546e-01 2.916335e-01 3.345375e-01 3.687678e-01 3.811997e-01 3.319750e-01 3.863892e-01 4.317898e-01 4.006165e-01 4.341853e-01 4.852362e-01 4.279299e-01 3.990572e-01 3.760630e-01 4.169824e-01 4.151211e-01 3.732679e-01 3.708664e-01 3.770024e-01 3.552379e-01 4.199673e-01 3.830667e-01 3.923812e-01 4.422987e-01 4.130300e-01 4.023534e-01 4.622088e-01 3.268391e-01 3.762438e-01 4.299655e-01 4.356490e-01
<VARIANCE> 142
 3.523196e-02 9.193132e-03 6.698576e-03 3.995470e-03 3.508159e-03 2.208470e-02 3.935467e-03 1.040881e-02 4.349605e-03 1.064601e-02 1.241493e-02 5.150720e-03 4.173025e-03 3.788897e-03 2.540703e-02 5.805850e-03 6.816820e-03 1.648229e-02 2.825522e-03 9.961163e-03 8.417305e-03 8.561322e-03 5.093556e-03 1.694987e-02 4.524068e-03 2.244764e-03 5.485484e-03 8.801743e-03 1.037252e-02 1.173918e-02 1.033539e-03 8.824131e-03 2.061276e-02 1.005780e-02 5.171205e-03 2.066658e-02 1.109943e-02 1.093876e-02 3.386001e-02 7.422761e-03 2.534533e-02 2.360599e-02 6.000240e-03 8.305153e-03 7.149611e-03 1.051555e-02 7.902395e-03 6.346730e-03 1.050730e-02 3.483785e-03 3.894571e-03 7.838659e-03 3.255269e-03 1.952838e-03 1.388353e-02 1.107334e-02 1.606324e-02 3.086558e-03 4.158232e-03 6.021561e-03 8.737164e-03 7.767115e-03 4.183981e-03 3.758507e-03 6.716097e-03 7.062859e-03 1.595072e-02 2.291322e-03 1.097483e-02 8.490990e-03 3.921451e-03 3.514110e-02 4.048176e-03 5.500016e-03 1.445153e-02 3.402041e-03 5.381971e-03 1.821652e-02 5.678262e-03 1.425917e-02 8.736439e-03 6.740373e-03 2.491162e-02 1.559703e-02 3.138593e-03 2.038013e-02 2.060553e-03 2.893771e-03 1.186096e-03 1.920730e-02 8.522393e-03 3.061610e-02 9.194502e-03 4.903871e-03 1.101835e-02 5.984175e-03 1.469469e-02 9.881320e-03 2.653907e-02 5.145156e-03 6.563854e-03 3.037149e-03 2.684115e-03 1.161455e-02 7.712643e-03 1.212987e-02 5.099424e-03 1.234887e-02 3.810050e-03 7.978407e-03 7.345300e-03 1.267360e-02 4.924043e-03 2.363154e-02 1.262229e-02 4.318233e-03 8.165727e-03 3.798558e-03 7.572012e-03 3.203725e-03 7.358620e-03 9.131230e-03 8.016981e-03 1.789162e-02 1.046735e-02 5.276375e-03 8.075887e-03 1.663817e-02 1.240272e-02 7.636265e-03 7.851231e-03 2.442488e-02 9.524840e-03 8.261499e-03 4.819744e-02 7.460048e-03 5.057363e-03 3.964238e-02 1.440242e-02 1.285224e-02 9.622901e-03 6.710728e-03
<GCONST> -4.234396e+02
<TRANSP> 4
 0.000000e+00 1.000000e+00 0.000000e+00 0.000000e+00
 0.000000e+00 5.000000e-01 5.000000e-01 0.000000e+00
 0.000000e+00 0.000000e+00 5.000000e-01 5.000000e-01
 0.000000e+00 0.000000e+00 0.000000e+00 0.000000e+00
<ENDHMM>
