~o
<STREAMINFO> 1 142
<VECSIZE> 142<NULLD><USER><DIAGC>
~h "hungry"
<BEGINHMM>
<NUMSTATES> 4
<STATE> 2
<MEAN> 142
 7.375767e-01 3.589952e-01 4.390951e-01 3.323321e-01 2.827330e-01 4.005631e-01 4.683344e-01 3.758498e-01 3.360720e-01 3.918039e-01 4.637939e-01 4.349729e-01 3.776579e-01 4.930402e-01 3.417474e-01 3.897882e-01 3.917688e-01 4.169950e-01 3.483136e-01 4.383442e-01 5.476786e-01 5.125068e-01 4.241130e-01 4.818877e-01 4.501436e-01 4.101412e-01 4.168370e-01 4.391029e-01 4.127935e-01 3.661413e-01 4.733452e-01 4.444978e-01 5.012410e-01 4.633281e-01 4.656049e-01 3.820043e-01 3.577018e-01 2.747864e-01 3.227591e-01 3.385023e-01 3.185605e-01 4.258146e-01 2.720738e-01 4.117416e-01 2.735757e-01 4.388848e-01 4.328162e-01 4.317914e-01 4.512371e-01 3.470671e-01 4.395881e-01 4.280755e-01 4.321645e-01 2.506321e-01 4.962661e-01 3.658846e-01 4.673229e-01 4.090578e-01 3.545881e-01 3.467163e-01 5.411023e-01 4.572296e-01 3.445140e-01 3.696486e-01 3.652093e-01 4.900159e-01 3.914188e-01 4.183785e-01 4.478268e-01 3.311802e-01 4.913868e-01 4.386486e-01 4.471453e-01 4.325307e-01 3.810888e-01 3.766854e-01 4.660856e-01 4.615546e-01 4.481330e-01 4.738102e-01 4.031992e-01 3.726198e-01 3.788801e-01 4.815232e-01 3.791547e-01 4.652181e-01 3.590436e-01 3.825799e-01 4.561123e-01 3.581540e-01 3.564744e-01 3.710690e-01 4.315312e-01 3.757602e-01 4.584237e-01 4.830068e-01 4.757880e-01 3.213306e-01 4.221976e-01 4.438414e-01 3.837497e-01 5.059342e-01 3.420453e-01 3.223252e-01 4.013928e-01 3.096532e-01 3.496033e-01 3.631497e-01 4.351691e-01 4.547002e-01 3.876898e-01 3.750536e-01 3.634173e-01 3.489976e-01 3.821045e-01 3.965334e-01 3.521483e-01 4.345065e-01 3.959065e-01 4.473509e-01 4.349326e-01 5.549693e-01 4.603600e-01 3.935708e-01 5.262334e-01 4.245228e-01 4.093533e-01 3.082701e-01 3.308555e-01 5.028616e-01 4.678864e-01 4.150944e-01 3.813049e-01 3.891795e-01 4.106299e-01 4.138659e-01 5.606599e-01 4.347268e-01 4.293806e-01 3.790985e-01 4.783264e-01 5.362814e-01
<VARIANCE> 142
 3.198520e-02 1.770647e-03 1.463658e-02 1.263521e-02 1.671911e-02 1.389441e-02 2.538665e-02 4.493066e-03 4.411966e-03 5.739813e-03 1.423928e-02 4.193433e-03 4.342596e-03 1.425568e-02 3.452282e-02 7.181210e-03 4.952454e-03 1.084866e-02 1.630694e-02 8.562399e-03 1.294946e-02 1.036385e-02 1.087258e-02 2.372256e-03 9.081853e-03 3.704615e-03 1.010649e-02 2.076070e-02 7.251095e-03 9.102519e-03 6.533483e-03 2.008686e-03 3.042988e-02 5.755512e-03 3.581557e-03 9.288843e-03 2.871824e-02 5.050044e-03 1.767524e-02 2.185703e-02 8.149165e-03 6.320535e-03 2.863656e-03 9.332740e-03 2.808382e-02 8.080377e-03 5.843180e-03 5.436442e-03 5.836637e-03 7.894555e-03 3.981343e-03 2.857795e-03 5.462226e-03 7.746162e-03 9.506765e-03 6.653253e-03 3.065943e-02 1.225091e-02 1.235818e-02 1.862249e-02 2.150937e-02 2.616243e-03 1.194466e-03 2.030707e-03 4.984414e-03 8.976215e-03 8.289010e-03 1.779010e-02 6.425869e-03 1.007109e-02 8.300952e-03 1.704368e-02 3.269703e-03 7.517949e-03 1.861188e-02 3.936129e-03 5.951396e-03 8.334076e-03 8.361296e-03 7.731339e-03 5.926421e-03 9.798071e-03 1.370502e-02 1.000524e-02 1.738844e-02 1.040972e-02 3.172609e-03 2.224673e-03 4.920105e-03 9.853446e-03 5.864792e-03 1.072718e-02 8.059061e-03 4.521574e-03 8.034144e-03 3.743272e-03 9.143609e-03 7.123616e-03 8.922394e-03 3.810828e-03 2.709229e-03 8.403901e-03 3.314990e-03 4.484163e-03 2.076439e-02 4.503186e-03 3.462702e-03 2.833008e-03 8.054067e-03 2.770008e-02 4.764710e-03 2.013791e-03 2.092182e-02 6.641552e-03 6.133971e-03 2.449651e-03 6.509488e-03 5.814657e-03 1.505360e-03 1.090718e-02 8.728132e-03 9.025160e-03 3.957427e-03 7.600957e-03 2.576958e-02 2.455208e-03 4.520804e-03 7.614749e-03 4.829309e-03 2.067215e-02 9.045372e-03 1.405727e-02 1.593743e-02 1.000000e-03 2.770980e-02 6.091087e-03 1.720614e-02 3.272203e-02 3.597653e-02 4.642039e-03 4.383589e-03 2.135564e-02
<GCONST> -4.291411e+02
<STATE> 3
<MEAN> 142
 5.105530e-01 3.738003e-01 3.792444e-01 3.907972e-01 3.350284e-01 3.002284e-01 3.859133e-01 3.214454e-01 3.589594e-01 4.218306e-01 4.549972e-01 3.479946e-01 3.558792e-01 4.742205e-01 3.875009e-01 3.642662e-01 4.167403e-01 3.968513e-01 3.109448e-01 2.985865e-01 4.924005e-01 5.175358e-01 3.735799e-01 5.026714e-01 4.919873e-01 4.170713e-01 4.571869e-01 4.184950e-01 4.197447e-01 4.511949e-01 5.123470e-01 3.926064e-01 4.001416e-01 4.510551e-01 4.588733e-01 3.548477e-01 4.692008e-01 2.909825e-01 3.528699e-01 4.004309e-01 3.977893e-01 4.186259e-01 3.340741e-01 2.896650e-01 3.113407e-01 3.522915e-01 4.634203e-01 3.860673e-01 4.763669e-01 3.791260e-01 4.792607e-01 3.642406e-01 4.447594e-01 2.904305e-01 4.113081e-01 4.009328e-01 4.087651e-01 3.429253e-01 4.240471e-01 4.584529e-01 4.408576e-01 4.144899e-01 3.541354e-01 3.638210e-01 3.444417e-01 4.631055e-01 4.158631e-01 4.391968e-01 4.580283e-01 4.109940e-01 4.156623e-01 3.524034e-01 4.023351e-01 3.675185e-01 3.041411e-01 3.471021e-01 4.614730e-01 4.270104e-01 4.223621e-01 4.702897e-01 4.237074e-01 3.733745e-01 3.511254e-01 4.802625e-01 3.903078e-01 4.315470e-01 3.448941e-01 3.937145e-01 4.959188e-01 3.844194e-01 2.964381e-01 3.588900e-01 4.177234e-01 3.482193e-01 4.987303e-01 4.076894e-01 4.729416e-01 3.045172e-01 4.692183e-01 4.416138e-01 4.303765e-01 4.675255e-01 3.326345e-01 3.617045e-01 4.003668e-01 3.015454e-01 3.389305e-01 3.973105e-01 4.178688e-01 4.513561e-01 3.621734e-01 3.457264e-01 4.464542e-01 3.850785e-01 3.684340e-01 4.285691e-01 3.330769e-01 4.564388e-01 3.955864e-01 4.246328e-01 4.099473e-01 4.286529e-01 3.929385e-01 3.774321e-01 3.502535e-01 3.476723e-01 3.951950e-01 3.105909e-01 3.218263e-01 3.818476e-01 4.183048e-01 4.209948e-01 3.147088e-01 3.734109e-01 4.164288e-01 4.688822e-01 4.638026e-01 4.433655e-01 4.579830e-01 3.973697e-01 4.232796e-01 4.088956e-01
<VARIANCE> 142
 1.186752e-02 8.102600e-03 3.405698e-02 2.629263e-02 2.535659e-02 1.715514e-02 2.004827e-02 2.339341e-03 3.075008e-03 8.502916e-03 2.116622e-02 5.431865e-03 2.279566e-03 5.345344e-03 5.528413e-03 2.595609e-02 1.135324e-02 8.951802e-03 1.817580e-02 1.350974e-02 1.256999e-02 1.979412e-02 1.454762e-02 1.620418e-03 4.789448e-03 6.523418e-03 1.479463e-02 4.259616e-03 2.991910e-03 1.332597e-02 9.413078e-03 3.285965e-03 1.650024e-02 9.889132e-03 1.359158e-03 1.164978e-02 2.365150e-02 9.368594e-03 2.883264e-03 2.196208e-02 8.831901e-03 4.440777e-03 1.824661e-02 7.192938e-03 1.783318e-02 2.614723e-03 1.795352e-02 4.708406e-03 2.125076e-02 2.212547e-02 1.783062e-02 1.005249e-02 7.243190e-03 5.317192e-03 1.147131e-02 4.351016e-03 1.465173e-02 1.438867e-02 2.881434e-02 8.139618e-02 1.895511e-02 2.924471e-03 5.579607e-03 7.866441e-03 5.475559e-03 8.724044e-03 1.214861e-02 2.820562e-02 1.176633e-02 1.207450e-02 6.219120e-03 9.052685e-03 2.890515e-03 4.188855e-03 7.950988e-03 5.803974e-03 1.449733e-02 3.438609e-02 4.974823e-03 1.502791e-02 1.747161e-03 5.399279e-03 9.180850e-03 4.240542e-02 1.177253e-02 2.169337e-02 5.526893e-03 4.463764e-03 1.317542e-02 1.131822e-02 9.491079e-03 1.938672e-02 1.771101e-03 4.702226e-03 1.265497e-02 8.491175e-03 3.066032e-03 8.578206e-03 1.052418e-02 6.356983e-03 3.061229e-03 1.064566e-02 1.119028e-02 5.018478e-03 1.635689e-02 5.091208e-03 1.000000e-03 6.294747e-03 1.365374e-02 4.363874e-02 4.833476e-03 7.176163e-03 1.818524e-02 1.491336e-02 1.905613e-02 3.588927e-03 7.679140e-03 1.396621e-02 4.260018e-03 1.085110e-02 7.763317e-03 1.010977e-02 4.198238e-03 7.258683e-03 1.371054e-02 2.276976e-03 9.061502e-03 1.323734e-02 1.332350e-02 6.214071e-03 1.562138e-02 2.974692e-03 4.189087e-03 7.337292e-03 3.861872e-03 1.033168e-02 1.258904e-02 1.039388e-02 3.535844e-02 1.228101e-02 1.332125e-02 1.058052e-02
<GCONST> -4.093080e+02
<TRANSP> 4
 0.000000e+00 1.000000e+00 0.000000e+00 0.000000e+00
 0.000000e+00 5.000000e-01 5.000000e-01 0.000000e+00
 0.000000e+00 0.000000e+00 5.000000e-01 5.000000e-01
 0.000000e+00 0.000000e+00 0.000000e+00 0.000000e+00
<ENDHMM>
