~o
<STREAMINFO> 1 142
<VECSIZE> 142<NULLD><USER><DIAGC>
~h "idea"
<BEGINHMM>
<NUMSTATES> 4
<STATE> 2
<MEAN> 142
 6.627370e-01 3.760548e-01 3.594143e-01 3.536822e-01 2.816995e-01 4.205250e-01 3.930572e-01 3.538091e-01 3.654953e-01 4.085787e-01 4.671371e-01 4.596345e-01 4.238430e-01 4.696316e-01 3.144298e-01 3.352959e-01 3.699919e-01 4.703792e-01 3.900236e-01 5.133482e-01 4.444210e-01 3.773663e-01 4.587944e-01 4.135529e-01 4.532382e-01 4.820070e-01 4.356811e-01 4.435777e-01 3.817396e-01 4.330617e-01 4.713392e-01 4.386762e-01 4.392818e-01 3.895589e-01 4.261471e-01 3.214710e-01 2.880722e-01 3.985544e-01 3.425307e-01 3.633931e-01 4.019327e-01 4.206811e-01 3.676341e-01 4.274079e-01 3.225717e-01 4.191291e-01 3.749614e-01 4.041922e-01 3.385802e-01 3.528982e-01 4.662752e-01 4.936251e-01 4.678606e-01 2.909853e-01 4.785389e-01 4.451721e-01 4.375063e-01 3.776651e-01 3.911377e-01 2.891916e-01 4.978050e-01 4.657167e-01 3.939863e-01 4.393888e-01 4.441684e-01 4.023055e-01 4.063922e-01 3.939338e-01 4.598250e-01 4.653921e-01 5.260455e-01 4.760162e-01 4.095068e-01 4.080043e-01 4.655821e-01 4.501520e-01 4.528515e-01 3.641870e-01 4.338654e-01 3.977746e-01 4.849182e-01 3.269089e-01 3.934499e-01 3.905938e-01 4.081851e-01 4.296178e-01 4.220699e-01 4.402323e-01 4.083557e-01 4.247060e-01 4.236724e-01 3.661499e-01 4.724389e-01 4.335628e-01 3.768338e-01 4.890667e-01 4.835760e-01 4.042045e-01 3.662199e-01 4.470755e-01 4.153021e-01 4.195402e-01 3.805462e-01 3.579524e-01 3.165897e-01 3.206229e-01 4.101308e-01 3.812741e-01 4.186190e-01 3.556365e-01 4.514306e-01 4.156386e-01 3.566380e-01 2.753440e-01 3.751553e-01 4.784777e-01 4.119267e-01 3.430079e-01 4.439252e-01 3.828037e-01 4.320064e-01 4.550833e-01 4.673511e-01 4.972514e-01 4.332100e-01 4.237912e-01 4.340418e-01 4.204369e-01 4.138458e-01 4.552701e-01 4.091600e-01 4.048992e-01 4.488484e-01 4.377259e-01 3.328249e-01 3.753022e-01 4.814139e-01 3.748151e-01 3.848241e-01 3.125031e-01 4.130621e-01 4.353998e-01
<VARIANCE> 142
 3.767528e-02 2.219926e-02 1.807723e-02 9.997667e-03 2.617195e-03 3.164956e-02 2.555118e-02 1.522324e-02 1.349214e-02 2.426413e-03 5.833523e-03 5.625341e-03 1.188614e-02 3.959961e-03 6.233953e-03 1.469127e-02 1.062849e-02 1.106491e-02 3.713336e-03 2.514048e-02 5.608108e-03 1.114458e-02 3.767363e-03 3.426965e-03 1.000000e-03 2.271093e-02 6.206632e-03 8.485304e-03 7.683073e-03 2.500237e-02 1.361819e-03 9.048718e-03 2.953785e-02 7.592506e-03 2.883592e-03 6.553655e-03 2.934437e-03 1.349527e-02 7.937516e-03 2.332347e-02 2.089404e-02 1.349997e-02 1.072229e-02 3.889008e-02 2.827409e-02 1.318195e-02 5.840077e-03 1.352208e-02 7.558757e-03 4.168431e-03 2.857775e-03 1.917170e-02 9.100290e-03 1.497745e-02 8.915597e-03 1.140570e-02 8.944588e-03 1.126878e-02 5.286647e-03 1.757688e-02 3.862287e-02 4.928682e-03 1.391476e-02 1.340936e-02 1.352085e-02 1.096336e-02 2.895021e-02 7.505922e-03 1.300631e-02 1.938958e-02 4.844318e-03 1.470978e-02 1.179285e-02 2.466313e-03 2.048218e-02 2.680007e-02 6.306834e-03 9.955616e-03 5.056805e-03 1.209361e-02 1.720416e-02 1.586887e-03 1.149510e-02 1.675138e-02 2.698844e-02 1.927931e-02 5.152097e-03 3.263023e-03 3.870258e-03 2.313353e-02 1.313171e-02 1.382809e-02 7.110832e-03 4.249504e-03 8.532658e-03 1.132698e-03 6.841840e-03 8.896030e-03 7.931506e-03 7.805152e-03 7.083795e-03 1.440930e-02 5.843766e-03 1.755304e-02 2.253980e-03 2.862343e-03 1.055646e-02 1.654168e-02 9.725568e-03 2.756180e-02 9.899919e-03 1.390835e-02 9.038249e-03 9.195467e-03 1.213774e-02 1.175469e-02 1.611975e-02 3.844150e-03 1.125807e-02 4.945206e-03 1.681482e-03 2.131150e-02 6.464868e-03 1.090580e-02 2.820241e-02 1.461523e-02 1.543603e-02 8.550206e-03 2.687207e-02 1.824680e-02 1.220349e-02 1.937816e-02 1.360887e-02 9.536864e-03 5.661543e-03 3.432074e-03 1.565917e-02 5.517661e-03 3.602161e-02 7.656022e-03 1.486459e-02 9.969723e-03
<GCONST> -3.985897e+02
<STATE> 3
<MEAN> 142
 5.479326e-01 3.790337e-01 2.698540e-01 3.137313e-01 2.447323e-01 2.323239e-01 3.629061e-01 3.705668e-01 3.703227e-01 4.048215e-01 3.960973e-01 3.848746e-01 3.636969e-01 3.838001e-01 3.781884e-01 3.744498e-01 4.438570e-01 4.291171e-01 2.329909e-01 3.291572e-01 4.260026e-01 4.637112e-01 3.178772e-01 4.763642e-01 4.265909e-01 4.489179e-01 4.082018e-01 3.731556e-01 4.480241e-01 3.731283e-01 4.854015e-01 5.070112e-01 3.932402e-01 4.761080e-01 3.955688e-01 4.058237e-01 3.856939e-01 3.345887e-01 3.901378e-01 3.084633e-01 3.698609e-01 5.018658e-01 2.835215e-01 2.419648e-01 2.169699e-01 3.854458e-01 4.181980e-01 4.669082e-01 4.273968e-01 2.488290e-01 4.113275e-01 3.458261e-01 4.558234e-01 2.632635e-01 3.870500e-01 4.195543e-01 3.627651e-01 2.771598e-01 2.752109e-01 3.211758e-01 3.769576e-01 5.085899e-01 4.354224e-01 4.254459e-01 4.302354e-01 4.410530e-01 3.268104e-01 3.519949e-01 3.672281e-01 3.698104e-01 4.097112e-01 3.645441e-01 3.855366e-01 3.289777e-01 2.218590e-01 3.530175e-01 4.314700e-01 4.186537e-01 4.662272e-01 4.358323e-01 4.580996e-01 3.967397e-01 3.737994e-01 3.549326e-01 3.602356e-01 3.863076e-01 4.126800e-01 3.802229e-01 4.113029e-01 2.801616e-01 3.435239e-01 2.581981e-01 3.846454e-01 3.382146e-01 4.061285e-01 4.411792e-01 4.675830e-01 3.208724e-01 4.587965e-01 4.956400e-01 3.643809e-01 5.114155e-01 3.742512e-01 3.190160e-01 3.553356e-01 2.879252e-01 3.637722e-01 3.722732e-01 3.491905e-01 3.037266e-01 3.900412e-01 3.518532e-01 3.457772e-01 3.525696e-01 4.230196e-01 4.061154e-01 3.489680e-01 4.356263e-01 3.977583e-01 3.522224e-01 4.387671e-01 4.847933e-01 4.772848e-01 3.562179e-01 3.355749e-01 3.700165e-01 3.489031e-01 3.641483e-01 3.474119e-01 3.526052e-01 3.883235e-01 3.909669e-01 2.940657e-01 4.438664e-01 4.265881e-01 4.071205e-01 4.005844e-01 4.710763e-01 3.519079e-01 4.656356e-01 4.726746e-01 4.183521e-01
<VARIANCE> 142
 8.939513e-03 5.391491e-03 5.238302e-03 1.189628e-02 1.100781e-02 7.378374e-03 1.342929e-02 1.922636e-02 4.613202e-03 2.247572e-03 3.679581e-03 4.898604e-03 1.420304e-02 1.894099e-03 2.442315e-02 1.057721e-02 2.054543e-02 2.540557e-02 6.225726e-03 2.053824e-02 3.081016e-03 4.465072e-03 4.856040e-03 1.049904e-02 1.000000e-03 2.269270e-02 1.292568e-02 9.392949e-03 1.201683e-02 1.300749e-02 1.192776e-03 1.152942e-02 1.042739e-02 2.992124e-03 2.875954e-03 1.720562e-02 1.251665e-02 3.945107e-03 2.616010e-02 1.072039e-02 1.258457e-02 2.283188e-02 3.134325e-03 1.291103e-02 6.738505e-03 6.298251e-03 6.385078e-03 1.079396e-02 1.139333e-02 6.172279e-03 5.338618e-03 1.710866e-02 7.231147e-03 4.369752e-03 4.261967e-03 5.665617e-03 3.283798e-03 2.515128e-03 4.196898e-03 4.637139e-02 5.754540e-03 3.449601e-02 1.570701e-02 1.924291e-02 6.871433e-03 4.508892e-03 2.185088e-02 7.966543e-03 1.386314e-02 5.767717e-03 9.411028e-03 9.018836e-03 2.859284e-03 3.330327e-03 1.336235e-02 6.276851e-03 3.735372e-03 2.502922e-02 4.289447e-03 6.919733e-03 5.382530e-03 6.159717e-03 1.931239e-02 9.656286e-03 8.625052e-03 4.486840e-03 1.267891e-03 1.933567e-03 4.481672e-03 1.952249e-02 4.914865e-03 1.633104e-02 5.313179e-03 5.008289e-03 2.818607e-03 7.647991e-03 9.393840e-03 8.713253e-03 7.582668e-03 1.273398e-02 2.533833e-03 3.152145e-03 1.129974e-02 5.482868e-03 3.556438e-03 3.646453e-03 5.185747e-03 4.640097e-03 1.246228e-02 8.819104e-03 8.388823e-03 5.566960e-03 6.669368e-03 8.024352e-03 6.745395e-03 3.528574e-03 8.189373e-03 4.413982e-03 2.080706e-03 2.564938e-03 4.922624e-03 5.338000e-03 3.182301e-03 2.214729e-02 9.273898e-03 7.341126e-03 8.173123e-03 1.890906e-02 1.050624e-02 6.481816e-03 9.430375e-03 2.105333e-02 4.986343e-03 5.087489e-03 4.735402e-02 1.794669e-02 3.701870e-03 3.423900e-02 9.775807e-03 3.226028e-03 1.260116e-02 7.115107e-03
<GCONST> -4.351611e+02
<TRANSP> 4
 0.000000e+00 1.000000e+00 0.000000e+00 0.000000e+00
 0.000000e+00 5.000000e-01 5.000000e-01 0.000000e+00
 0.000000e+00 0.000000e+00 5.000000e-01 5.000000e-01
 0.000000e+00 0.000000e+00 0.000000e+00 0.000000e+00
<ENDHMM>
