~o
<STREAMINFO> 1 142
<VECSIZE> 142<NULLD><USER><DIAGC>
~h "idiot"
<BEGINHMM>
<NUMSTATES> 4
<STATE> 2
<MEAN> 142
 5.732511e-01 3.703267e-01 3.236699e-01 2.966360e-01 2.455536e-01 2.637363e-01 3.315401e-01 3.230236e-01 3.468877e-01 4.383853e-01 3.999164e-01 4.059581e-01 3.346471e-01 4.275795e-01 3.373915e-01 2.859455e-01 4.934124e-01 4.094662e-01 2.872901e-01 3.353679e-01 3.988856e-01 3.957529e-01 2.976782e-01 4.283647e-01 4.491911e-01 3.479238e-01 4.397818e-01 4.040987e-01 4.112642e-01 3.830839e-01 4.453862e-01 3.741031e-01 3.367199e-01 4.836743e-01 4.378654e-01 3.313929e-01 3.847342e-01 3.315882e-01 3.865508e-01 2.874798e-01 3.536373e-01 4.651783e-01 3.457305e-01 3.033209e-01 2.442482e-01 4.264269e-01 3.577622e-01 3.803097e-01 3.736881e-01 3.001393e-01 4.066741e-01 3.580678e-01 4.190263e-01 2.499994e-01 3.866485e-01 3.956149e-01 4.336502e-01 3.259777e-01 3.034507e-01 2.919349e-01 3.928972e-01 4.066947e-01 3.574042e-01 3.789085e-01 4.240069e-01 3.996745e-01 3.384084e-01 2.989956e-01 3.714145e-01 3.732303e-01 4.079245e-01 3.644106e-01 4.170842e-01 4.264849e-01 2.777069e-01 3.166444e-01 4.104302e-01 3.614252e-01 4.359678e-01 4.276518e-01 4.826953e-01 3.564145e-01 3.562638e-01 3.424407e-01 3.796386e-01 3.609252e-01 3.690498e-01 3.826931e-01 4.368821e-01 3.779524e-01 3.617775e-01 3.076302e-01 4.448530e-01 3.419065e-01 4.037099e-01 4.801340e-01 4.184444e-01 3.726629e-01 4.142069e-01 3.605303e-01 4.071004e-01 4.028503e-01 2.865417e-01 3.370202e-01 3.607953e-01 2.370047e-01 3.267485e-01 3.467208e-01 3.540076e-01 3.225471e-01 3.462472e-01 3.773725e-01 3.077133e-01 3.411786e-01 3.405406e-01 3.556247e-01 3.850987e-01 3.527471e-01 4.221599e-01 3.460346e-01 4.108277e-01 4.612458e-01 3.548665e-01 3.911233e-01 3.657461e-01 4.691449e-01 4.451865e-01 4.214831e-01 3.995292e-01 3.649848e-01 3.213369e-01 3.914755e-01 3.514432e-01 3.886319e-01 4.369159e-01 3.744668e-01 4.095798e-01 4.241151e-01 3.557322e-01 3.915186e-01 4.073200e-01 4.137437e-01
<VARIANCE> 142
 2.191889e-02 1.758511e-02 1.544672e-02 4.902525e-03 3.950255e-03 1.243252e-02 7.670810e-03 7.337691e-03 2.921159e-03 4.128018e-03 1.839938e-02 3.528866e-03 5.697940e-03 1.257192e-02 1.586908e-02 7.662884e-03 7.499790e-03 5.149562e-03 1.515504e-02 1.458421e-02 3.680367e-03 1.264014e-02 7.450661e-03 1.117659e-02 3.677452e-03 3.112896e-03 5.452001e-03 7.837233e-03 1.053514e-02 3.770099e-03 2.933474e-03 1.646446e-03 1.385283e-02 2.061506e-02 3.685024e-03 2.384263e-02 8.304944e-03 1.580524e-02 2.223640e-02 6.204944e-03 2.667089e-02 2.347314e-02 6.869166e-03 9.771180e-03 5.764226e-03 1.356320e-02 3.549436e-03 3.203262e-03 6.776764e-03 6.476921e-03 3.024349e-03 3.427275e-03 8.332785e-03 3.973952e-03 3.612733e-03 1.455996e-02 3.335253e-02 5.328383e-03 6.995753e-03 5.550477e-03 1.121948e-02 3.762192e-03 1.220816e-03 2.953400e-03 1.166216e-02 7.917703e-03 1.555107e-02 6.312228e-03 5.840455e-03 6.618202e-03 5.947743e-03 5.783153e-03 3.371898e-03 2.271081e-02 1.526410e-02 4.180058e-03 5.642186e-03 1.688064e-02 4.188776e-03 6.624811e-03 1.453920e-02 1.508548e-02 1.031021e-02 1.181962e-02 1.261888e-02 5.622581e-03 2.684547e-03 5.212614e-03 4.527054e-03 4.644122e-03 3.246989e-03 9.984118e-03 1.791210e-02 4.760529e-03 2.867203e-03 6.267719e-03 5.861469e-03 1.571156e-02 7.874335e-03 7.878510e-03 1.298774e-02 3.746441e-03 2.390887e-03 1.295768e-02 1.006998e-02 6.641690e-03 9.964963e-03 6.327854e-03 7.651007e-03 1.113566e-02 3.747771e-03 1.256088e-02 4.178656e-03 1.139098e-02 8.537341e-03 4.668527e-03 8.944111e-03 3.081342e-03 8.521374e-03 1.087664e-02 3.473928e-03 1.400899e-02 1.005013e-02 8.361247e-03 3.052583e-02 3.035830e-03 7.727223e-03 2.708212e-02 9.838182e-03 1.480350e-02 1.007398e-02 1.589215e-02 1.336106e-02 1.047488e-02 2.895264e-02 1.335474e-02 8.069143e-03 2.320250e-02 1.111227e-02 1.387802e-02 1.100989e-02 1.826913e-02
<GCONST> -4.260431e+02
<STATE> 3
<MEAN> 142
 5.603803e-01 3.947492e-01 3.348581e-01 3.329034e-01 2.866265e-01 2.725741e-01 3.078988e-01 3.586238e-01 3.637922e-01 4.712403e-01 4.664827e-01 4.226956e-01 3.647380e-01 5.048012e-01 3.471883e-01 3.564608e-01 4.699174e-01 4.006441e-01 3.176524e-01 3.380012e-01 4.249825e-01 5.254012e-01 3.453298e-01 5.321301e-01 5.057998e-01 3.480205e-01 4.632348e-01 3.916734e-01 4.769004e-01 4.273971e-01 4.722070e-01 3.777249e-01 2.632434e-01 5.334039e-01 4.361360e-01 3.759240e-01 3.900636e-01 4.019193e-01 4.805773e-01 2.925726e-01 3.734618e-01 5.319517e-01 3.707399e-01 2.954633e-01 1.630024e-01 3.872617e-01 4.165895e-01 4.060986e-01 4.110397e-01 3.196392e-01 4.828397e-01 4.035461e-01 4.810604e-01 2.792504e-01 3.675388e-01 4.423661e-01 5.019590e-01 3.228134e-01 3.791054e-01 3.713053e-01 4.064807e-01 3.734081e-01 3.589319e-01 3.953849e-01 4.143070e-01 4.095272e-01 4.296700e-01 3.545134e-01 3.306337e-01 4.256651e-01 4.150959e-01 3.581374e-01 4.232673e-01 4.345126e-01 2.728480e-01 3.457603e-01 3.349272e-01 3.132760e-01 4.975317e-01 4.995866e-01 5.160298e-01 3.989338e-01 3.954117e-01 4.050410e-01 3.053783e-01 3.427777e-01 3.511934e-01 4.364175e-01 4.760227e-01 3.011240e-01 3.695305e-01 2.413055e-01 4.392301e-01 3.193346e-01 3.869899e-01 4.553353e-01 4.331947e-01 3.284568e-01 5.184506e-01 4.091028e-01 4.383423e-01 4.695586e-01 3.408830e-01 4.031119e-01 4.030508e-01 3.068291e-01 4.003109e-01 4.009843e-01 4.164228e-01 3.404853e-01 3.755842e-01 3.799033e-01 2.514687e-01 3.610715e-01 3.447659e-01 3.712012e-01 4.524251e-01 4.136268e-01 4.099405e-01 3.814211e-01 4.263404e-01 4.647627e-01 4.267683e-01 3.347330e-01 3.660437e-01 3.958507e-01 4.293810e-01 4.725654e-01 4.413604e-01 4.008267e-01 3.425705e-01 3.634244e-01 3.781011e-01 4.665962e-01 4.200248e-01 4.573609e-01 3.711489e-01 4.827401e-01 3.364463e-01 4.183894e-01 4.066544e-01 3.890840e-01
<VARIANCE> 142
 7.348827e-03 6.637813e-03 8.696625e-03 3.110003e-03 3.470720e-03 2.292136e-02 2.984477e-03 6.087280e-03 5.467722e-03 5.055876e-03 2.956085e-02 1.604376e-02 1.034308e-02 3.510011e-02 6.046925e-03 9.175188e-03 7.720253e-03 9.093988e-03 1.661224e-02 9.382765e-03 2.611412e-02 2.513685e-02 1.083713e-02 1.022212e-02 8.926569e-03 2.561746e-03 9.693032e-03 1.496271e-02 1.058677e-02 1.342958e-02 8.718024e-03 3.255408e-03 3.279844e-03 2.028323e-02 2.771812e-03 7.828477e-03 8.718987e-03 8.337222e-03 1.315145e-02 7.874166e-03 9.942497e-03 1.554849e-02 5.488186e-03 8.585100e-03 9.858433e-03 7.560449e-03 1.068266e-02 9.067764e-03 1.113526e-02 9.080769e-03 5.293991e-03 1.133504e-02 5.527497e-03 1.659640e-03 1.227959e-03 2.118266e-02 2.338929e-02 1.033388e-02 1.336943e-02 1.239034e-02 7.414009e-03 3.881423e-03 1.631676e-03 1.546275e-03 2.752768e-02 2.830345e-03 1.215420e-02 3.092849e-03 2.294547e-03 4.559313e-03 3.443948e-03 3.906555e-03 3.562877e-03 6.590657e-03 2.576507e-02 7.156365e-03 5.504441e-03 2.737327e-03 1.068613e-02 1.332059e-02 2.392465e-02 6.580783e-03 9.257181e-03 1.225866e-02 8.782863e-03 7.462129e-03 1.057782e-03 7.699017e-03 3.175932e-03 5.481062e-03 4.249457e-03 5.822168e-03 3.457686e-02 3.554154e-03 2.910436e-03 1.976706e-02 1.196757e-02 1.113307e-02 1.509352e-02 1.956023e-03 7.701940e-03 1.380403e-02 7.409356e-03 9.907112e-03 2.128922e-02 1.414025e-02 5.598920e-03 4.798073e-03 1.271173e-02 1.197951e-02 5.128459e-03 9.147663e-03 1.846921e-03 4.367284e-03 5.444635e-03 1.322134e-02 8.795740e-03 9.759934e-03 1.159918e-02 1.489589e-02 2.584366e-03 5.485088e-03 1.103781e-02 1.825338e-02 1.232883e-02 4.069721e-03 1.349517e-02 4.263309e-02 2.078442e-02 1.482865e-02 1.502960e-02 9.464309e-03 3.140812e-02 2.283831e-02 3.834527e-03 2.944858e-03 4.560376e-03 2.886120e-03 1.196405e-02 6.508716e-03 1.338442e-02 9.922032e-03
<GCONST> -4.253280e+02
<TRANSP> 4
 0.000000e+00 1.000000e+00 0.000000e+00 0.000000e+00
 0.000000e+00 5.000000e-01 5.000000e-01 0.000000e+00
 0.000000e+00 0.000000e+00 5.000000e-01 5.000000e-01
 0.000000e+00 0.000000e+00 0.000000e+00 0.000000e+00
<ENDHMM>
