~o
<STREAMINFO> 1 142
<VECSIZE> 142<NULLD><USER><DIAGC>
~h "impossible"
<BEGINHMM>
<NUMSTATES> 4
<STATE> 2
<MEAN> 142
 5.405048e-01 3.210600e-01 3.059800e-01 3.437797e-01 2.798768e-01 3.472550e-01 4.317789e-01 3.652150e-01 3.527104e-01 3.967947e-01 4.173623e-01 3.714152e-01 4.111090e-01 4.586167e-01 3.420204e-01 4.303043e-01 4.003990e-01 3.584169e-01 3.065816e-01 4.153106e-01 4.589352e-01 4.859387e-01 3.862909e-01 4.862504e-01 4.385590e-01 4.584653e-01 4.067664e-01 3.044767e-01 4.175892e-01 4.205683e-01 4.685642e-01 4.256227e-01 4.004519e-01 5.355508e-01 3.997260e-01 3.659397e-01 2.738149e-01 4.002898e-01 3.662357e-01 3.729040e-01 4.131958e-01 4.605479e-01 3.348298e-01 3.018685e-01 2.454591e-01 3.418925e-01 4.234306e-01 4.541749e-01 4.740255e-01 3.593377e-01 5.099603e-01 4.625234e-01 4.340144e-01 3.100903e-01 4.133093e-01 3.674148e-01 4.271874e-01 3.257062e-01 3.912935e-01 3.758948e-01 5.325083e-01 4.000090e-01 3.663273e-01 4.169163e-01 3.762217e-01 4.487069e-01 4.657711e-01 4.486086e-01 3.856097e-01 4.181370e-01 4.556402e-01 3.994827e-01 3.990223e-01 4.102085e-01 4.173571e-01 4.330646e-01 4.151681e-01 3.134852e-01 5.017666e-01 4.129289e-01 4.387824e-01 3.583191e-01 4.420708e-01 4.424914e-01 3.963853e-01 4.081424e-01 3.839412e-01 4.344226e-01 4.957169e-01 3.569451e-01 3.148929e-01 3.727569e-01 4.222621e-01 3.138823e-01 3.826199e-01 4.850940e-01 5.059800e-01 3.558102e-01 4.787908e-01 4.560254e-01 3.963837e-01 4.519483e-01 3.692922e-01 4.040669e-01 3.611740e-01 2.928622e-01 4.272188e-01 4.133977e-01 4.587880e-01 4.160568e-01 4.019351e-01 3.184303e-01 3.536436e-01 3.130817e-01 3.185476e-01 4.376103e-01 3.979334e-01 3.964593e-01 4.084319e-01 3.815821e-01 3.966625e-01 4.806943e-01 4.063866e-01 3.358165e-01 3.920931e-01 3.175523e-01 3.516557e-01 3.822076e-01 3.372821e-01 4.017289e-01 4.444604e-01 4.069926e-01 3.653671e-01 4.803083e-01 3.715574e-01 3.946615e-01 4.435309e-01 4.411556e-01 4.740440e-01 3.761247e-01 4.065960e-01 3.928578e-01
<VARIANCE> 142
 3.897740e-02 2.985652e-03 2.413691e-02 1.998483e-02 1.095013e-02 1.658596e-02 3.677895e-02 1.078676e-02 1.473136e-02 1.078551e-02 8.530107e-03 6.883205e-03 2.177911e-02 1.364486e-02 1.915598e-02 1.878112e-02 4.850181e-03 1.625304e-02 1.184469e-02 9.080729e-03 1.499468e-02 7.612786e-03 6.327351e-03 3.334083e-03 3.176016e-03 1.688283e-02 1.388186e-02 5.149486e-03 8.838448e-03 2.360237e-02 2.996879e-03 2.441724e-03 2.930301e-02 1.934742e-02 4.883878e-03 7.346996e-03 4.785311e-03 3.332002e-02 8.490080e-03 2.231399e-02 2.253157e-02 9.132771e-03 7.622271e-03 1.139879e-02 2.255827e-02 5.813989e-03 8.156055e-03 2.179853e-02 5.971810e-03 6.109301e-03 8.140933e-03 3.963151e-02 1.817122e-02 1.339957e-02 8.544213e-03 2.986948e-03 2.451360e-02 9.069769e-03 1.610728e-02 1.901976e-02 2.001040e-02 4.553897e-03 5.591620e-03 2.145586e-02 1.268287e-02 2.315359e-02 5.606197e-02 1.808015e-02 1.400227e-02 2.770898e-02 2.595529e-03 1.075407e-02 2.965830e-03 4.678958e-03 2.744936e-02 2.053964e-02 1.253170e-02 1.208409e-02 1.059782e-02 9.743794e-03 8.133529e-03 3.704844e-03 1.394595e-02 8.354303e-03 5.177245e-02 1.426013e-02 6.874214e-03 5.547971e-03 1.687165e-03 4.839345e-03 1.404509e-02 6.611778e-03 1.561275e-02 5.809193e-03 4.941016e-03 3.361213e-03 4.061420e-03 1.747471e-02 5.783974e-03 4.238177e-03 5.434671e-03 9.284465e-03 5.489874e-03 1.400921e-02 9.874266e-03 4.962491e-03 1.330915e-02 9.828353e-03 1.992464e-02 2.221759e-02 1.013209e-02 5.034425e-03 2.559658e-02 6.819052e-03 6.210981e-03 6.264148e-03 1.462099e-02 9.624106e-03 2.984366e-03 1.046587e-02 2.126717e-03 1.482675e-02 4.804130e-03 1.186842e-02 5.407566e-03 6.918213e-03 6.404462e-03 1.528630e-02 1.602824e-02 8.474825e-03 1.780155e-02 1.230676e-03 2.124149e-02 1.511648e-02 6.270791e-03 7.322375e-03 1.197644e-02 5.175157e-03 4.043205e-02 6.994677e-03 7.021111e-03 1.482514e-02
<GCONST> -3.937314e+02
<STATE> 3
<MEAN> 142
 6.636999e-01 3.664982e-01 3.808086e-01 3.479716e-01 2.332452e-01 2.743954e-01 3.661583e-01 3.660241e-01 3.141047e-01 4.060499e-01 4.276947e-01 3.642506e-01 3.780589e-01 4.374539e-01 2.531822e-01 3.481164e-01 4.031362e-01 3.159798e-01 3.211271e-01 3.619879e-01 4.870801e-01 5.442004e-01 4.023252e-01 4.810281e-01 4.504417e-01 3.663826e-01 4.378907e-01 3.123986e-01 4.149525e-01 3.182606e-01 4.607476e-01 4.595511e-01 4.434206e-01 4.898704e-01 4.042015e-01 3.765189e-01 3.254954e-01 3.144936e-01 3.438289e-01 2.889141e-01 3.194944e-01 4.186473e-01 3.292532e-01 2.944612e-01 1.818464e-01 4.015257e-01 4.650025e-01 3.772441e-01 4.470364e-01 3.314873e-01 4.747826e-01 3.753695e-01 4.357753e-01 2.490172e-01 4.503458e-01 3.307182e-01 4.268791e-01 3.464640e-01 3.617125e-01 3.082907e-01 4.401958e-01 4.794582e-01 3.795283e-01 4.350801e-01 3.346382e-01 4.757255e-01 3.425511e-01 3.695781e-01 4.180750e-01 3.417850e-01 4.306188e-01 3.931009e-01 4.651402e-01 4.202821e-01 3.428506e-01 3.745050e-01 4.408471e-01 4.517557e-01 4.889843e-01 4.692014e-01 3.965268e-01 3.640057e-01 3.163881e-01 4.723524e-01 2.810741e-01 4.213464e-01 3.651327e-01 4.005046e-01 4.215541e-01 3.178726e-01 3.474296e-01 2.970371e-01 3.585662e-01 3.307397e-01 4.300209e-01 4.286653e-01 4.031564e-01 2.894273e-01 4.238470e-01 4.475858e-01 3.964000e-01 5.199227e-01 3.203735e-01 3.076956e-01 3.350895e-01 2.943576e-01 3.847972e-01 3.730522e-01 3.908461e-01 3.382910e-01 4.030331e-01 3.415969e-01 3.161352e-01 3.554479e-01 3.590769e-01 3.729303e-01 4.025353e-01 4.507742e-01 4.055221e-01 4.399171e-01 4.044367e-01 5.310891e-01 4.906224e-01 3.150223e-01 4.225140e-01 4.020160e-01 3.558596e-01 3.178510e-01 3.435103e-01 4.202704e-01 3.578923e-01 3.963727e-01 3.277527e-01 3.931030e-01 3.866167e-01 4.403343e-01 4.141004e-01 3.979912e-01 2.899636e-01 3.969218e-01 5.070730e-01 4.576805e-01
<VARIANCE> 142
 4.833765e-02 6.144699e-03 7.975691e-03 8.086662e-03 7.349273e-03 2.227706e-02 1.253255e-02 5.714823e-03 2.000438e-03 4.329319e-03 1.138236e-02 7.441504e-03 6.484867e-03 1.296075e-02 9.676048e-03 1.322319e-02 4.749826e-03 3.369014e-03 1.501890e-02 1.367940e-02 1.313207e-02 7.789108e-03 1.413463e-02 5.274110e-03 3.111317e-03 6.949493e-03 3.880637e-03 8.200323e-03 5.358492e-03 7.564588e-03 4.334200e-03 8.807288e-03 2.494612e-02 2.001721e-02 1.088444e-03 1.214119e-02 3.667025e-03 7.070998e-03 9.128389e-03 1.077028e-02 8.886528e-03 1.027663e-02 9.432080e-03 9.795883e-03 1.003421e-02 4.237306e-03 8.168916e-03 4.953565e-03 6.294628e-03 1.269958e-02 8.738233e-03 1.035343e-02 2.858557e-03 5.110082e-03 1.380770e-02 4.863075e-03 1.725321e-02 9.881445e-03 1.323706e-02 1.063972e-02 1.860476e-02 2.339639e-02 6.762284e-03 8.922577e-03 7.132706e-03 7.171940e-03 1.339072e-02 3.231076e-03 8.273683e-03 5.581480e-03 3.230741e-03 8.177714e-03 4.729770e-03 4.558969e-03 1.499112e-02 9.170305e-03 9.855272e-03 1.559019e-02 5.770511e-03 3.327501e-03 1.069000e-02 5.117947e-03 7.061565e-03 6.979785e-03 6.953027e-03 1.010212e-02 4.358846e-03 3.859275e-03 3.504179e-03 1.941468e-03 9.359609e-03 9.649292e-03 6.119503e-03 9.015861e-03 7.982262e-03 4.300593e-03 9.755703e-03 3.868182e-03 9.340005e-03 4.568348e-03 9.830164e-03 2.807780e-03 5.299473e-03 1.147040e-02 5.887834e-03 4.546369e-03 8.092338e-03 6.868665e-03 9.404560e-03 3.210155e-03 9.552584e-03 5.551477e-03 6.106780e-03 6.292311e-03 8.308306e-03 5.260839e-03 1.212697e-02 2.156768e-03 1.069022e-02 1.024300e-02 4.079421e-03 1.171312e-02 1.347089e-02 1.140774e-02 8.057567e-03 7.668588e-03 8.886474e-03 1.188205e-02 1.088515e-02 1.161963e-02 8.909883e-03 6.210062e-03 1.448520e-02 7.492966e-03 8.978348e-03 1.294672e-02 1.820439e-02 9.413728e-03 6.352854e-03 3.626482e-03 1.307926e-02 1.571983e-02
<GCONST> -4.305291e+02
<TRANSP> 4
 0.000000e+00 1.000000e+00 0.000000e+00 0.000000e+00
 0.000000e+00 5.000000e-01 5.000000e-01 0.000000e+00
 0.000000e+00 0.000000e+00 5.000000e-01 5.000000e-01
 0.000000e+00 0.000000e+00 0.000000e+00 0.000000e+00
<ENDHMM>
