~o
<STREAMINFO> 1 142
<VECSIZE> 142<NULLD><USER><DIAGC>
~h "invention"
<BEGINHMM>
<NUMSTATES> 4
<STATE> 2
<MEAN> 142
 8.793401e-01 3.507441e-01 4.171510e-01 3.206180e-01 2.310886e-01 3.390848e-01 4.262751e-01 4.086696e-01 2.950501e-01 3.475414e-01 4.380030e-01 4.327109e-01 4.060326e-01 4.516534e-01 2.028105e-01 3.285430e-01 3.875322e-01 4.036150e-01 3.475998e-01 4.325624e-01 5.021355e-01 5.137329e-01 4.351606e-01 4.522057e-01 4.510697e-01 3.957553e-01 4.310099e-01 3.686881e-01 3.930582e-01 2.866786e-01 4.609471e-01 4.704979e-01 4.881049e-01 4.114788e-01 4.216750e-01 3.662057e-01 2.224828e-01 2.791637e-01 3.062389e-01 2.347915e-01 3.063033e-01 4.133913e-01 3.065047e-01 4.424761e-01 2.391112e-01 4.164887e-01 4.296241e-01 3.365272e-01 3.879119e-01 3.586635e-01 4.721611e-01 4.364598e-01 4.233282e-01 2.259563e-01 5.462951e-01 3.568325e-01 4.802616e-01 3.508013e-01 3.917499e-01 2.625369e-01 5.096062e-01 4.768523e-01 3.534529e-01 3.981064e-01 3.546713e-01 4.783197e-01 3.085893e-01 3.500904e-01 4.851998e-01 3.187708e-01 5.033262e-01 5.311303e-01 4.418154e-01 4.231519e-01 4.002648e-01 3.994859e-01 4.664419e-01 4.725497e-01 4.045365e-01 4.428973e-01 3.992017e-01 3.513988e-01 3.676257e-01 5.169573e-01 2.615560e-01 5.247416e-01 3.884813e-01 4.270387e-01 4.388525e-01 3.379866e-01 3.920001e-01 3.800355e-01 3.930347e-01 3.776680e-01 3.826118e-01 4.487443e-01 4.080257e-01 3.253237e-01 3.598954e-01 4.085597e-01 3.538372e-01 5.167712e-01 3.399171e-01 3.339927e-01 2.844095e-01 2.798451e-01 3.778192e-01 3.361503e-01 4.023550e-01 3.654523e-01 4.422736e-01 3.964140e-01 2.840970e-01 2.732170e-01 3.667267e-01 4.106058e-01 4.295821e-01 3.883746e-01 4.123703e-01 4.264462e-01 4.103790e-01 5.572921e-01 5.109399e-01 4.515788e-01 4.536921e-01 4.227650e-01 4.156068e-01 3.663540e-01 3.405645e-01 4.430532e-01 3.722648e-01 4.000643e-01 4.613228e-01 4.281797e-01 3.158270e-01 3.725992e-01 4.962244e-01 3.584567e-01 2.839348e-01 3.402439e-01 4.922964e-01 5.115876e-01
<VARIANCE> 142
 2.527539e-02 1.370689e-03 5.541415e-03 1.742156e-03 4.791372e-03 7.649567e-03 8.524446e-03 6.116115e-03 3.123613e-03 4.839129e-03 5.219054e-03 3.979871e-03 8.280223e-03 5.154249e-03 5.996061e-03 2.774959e-03 2.281519e-03 5.629974e-03 3.570358e-03 9.886100e-03 4.651080e-03 7.500225e-03 9.574215e-03 3.053793e-03 4.325254e-03 9.925670e-03 3.063139e-03 3.229066e-03 2.994954e-03 6.137274e-03 3.332567e-03 5.137723e-03 1.987044e-02 7.345753e-03 2.000714e-03 3.435080e-03 3.823831e-03 8.928990e-03 6.793890e-03 3.430581e-03 1.889927e-02 4.809514e-03 4.820302e-03 1.584768e-02 3.623844e-03 1.382094e-03 6.126012e-03 4.389581e-03 4.258748e-03 1.814689e-03 1.000000e-03 1.639749e-02 2.898767e-03 5.513331e-03 1.186754e-02 5.516680e-03 4.975906e-03 5.201219e-03 7.462378e-03 6.439603e-03 8.712323e-03 5.934790e-03 2.432376e-03 3.157356e-03 1.234248e-02 3.551853e-03 1.416962e-02 4.625076e-03 3.496557e-03 3.741392e-03 7.577959e-03 1.234532e-02 1.946026e-03 4.371004e-03 9.513203e-03 8.691132e-03 1.326779e-02 6.536412e-03 3.139116e-03 3.393473e-03 5.657723e-03 1.950582e-03 7.165677e-03 6.907132e-03 1.381229e-03 1.529342e-02 2.232647e-03 3.209457e-03 6.180267e-03 1.492412e-03 5.022139e-03 4.827514e-03 3.882658e-03 7.650663e-03 1.785241e-03 6.238094e-03 3.391175e-03 1.357888e-02 4.589235e-03 4.591792e-03 2.634281e-03 1.165505e-02 4.909488e-03 1.010824e-02 2.746978e-03 7.411502e-03 5.501261e-03 4.896621e-03 3.124012e-03 3.881348e-03 4.460810e-03 5.313206e-03 1.639986e-03 2.543980e-03 2.125559e-03 2.820224e-03 5.453828e-03 4.385961e-03 6.382525e-03 8.501790e-03 1.598098e-03 4.447283e-03 1.050372e-02 1.012324e-02 1.156536e-02 2.930249e-03 3.136985e-03 1.383387e-02 5.804871e-03 5.314601e-03 8.562494e-03 6.599804e-03 2.605086e-02 4.353086e-03 1.500609e-03 1.263995e-03 4.969662e-03 4.421720e-03 6.520246e-03 2.093935e-03 8.357649e-03 8.858335e-03
<GCONST> -4.928315e+02
<STATE> 3
<MEAN> 142
 5.679859e-01 3.730618e-01 3.708050e-01 3.835477e-01 3.186056e-01 3.168568e-01 3.826250e-01 4.494137e-01 4.522227e-01 4.740185e-01 5.042790e-01 4.777046e-01 4.149415e-01 5.341821e-01 3.911122e-01 4.453377e-01 4.034729e-01 4.190740e-01 3.871648e-01 4.260150e-01 5.019779e-01 5.621545e-01 4.370468e-01 4.849009e-01 5.237466e-01 4.504668e-01 4.536298e-01 3.315436e-01 4.686808e-01 4.154992e-01 4.863446e-01 4.833125e-01 3.132348e-01 5.862041e-01 4.322874e-01 4.627818e-01 3.811664e-01 4.287960e-01 4.410731e-01 3.644126e-01 4.125269e-01 4.944559e-01 3.701838e-01 4.515063e-01 1.900005e-01 3.790573e-01 4.872028e-01 5.058853e-01 4.778807e-01 4.255792e-01 5.272577e-01 5.002015e-01 4.824379e-01 3.365609e-01 4.288026e-01 3.866593e-01 5.575392e-01 3.900635e-01 4.433296e-01 3.266794e-01 4.304022e-01 4.237060e-01 4.249556e-01 4.226360e-01 4.052580e-01 4.331826e-01 5.008345e-01 4.494496e-01 3.704405e-01 4.570648e-01 4.495037e-01 4.419979e-01 4.344527e-01 4.531696e-01 3.124908e-01 3.865956e-01 3.872893e-01 4.262615e-01 5.388089e-01 5.087051e-01 4.443441e-01 4.429830e-01 4.611129e-01 4.667135e-01 2.742414e-01 3.631441e-01 4.517321e-01 4.814353e-01 4.790737e-01 3.481128e-01 4.524231e-01 3.257789e-01 3.731650e-01 4.065362e-01 3.929636e-01 4.484166e-01 4.333335e-01 3.572338e-01 5.402693e-01 4.764757e-01 4.437714e-01 5.155650e-01 4.621706e-01 4.323605e-01 4.053365e-01 3.995791e-01 4.459504e-01 4.773855e-01 4.549046e-01 3.959058e-01 4.674846e-01 4.103263e-01 3.015364e-01 3.821968e-01 3.253767e-01 3.971179e-01 4.329107e-01 4.467695e-01 4.180314e-01 5.450225e-01 5.119967e-01 4.612935e-01 4.973948e-01 3.133711e-01 5.045065e-01 4.037967e-01 3.763041e-01 4.370908e-01 3.936665e-01 4.699704e-01 4.306092e-01 4.089531e-01 3.902393e-01 4.955199e-01 4.182839e-01 4.660382e-01 3.911280e-01 4.430977e-01 4.077464e-01 4.302269e-01 4.921944e-01 4.001280e-01
<VARIANCE> 142
 5.659066e-02 1.172824e-02 1.790966e-02 9.688499e-03 9.276696e-03 2.566875e-02 6.748221e-03 9.164265e-03 2.134546e-02 1.042681e-02 2.408819e-02 4.992612e-03 2.554830e-02 2.603596e-02 1.017241e-02 4.096244e-03 2.308769e-03 9.062024e-03 1.822902e-02 1.533786e-02 2.136275e-02 8.598307e-03 1.188441e-02 1.034924e-02 3.825701e-03 2.471801e-02 2.269518e-02 5.796850e-03 8.200218e-03 1.819417e-02 7.402286e-03 9.427529e-03 2.470035e-02 2.648978e-02 2.165937e-03 1.255946e-02 1.506231e-02 3.411821e-02 2.304899e-02 2.160469e-02 3.499224e-02 1.122554e-02 6.698438e-03 1.261185e-02 3.669692e-03 4.397093e-03 1.305529e-02 2.113379e-02 4.312394e-03 1.024006e-02 2.280626e-03 3.248618e-02 5.868182e-03 1.143106e-02 1.637166e-02 1.424336e-02 2.860638e-02 2.345989e-02 1.256058e-02 1.538288e-02 1.395121e-02 4.869840e-03 8.066827e-03 6.913310e-03 2.587578e-02 6.110617e-03 3.338625e-02 2.016414e-02 1.484821e-02 1.984769e-02 7.781308e-03 1.311895e-02 6.544039e-03 6.558259e-03 2.826484e-02 2.572911e-02 1.492957e-02 2.373516e-02 6.669490e-03 9.364307e-03 7.245494e-03 9.129631e-03 1.401387e-02 7.040350e-03 1.690746e-03 2.367514e-02 1.799163e-02 4.551755e-03 5.107202e-03 8.631886e-03 8.939473e-03 2.405564e-02 5.954785e-03 8.513077e-03 1.044067e-02 1.071144e-02 7.307028e-03 3.165917e-02 3.627590e-02 7.637582e-03 1.186436e-02 9.029635e-03 1.193368e-02 1.842283e-02 2.504655e-02 7.790471e-03 1.554010e-02 1.245994e-02 2.630015e-02 1.228276e-02 8.641261e-03 7.810150e-03 3.237474e-03 2.544277e-02 1.773615e-03 1.432355e-02 1.318473e-02 4.962612e-03 5.954700e-03 1.978235e-02 6.609071e-03 1.134289e-02 1.169007e-02 1.562107e-02 1.584427e-02 9.382543e-03 3.702115e-03 1.558132e-02 1.231628e-02 1.246435e-02 7.392795e-03 7.381856e-03 4.100785e-02 1.705681e-02 1.800654e-02 8.530010e-03 6.528808e-03 6.607109e-03 2.101427e-02 9.420176e-03 7.445750e-03 1.548644e-02
<GCONST> -3.738755e+02
<TRANSP> 4
 0.000000e+00 1.000000e+00 0.000000e+00 0.000000e+00
 0.000000e+00 5.000000e-01 5.000000e-01 0.000000e+00
 0.000000e+00 0.000000e+00 5.000000e-01 5.000000e-01
 0.000000e+00 0.000000e+00 0.000000e+00 0.000000e+00
<ENDHMM>
