~o
<STREAMINFO> 1 142
<VECSIZE> 142<NULLD><USER><DIAGC>
~h "invite"
<BEGINHMM>
<NUMSTATES> 4
<STATE> 2
<MEAN> 142
 5.286519e-01 2.453367e-01 3.774000e-01 2.900156e-01 2.932969e-01 3.576427e-01 3.468273e-01 3.052869e-01 3.968065e-01 4.388988e-01 4.826623e-01 3.990848e-01 4.000629e-01 4.892800e-01 3.535763e-01 3.248830e-01 3.871235e-01 3.698215e-01 3.708448e-01 4.495318e-01 5.266469e-01 5.229462e-01 4.537154e-01 4.764313e-01 5.449753e-01 4.177550e-01 3.615611e-01 2.971244e-01 4.443713e-01 4.013459e-01 4.829932e-01 4.150399e-01 2.981045e-01 5.350206e-01 4.528221e-01 3.843842e-01 3.528814e-01 4.283889e-01 4.068859e-01 3.701168e-01 4.313988e-01 4.475634e-01 3.778026e-01 4.007038e-01 1.398103e-01 2.993006e-01 4.366756e-01 4.754862e-01 4.490246e-01 3.765703e-01 5.348784e-01 5.196404e-01 4.594856e-01 2.946320e-01 4.203412e-01 3.413433e-01 4.191079e-01 4.022693e-01 4.073204e-01 3.266816e-01 4.295042e-01 3.914048e-01 3.522527e-01 4.236528e-01 4.011118e-01 4.124051e-01 5.183122e-01 4.357545e-01 4.082069e-01 4.410762e-01 4.961994e-01 4.047828e-01 3.786978e-01 4.271087e-01 3.237532e-01 4.229157e-01 4.239444e-01 4.184613e-01 5.442181e-01 4.682375e-01 4.150616e-01 3.598185e-01 4.129033e-01 4.290659e-01 3.225039e-01 3.320860e-01 4.023470e-01 4.580841e-01 4.845163e-01 2.753243e-01 3.330871e-01 2.496135e-01 3.942474e-01 3.343032e-01 3.544459e-01 4.478906e-01 3.933406e-01 3.540191e-01 5.504239e-01 5.074726e-01 4.280806e-01 4.280760e-01 3.966891e-01 3.957515e-01 3.422274e-01 3.889663e-01 3.951003e-01 4.235352e-01 4.030163e-01 3.842143e-01 3.797243e-01 3.188210e-01 3.266242e-01 3.245309e-01 3.399581e-01 4.477835e-01 3.659022e-01 4.699924e-01 3.668841e-01 4.094241e-01 4.657063e-01 4.524244e-01 4.252550e-01 2.950477e-01 4.917248e-01 3.398363e-01 3.417149e-01 3.814951e-01 3.285385e-01 4.891697e-01 4.006192e-01 3.866281e-01 3.386050e-01 4.616860e-01 3.935749e-01 4.775287e-01 3.700458e-01 4.255753e-01 3.952127e-01 3.852730e-01 4.196438e-01 4.136899e-01
<VARIANCE> 142
 1.546975e-02 6.433103e-03 1.402049e-02 3.444833e-03 3.774808e-03 3.309976e-02 2.534789e-03 1.053757e-02 1.591745e-02 5.265773e-03 2.752468e-02 5.000331e-03 1.106039e-02 1.428020e-02 1.457495e-02 4.045669e-03 1.406450e-02 1.581319e-02 2.942830e-02 2.460634e-02 1.130705e-02 2.176698e-02 1.634166e-02 1.394767e-02 1.723525e-02 2.918817e-02 1.093591e-02 6.201481e-03 1.716384e-02 1.687120e-02 7.931259e-03 4.868045e-03 1.313126e-02 7.735745e-03 2.036304e-03 1.832702e-02 1.170557e-02 2.505672e-02 1.439069e-02 5.709823e-03 1.767401e-02 1.533390e-02 1.753593e-02 2.948135e-02 3.832753e-03 1.176845e-02 2.401919e-02 1.413833e-02 1.332223e-02 8.895597e-03 7.301610e-03 4.010431e-02 1.130329e-02 9.707698e-03 1.169542e-02 4.269137e-03 1.575005e-02 3.095175e-02 2.490970e-02 7.229903e-03 1.823496e-02 3.516017e-03 2.899921e-03 1.122998e-02 9.736024e-03 6.255064e-03 2.108123e-02 1.245945e-02 5.546336e-03 1.905574e-02 1.070850e-02 1.592091e-02 8.756061e-03 2.252094e-03 2.764156e-02 1.685473e-02 1.142435e-02 1.053317e-02 9.041983e-03 1.265153e-02 4.872820e-03 1.314308e-02 3.252022e-02 1.669664e-02 7.100704e-03 2.277409e-02 3.871103e-03 7.492327e-03 1.941060e-03 6.602306e-03 6.315038e-03 1.053600e-02 4.839273e-03 5.168441e-03 1.253003e-02 5.320044e-03 4.410536e-03 5.278104e-03 1.560050e-02 1.991521e-02 5.506920e-03 9.651858e-03 1.170855e-02 2.695948e-02 1.863937e-02 1.246788e-02 2.372497e-02 1.774763e-02 7.736708e-03 4.982720e-03 5.506545e-03 3.164439e-03 1.600291e-03 1.274237e-02 1.054995e-02 1.275371e-02 9.599496e-03 1.521692e-02 4.289124e-03 1.230027e-02 4.468190e-03 1.588601e-02 5.157312e-03 1.416133e-02 2.341453e-02 7.542257e-03 5.649990e-03 1.633693e-02 1.523179e-02 1.818352e-02 5.736306e-03 3.341186e-03 1.557428e-02 1.297090e-02 1.233778e-02 1.546526e-02 7.841768e-03 1.139901e-02 1.576348e-02 8.583094e-03 1.129623e-02 1.626216e-02
<GCONST> -3.875518e+02
<STATE> 3
<MEAN> 142
 7.859144e-01 3.980040e-01 4.104236e-01 3.469826e-01 2.719571e-01 4.035744e-01 4.480981e-01 3.890139e-01 3.335465e-01 3.734822e-01 4.044971e-01 4.835643e-01 4.363185e-01 4.388621e-01 2.586355e-01 3.391240e-01 4.108244e-01 4.130118e-01 3.379055e-01 4.463892e-01 4.768377e-01 4.656749e-01 4.323870e-01 4.304253e-01 4.155537e-01 4.403778e-01 4.083759e-01 4.218385e-01 3.763421e-01 3.950142e-01 4.519520e-01 4.475967e-01 5.335590e-01 3.973428e-01 4.298307e-01 3.659267e-01 2.624104e-01 2.958789e-01 2.800829e-01 3.513374e-01 3.431476e-01 3.908612e-01 3.296933e-01 4.306237e-01 2.860134e-01 4.659415e-01 3.987381e-01 3.616030e-01 3.945122e-01 3.556492e-01 4.919278e-01 4.413429e-01 4.588942e-01 2.901640e-01 5.198158e-01 3.471982e-01 4.010457e-01 3.549468e-01 3.621609e-01 2.848723e-01 5.458910e-01 4.629574e-01 3.698231e-01 4.238357e-01 4.035363e-01 5.032630e-01 3.784951e-01 3.681461e-01 4.552478e-01 3.725306e-01 5.123860e-01 5.475884e-01 4.440444e-01 4.289099e-01 4.395435e-01 4.349875e-01 4.798243e-01 4.286837e-01 4.073803e-01 3.967536e-01 4.020725e-01 3.438931e-01 3.472018e-01 4.524761e-01 3.283653e-01 5.090984e-01 3.799181e-01 4.417257e-01 4.306277e-01 4.159553e-01 4.029389e-01 4.194196e-01 4.402941e-01 3.926207e-01 3.935847e-01 4.902865e-01 4.096982e-01 3.657804e-01 3.680438e-01 4.280299e-01 3.577223e-01 4.894416e-01 3.551279e-01 3.701067e-01 3.092918e-01 2.835367e-01 4.125402e-01 3.462225e-01 3.890890e-01 3.611003e-01 4.476156e-01 4.247537e-01 3.394347e-01 3.115219e-01 3.881292e-01 4.754024e-01 4.064075e-01 3.782104e-01 4.440764e-01 4.158988e-01 3.943646e-01 5.439534e-01 4.437578e-01 4.987347e-01 4.681345e-01 4.444932e-01 4.428877e-01 3.410492e-01 3.534641e-01 4.296180e-01 3.986740e-01 3.911988e-01 4.925774e-01 3.953277e-01 3.364338e-01 3.614752e-01 5.540543e-01 3.829630e-01 3.590247e-01 3.429180e-01 5.081897e-01 4.900364e-01
<VARIANCE> 142
 4.071254e-02 1.378779e-02 8.284156e-03 5.324803e-03 4.792755e-03 9.140668e-03 1.057276e-02 7.742283e-03 6.486696e-03 5.298084e-03 5.662403e-03 5.451285e-03 9.792143e-03 3.628627e-03 1.445143e-02 3.813857e-03 6.640443e-03 8.242385e-03 6.298915e-03 8.951616e-03 3.300169e-03 1.484142e-02 8.642795e-03 2.670935e-03 3.977577e-03 7.492454e-03 3.721836e-03 1.075727e-02 3.309688e-03 1.803624e-02 4.982006e-03 3.157612e-03 1.542193e-02 5.581598e-03 3.083790e-03 2.220182e-03 1.072527e-02 8.261698e-03 5.865947e-03 3.721795e-02 1.284229e-02 2.882750e-03 1.153318e-02 1.104834e-02 5.658860e-03 5.530710e-03 5.709690e-03 8.740809e-03 1.165860e-02 2.695655e-03 2.767307e-03 7.452275e-03 3.969505e-03 1.174365e-02 5.190465e-03 1.189168e-02 1.018619e-02 6.683789e-03 4.565768e-03 6.198369e-03 1.364310e-02 4.760745e-03 6.502621e-03 4.923134e-03 1.392529e-02 2.231644e-02 1.163579e-02 5.965089e-03 5.157250e-03 1.849935e-02 5.339755e-03 8.332898e-03 2.994357e-03 1.295792e-03 5.496738e-03 5.715413e-03 2.984062e-03 2.458013e-02 4.746164e-03 1.070130e-02 4.041709e-03 2.502576e-03 6.612615e-03 7.215396e-03 8.911987e-03 8.689946e-03 2.222226e-03 1.542405e-03 4.985639e-03 1.039844e-02 1.516445e-02 1.751369e-02 5.816993e-03 5.524600e-03 3.019379e-03 2.765838e-03 9.007699e-03 5.297513e-03 5.894425e-03 9.459596e-03 8.696281e-03 6.214453e-03 4.772124e-03 1.495373e-02 7.611860e-03 4.678923e-03 4.819071e-03 5.585823e-03 3.243948e-03 7.651605e-03 4.720991e-03 1.209008e-02 7.295660e-03 4.596233e-03 7.458085e-03 1.228460e-02 1.411445e-02 1.057556e-02 5.928646e-03 4.011194e-03 2.618770e-03 1.211231e-02 1.134011e-02 2.906534e-02 7.620170e-03 7.513183e-03 1.147670e-02 5.522292e-03 1.545861e-02 2.456273e-03 9.604517e-03 1.816249e-03 1.232653e-02 5.968027e-03 6.461314e-03 3.709035e-03 1.334782e-02 1.291698e-02 3.497733e-02 3.534749e-03 5.016730e-03 8.287869e-03
<GCONST> -4.465467e+02
<TRANSP> 4
 0.000000e+00 1.000000e+00 0.000000e+00 0.000000e+00
 0.000000e+00 5.000000e-01 5.000000e-01 0.000000e+00
 0.000000e+00 0.000000e+00 5.000000e-01 5.000000e-01
 0.000000e+00 0.000000e+00 0.000000e+00 0.000000e+00
<ENDHMM>
