~o
<STREAMINFO> 1 142
<VECSIZE> 142<NULLD><USER><DIAGC>
~h "language"
<BEGINHMM>
<NUMSTATES> 4
<STATE> 2
<MEAN> 142
 5.406339e-01 3.162258e-01 4.056088e-01 3.329823e-01 3.233916e-01 3.223566e-01 3.250847e-01 3.004681e-01 4.416440e-01 4.385067e-01 6.014662e-01 4.538511e-01 3.862112e-01 6.355475e-01 3.323368e-01 3.164924e-01 3.375817e-01 3.332809e-01 3.653897e-01 3.950690e-01 5.574006e-01 5.138329e-01 4.129357e-01 4.594938e-01 5.381469e-01 3.861244e-01 4.454172e-01 2.867631e-01 4.404024e-01 4.241652e-01 5.052497e-01 3.862227e-01 2.763592e-01 4.833694e-01 4.436465e-01 2.343821e-01 4.215904e-01 3.629776e-01 3.897260e-01 3.274958e-01 3.374101e-01 3.717062e-01 3.492911e-01 3.214628e-01 1.654190e-01 2.991869e-01 5.018572e-01 3.921093e-01 4.413638e-01 3.870302e-01 5.061191e-01 4.462600e-01 4.748507e-01 3.147918e-01 3.606501e-01 4.250500e-01 5.415343e-01 3.853491e-01 3.604178e-01 4.229618e-01 3.827275e-01 3.614097e-01 4.001769e-01 3.835896e-01 3.310828e-01 3.819647e-01 3.386287e-01 4.226586e-01 3.882876e-01 3.879941e-01 4.676722e-01 3.535737e-01 3.896853e-01 4.942058e-01 3.067895e-01 3.419123e-01 4.060669e-01 4.287014e-01 5.278081e-01 4.742452e-01 4.399093e-01 3.625102e-01 3.340795e-01 4.691941e-01 3.179143e-01 3.221762e-01 3.553438e-01 4.913860e-01 4.788458e-01 2.677696e-01 3.656727e-01 2.357258e-01 3.758235e-01 3.602532e-01 4.107238e-01 4.470519e-01 3.625253e-01 3.067825e-01 4.245111e-01 4.542783e-01 4.563209e-01 4.895930e-01 4.226165e-01 3.599149e-01 3.646518e-01 3.548292e-01 3.621981e-01 4.446737e-01 4.378373e-01 3.924332e-01 4.250946e-01 3.726232e-01 2.907028e-01 3.071515e-01 3.591115e-01 3.957442e-01 3.756489e-01 4.522517e-01 3.769781e-01 4.600426e-01 4.422859e-01 4.606678e-01 4.394495e-01 2.278133e-01 3.874189e-01 3.499078e-01 3.857503e-01 3.261793e-01 2.974783e-01 4.769690e-01 3.516445e-01 3.707045e-01 3.121672e-01 4.574554e-01 3.041556e-01 4.166890e-01 3.687385e-01 3.484634e-01 3.058273e-01 3.984462e-01 4.266333e-01 4.672552e-01
<VARIANCE> 142
 1.296907e-02 1.530858e-02 6.753590e-03 1.393870e-02 1.766701e-02 1.256663e-02 4.407676e-03 9.014738e-03 9.116258e-03 5.061992e-03 3.406142e-02 6.024236e-03 9.112810e-03 2.794477e-02 9.567744e-03 1.383967e-02 3.155183e-03 6.393292e-03 1.851092e-02 1.713091e-02 2.438446e-02 3.148147e-02 1.064775e-02 1.253597e-02 2.977630e-03 1.547052e-03 1.145422e-02 1.021922e-02 5.593272e-03 8.343517e-03 7.014743e-03 5.043569e-03 9.667926e-03 9.239006e-03 1.872535e-03 1.766473e-02 1.654275e-02 1.972342e-02 1.756084e-02 5.952604e-03 9.644175e-03 7.828709e-03 2.686476e-03 9.394260e-03 2.699085e-03 4.856547e-03 2.327094e-02 3.768259e-03 1.968425e-02 6.132702e-03 3.329924e-03 1.726854e-02 6.684571e-03 7.370858e-03 6.378303e-03 9.860578e-03 4.279580e-02 8.873051e-03 1.337822e-02 1.281971e-02 1.980507e-03 1.775236e-03 6.767475e-03 4.798773e-03 8.134679e-03 2.990724e-03 3.145430e-03 1.037622e-02 1.890835e-03 7.241203e-03 5.468966e-03 5.093690e-03 2.224932e-03 1.472854e-02 1.038148e-02 1.323123e-03 5.465425e-03 1.134216e-02 9.264042e-03 1.556511e-02 1.472883e-02 1.882591e-02 1.140093e-02 1.195339e-02 3.382487e-03 1.413614e-02 1.081664e-03 3.042931e-03 1.089051e-03 1.430364e-03 7.503599e-03 3.861125e-03 8.584255e-03 8.737175e-03 3.947390e-03 3.722667e-03 3.865126e-03 4.478388e-03 8.445714e-03 3.299121e-03 6.862435e-03 8.660743e-03 8.628134e-03 9.850455e-03 1.978507e-02 1.469842e-02 1.052882e-02 1.234183e-02 1.039685e-02 7.949577e-03 5.890629e-03 1.082225e-02 8.689321e-03 1.038108e-02 3.415639e-03 3.530817e-03 8.826301e-03 5.566002e-03 8.123812e-03 2.232171e-02 1.178055e-02 5.176799e-03 8.053054e-03 1.165996e-02 1.193402e-02 5.842426e-03 2.281195e-03 1.009056e-02 1.595212e-02 1.868282e-02 6.458116e-03 8.257111e-03 6.111570e-03 1.222672e-02 1.131071e-02 1.600453e-02 3.904063e-03 1.880941e-02 1.488152e-02 1.063994e-02 7.740986e-03 8.392941e-03
<GCONST> -4.287880e+02
<STATE> 3
<MEAN> 142
 5.491199e-01 3.944712e-01 2.988612e-01 3.289814e-01 3.061110e-01 2.710883e-01 3.450827e-01 3.289300e-01 3.395369e-01 3.663958e-01 4.085679e-01 4.158660e-01 3.938284e-01 4.530298e-01 3.414024e-01 3.362034e-01 4.271325e-01 4.838298e-01 2.618210e-01 3.485626e-01 4.295205e-01 4.531451e-01 3.418904e-01 4.634452e-01 4.524845e-01 3.569803e-01 3.837224e-01 3.904634e-01 4.596390e-01 3.381845e-01 4.341931e-01 4.418837e-01 3.663128e-01 5.063572e-01 4.077749e-01 3.708718e-01 3.186857e-01 3.625815e-01 4.391695e-01 3.305969e-01 4.032644e-01 5.371553e-01 2.952748e-01 3.072535e-01 2.320626e-01 4.038091e-01 3.837731e-01 4.042326e-01 3.851876e-01 2.947712e-01 4.935289e-01 3.901766e-01 3.982754e-01 2.695680e-01 3.874789e-01 3.712043e-01 3.828558e-01 2.808495e-01 2.750498e-01 3.044566e-01 4.348526e-01 4.370586e-01 4.009096e-01 3.869972e-01 4.167338e-01 4.062470e-01 3.409341e-01 3.446402e-01 3.821424e-01 3.976540e-01 4.878592e-01 3.516790e-01 3.843103e-01 3.928565e-01 3.324367e-01 3.361302e-01 4.352153e-01 3.712582e-01 4.132971e-01 4.369665e-01 4.901585e-01 3.796318e-01 4.100517e-01 3.748166e-01 3.066037e-01 3.799061e-01 3.832788e-01 4.280969e-01 4.834894e-01 3.307646e-01 3.325191e-01 2.889225e-01 4.567616e-01 3.175288e-01 3.831544e-01 4.645113e-01 4.562302e-01 4.096051e-01 4.397213e-01 3.931083e-01 3.987101e-01 4.295474e-01 3.150331e-01 3.919903e-01 2.812884e-01 2.433152e-01 3.393794e-01 3.366876e-01 3.637252e-01 3.239157e-01 3.285212e-01 3.274107e-01 3.268611e-01 3.191200e-01 3.194836e-01 3.734781e-01 3.881238e-01 4.195410e-01 4.261650e-01 3.523298e-01 4.089791e-01 4.599684e-01 4.062128e-01 3.348925e-01 3.457454e-01 3.987886e-01 3.930913e-01 4.655500e-01 3.678532e-01 3.640444e-01 4.083292e-01 4.362766e-01 4.047350e-01 4.146148e-01 3.876909e-01 4.074186e-01 4.419622e-01 4.611501e-01 4.064880e-01 3.915710e-01 3.949378e-01 4.013867e-01
<VARIANCE> 142
 2.644038e-02 4.174252e-03 7.870041e-03 8.174897e-03 1.303344e-02 2.135590e-02 1.339940e-02 1.222914e-02 3.980595e-03 5.276279e-03 9.782473e-03 4.304345e-03 3.280704e-03 1.289684e-02 1.041692e-02 1.969939e-02 3.785668e-03 1.915060e-02 4.271278e-03 1.028313e-02 7.906286e-03 1.314737e-02 7.369997e-03 7.182216e-03 1.578987e-03 1.827767e-03 3.709699e-03 1.535729e-02 9.658191e-03 8.637416e-03 3.627666e-03 2.872457e-03 2.850569e-02 2.198020e-02 1.821524e-03 1.511469e-02 6.040360e-03 1.046725e-02 1.855275e-02 2.232596e-02 6.259628e-03 1.051204e-02 3.606587e-03 9.338244e-03 1.417491e-02 1.131780e-02 1.068469e-02 1.123487e-02 6.258876e-03 4.908520e-03 4.747584e-03 9.075487e-03 6.301063e-03 2.740086e-03 1.552735e-02 5.248970e-03 1.173939e-02 1.085968e-02 5.487271e-03 9.304864e-03 9.221708e-03 5.471771e-03 3.852691e-03 2.806908e-03 2.395851e-02 1.999706e-02 1.478309e-02 8.868086e-03 7.951448e-03 1.070862e-02 1.883707e-02 2.038886e-02 3.696738e-03 6.484985e-03 1.081184e-02 8.629838e-03 1.584396e-02 1.704543e-02 5.827391e-03 9.828922e-03 1.357310e-02 3.816438e-03 1.547876e-02 1.127700e-02 1.915164e-02 1.398277e-02 5.299276e-03 4.271117e-03 2.418530e-03 4.549264e-03 7.273096e-03 8.623036e-03 3.018235e-02 8.202135e-03 4.781677e-03 2.180310e-02 9.979335e-03 2.324548e-02 1.295974e-02 1.023029e-02 4.993699e-03 6.014420e-03 3.426183e-03 1.221803e-02 8.778266e-03 5.320840e-03 4.376343e-03 9.298655e-03 7.988627e-03 1.383616e-02 7.544170e-03 8.659235e-03 3.502433e-02 2.715251e-03 7.303476e-03 1.746515e-02 1.065948e-02 1.025207e-02 5.767636e-03 6.261273e-03 4.287116e-03 5.569748e-03 1.056790e-02 1.985291e-02 1.454359e-02 3.746418e-03 1.046601e-02 3.280133e-02 1.551307e-02 1.371568e-02 2.339657e-02 1.004748e-02 2.391710e-02 9.490719e-03 1.359566e-02 7.533542e-03 8.911262e-03 1.151703e-02 3.223192e-02 4.466311e-03 8.297213e-03 1.217691e-02
<GCONST> -4.105533e+02
<TRANSP> 4
 0.000000e+00 1.000000e+00 0.000000e+00 0.000000e+00
 0.000000e+00 5.000000e-01 5.000000e-01 0.000000e+00
 0.000000e+00 0.000000e+00 5.000000e-01 5.000000e-01
 0.000000e+00 0.000000e+00 0.000000e+00 0.000000e+00
<ENDHMM>
