~o
<STREAMINFO> 1 142
<VECSIZE> 142<NULLD><USER><DIAGC>
~h "learn"
<BEGINHMM>
<NUMSTATES> 4
<STATE> 2
<MEAN> 142
 5.642322e-01 4.240006e-01 3.492230e-01 3.371175e-01 3.129047e-01 2.209469e-01 2.880048e-01 3.081258e-01 3.325766e-01 4.223669e-01 4.516433e-01 3.771203e-01 3.853563e-01 4.591425e-01 3.930883e-01 3.375558e-01 4.435025e-01 5.318047e-01 2.599002e-01 3.168395e-01 4.496303e-01 4.633057e-01 3.048780e-01 5.056548e-01 4.726266e-01 3.598607e-01 4.381788e-01 4.681916e-01 4.908250e-01 3.771766e-01 4.325723e-01 4.575639e-01 3.320664e-01 4.687434e-01 4.590233e-01 4.285811e-01 4.284074e-01 3.807216e-01 4.393257e-01 2.932796e-01 4.230407e-01 5.525281e-01 3.494077e-01 2.640117e-01 1.911994e-01 4.429754e-01 4.706443e-01 3.896718e-01 4.530380e-01 3.452446e-01 4.597691e-01 3.764354e-01 3.966796e-01 3.076781e-01 4.902246e-01 4.309655e-01 3.764034e-01 2.578664e-01 3.227452e-01 3.032849e-01 3.510530e-01 4.648281e-01 3.819782e-01 3.861978e-01 4.108975e-01 5.013539e-01 4.084015e-01 3.326564e-01 3.918124e-01 3.948300e-01 4.263256e-01 3.299016e-01 4.285577e-01 3.363367e-01 2.817373e-01 3.790095e-01 4.044593e-01 4.692916e-01 4.260058e-01 4.161523e-01 4.869688e-01 4.250507e-01 4.739341e-01 4.380206e-01 3.169290e-01 4.004276e-01 3.495027e-01 3.712848e-01 5.004926e-01 2.796978e-01 3.461085e-01 2.771946e-01 4.555981e-01 3.515039e-01 5.165160e-01 4.305173e-01 5.004162e-01 4.191901e-01 4.548639e-01 3.565524e-01 3.909277e-01 5.071352e-01 3.130688e-01 4.078347e-01 3.755698e-01 3.101748e-01 3.629409e-01 4.136769e-01 3.322477e-01 3.520846e-01 3.527127e-01 3.640837e-01 3.555641e-01 3.886743e-01 4.426342e-01 3.908021e-01 3.984487e-01 4.484335e-01 4.266704e-01 3.833112e-01 4.763868e-01 5.501390e-01 5.052180e-01 3.860785e-01 3.307744e-01 4.458180e-01 4.251081e-01 4.710240e-01 4.244613e-01 3.243551e-01 3.818879e-01 5.176316e-01 3.908130e-01 4.474864e-01 5.130072e-01 4.811153e-01 4.682365e-01 5.383657e-01 3.602604e-01 4.494506e-01 4.947280e-01 4.061304e-01
<VARIANCE> 142
 7.041865e-03 4.157633e-03 6.521568e-03 2.565989e-02 1.568634e-02 1.418739e-02 4.115269e-03 7.453144e-03 4.503656e-03 3.563569e-03 3.504567e-03 4.552321e-03 6.100317e-03 7.568432e-03 2.629963e-02 7.631983e-03 2.030325e-03 8.544208e-03 7.736337e-03 1.017200e-02 5.185706e-03 8.097158e-03 6.976798e-03 5.118717e-03 1.000000e-03 2.380082e-03 9.768077e-03 1.462978e-02 3.733633e-03 4.672233e-03 2.854168e-03 1.819512e-03 9.149804e-03 2.568600e-03 6.256142e-03 1.408781e-02 1.798170e-02 1.823917e-02 8.097373e-03 7.789557e-03 7.595728e-03 4.731162e-03 1.183480e-02 6.977234e-03 6.293823e-03 9.767620e-03 8.504421e-03 1.268750e-02 5.490308e-03 2.860799e-03 1.078567e-02 1.020170e-02 5.597165e-03 5.264610e-03 6.418136e-03 4.359370e-03 6.682621e-03 8.875706e-03 6.903658e-03 9.319065e-03 6.697312e-03 4.664074e-03 3.093669e-03 6.489547e-03 9.181217e-03 2.602684e-02 1.935973e-02 1.249693e-02 2.810991e-03 1.565287e-03 2.926374e-03 5.776156e-03 5.108376e-03 1.245104e-02 1.377884e-02 4.076682e-03 3.231777e-03 1.246263e-02 5.883446e-03 5.202437e-03 3.451998e-03 6.010469e-03 1.228713e-02 2.476832e-03 1.211197e-02 3.986011e-03 1.052934e-03 3.803334e-03 2.387878e-03 2.546803e-03 3.628713e-03 4.627609e-03 6.538834e-03 6.755934e-03 7.176992e-03 7.860842e-03 1.503381e-02 9.085663e-03 5.142448e-03 4.097868e-03 4.433027e-03 1.259714e-02 5.018809e-03 5.914389e-03 1.354287e-02 6.966407e-03 3.210841e-03 3.020848e-03 4.471621e-03 7.805638e-03 5.865962e-03 4.090659e-03 1.382530e-02 9.278542e-03 1.927946e-02 5.248055e-03 1.618203e-02 3.413250e-03 3.456292e-03 4.135953e-03 4.843622e-03 7.829344e-03 8.093593e-03 1.259980e-02 6.375058e-03 4.304203e-03 2.808837e-03 8.123763e-03 1.083078e-02 5.265084e-03 9.999394e-03 1.840181e-02 6.952750e-03 1.200348e-02 5.471123e-02 1.063344e-02 5.548049e-03 3.422150e-02 2.080027e-02 7.436664e-03 1.681418e-02 7.701690e-03
<GCONST> -4.501219e+02
<STATE> 3
<MEAN> 142
 5.762462e-01 3.353162e-01 3.961954e-01 3.892611e-01 3.531680e-01 3.704425e-01 4.165876e-01 3.536682e-01 3.974265e-01 4.145361e-01 5.291663e-01 3.960142e-01 3.439013e-01 5.107130e-01 3.427179e-01 3.693066e-01 3.944812e-01 4.379855e-01 3.809732e-01 3.501205e-01 5.262920e-01 5.037979e-01 4.319373e-01 4.576675e-01 4.912995e-01 4.100232e-01 4.755652e-01 3.635263e-01 4.363765e-01 3.772636e-01 5.198481e-01 4.035751e-01 4.285847e-01 4.971424e-01 4.254286e-01 3.534317e-01 3.989594e-01 3.026713e-01 3.564015e-01 3.968807e-01 3.430417e-01 4.418876e-01 3.584912e-01 3.076392e-01 2.873200e-01 3.735610e-01 4.669479e-01 4.297864e-01 4.485092e-01 3.694652e-01 4.611922e-01 3.697100e-01 4.271913e-01 2.796457e-01 4.098364e-01 4.359628e-01 5.000905e-01 4.124772e-01 3.973883e-01 4.547677e-01 4.797563e-01 4.662927e-01 3.535252e-01 3.907239e-01 3.917754e-01 4.449247e-01 3.662688e-01 4.953852e-01 4.536762e-01 3.608227e-01 4.456920e-01 4.157065e-01 4.133356e-01 4.599516e-01 3.418930e-01 3.530766e-01 4.605769e-01 4.065789e-01 4.673353e-01 4.667621e-01 4.609582e-01 3.428108e-01 3.713462e-01 4.477394e-01 3.939354e-01 3.880792e-01 4.198689e-01 4.198616e-01 4.906797e-01 3.591955e-01 2.967289e-01 3.581649e-01 4.318421e-01 3.488346e-01 4.234609e-01 4.729642e-01 4.552149e-01 3.481983e-01 4.423804e-01 4.661912e-01 4.191689e-01 5.078675e-01 3.769394e-01 3.530909e-01 3.559196e-01 3.104668e-01 3.593579e-01 3.556760e-01 4.632449e-01 4.533640e-01 3.719054e-01 3.561401e-01 3.743891e-01 3.618866e-01 3.849839e-01 4.409700e-01 3.892976e-01 4.454738e-01 4.243408e-01 4.232369e-01 3.775009e-01 4.774542e-01 4.311599e-01 3.668136e-01 4.824983e-01 3.856830e-01 3.744896e-01 3.716825e-01 3.513235e-01 4.968259e-01 4.368267e-01 3.655972e-01 3.663630e-01 4.406205e-01 3.839134e-01 4.392700e-01 4.800492e-01 4.473512e-01 4.188834e-01 4.003251e-01 4.090773e-01 4.965014e-01
<VARIANCE> 142
 2.332498e-02 4.275511e-03 4.709382e-03 1.767584e-02 1.871258e-02 1.425034e-02 2.503198e-02 5.412187e-03 2.893233e-03 3.586296e-03 2.048442e-02 1.273664e-02 8.256633e-03 2.212675e-02 1.420942e-02 6.985986e-03 5.116897e-03 2.066398e-02 4.989497e-03 1.652612e-02 1.461175e-02 1.852762e-02 9.714704e-03 5.397362e-03 6.738341e-03 4.609070e-03 5.446259e-03 1.947775e-02 1.133302e-02 1.136149e-02 8.394530e-03 6.411093e-03 2.959689e-02 1.307670e-02 3.841420e-03 1.169145e-02 1.728513e-02 1.385071e-02 8.748278e-03 1.746941e-02 8.409395e-03 7.884349e-03 1.323329e-02 1.437578e-02 3.088119e-02 1.096477e-02 1.443965e-02 6.381441e-03 1.464080e-02 5.131926e-03 5.095718e-03 9.352536e-03 8.790554e-03 3.231874e-03 1.305706e-02 5.802423e-03 1.223010e-02 7.297784e-03 6.401469e-03 2.203346e-02 2.136159e-02 6.346112e-03 6.843175e-03 4.268991e-03 2.787263e-02 1.342673e-02 7.770021e-03 2.159767e-02 6.296205e-03 9.392002e-03 6.108760e-03 1.261468e-02 8.062944e-03 7.946397e-03 8.466534e-03 6.252038e-03 9.249220e-03 4.156201e-03 8.126561e-03 1.367428e-02 1.616310e-02 4.977561e-03 7.641130e-03 8.557050e-03 1.952854e-02 2.696812e-02 1.299317e-03 4.657425e-03 3.432859e-03 1.186368e-02 1.303295e-02 1.862636e-02 2.215498e-02 7.429088e-03 1.278857e-02 1.284544e-02 1.509610e-02 3.444952e-02 7.008133e-03 4.458212e-03 9.234130e-03 1.370720e-02 1.511010e-03 1.109831e-02 1.393037e-02 1.835078e-02 7.527921e-03 8.647774e-03 7.756337e-03 2.242219e-02 5.729781e-03 5.789060e-03 3.131530e-02 6.918472e-03 7.142699e-03 1.198813e-02 1.026549e-02 1.862062e-02 8.515445e-03 1.149172e-02 5.864695e-03 1.256815e-02 4.099756e-03 1.973133e-02 2.679371e-02 3.758596e-03 1.055936e-02 3.868723e-02 2.070528e-02 1.417772e-02 1.475289e-02 1.319499e-02 2.693129e-02 1.081010e-02 8.892351e-03 1.379323e-02 2.513487e-02 7.818650e-03 3.202141e-02 7.719255e-03 1.316731e-02 1.917998e-02
<GCONST> -3.889957e+02
<TRANSP> 4
 0.000000e+00 1.000000e+00 0.000000e+00 0.000000e+00
 0.000000e+00 5.000000e-01 5.000000e-01 0.000000e+00
 0.000000e+00 0.000000e+00 5.000000e-01 5.000000e-01
 0.000000e+00 0.000000e+00 0.000000e+00 0.000000e+00
<ENDHMM>
