~o
<STREAMINFO> 1 142
<VECSIZE> 142<NULLD><USER><DIAGC>
~h "lotion"
<BEGINHMM>
<NUMSTATES> 4
<STATE> 2
<MEAN> 142
 7.719214e-01 3.714502e-01 3.585455e-01 2.909613e-01 2.370087e-01 4.117586e-01 4.399750e-01 3.452327e-01 3.328633e-01 4.325919e-01 4.285990e-01 4.770769e-01 3.960231e-01 4.616144e-01 2.588508e-01 3.166516e-01 4.130423e-01 4.063346e-01 3.061498e-01 3.873580e-01 4.808530e-01 4.579110e-01 4.236479e-01 4.464517e-01 4.111783e-01 3.568586e-01 4.370804e-01 3.712715e-01 3.326392e-01 3.633671e-01 4.443860e-01 4.574291e-01 5.130244e-01 4.049489e-01 4.248210e-01 3.448414e-01 2.796503e-01 2.390073e-01 3.077796e-01 2.519208e-01 2.720092e-01 4.207909e-01 3.457513e-01 3.820892e-01 2.671580e-01 5.022225e-01 4.050225e-01 3.334811e-01 3.980430e-01 3.718832e-01 5.016568e-01 3.059526e-01 4.538266e-01 2.445159e-01 4.781392e-01 3.056147e-01 4.323026e-01 3.601373e-01 3.505440e-01 3.050401e-01 5.007154e-01 4.225138e-01 3.421072e-01 3.955739e-01 3.637413e-01 4.594850e-01 2.537709e-01 3.645145e-01 4.886538e-01 3.769484e-01 4.734813e-01 6.026796e-01 5.059679e-01 4.231082e-01 4.050171e-01 3.596350e-01 4.658951e-01 3.846951e-01 4.017663e-01 3.558088e-01 3.637969e-01 3.677319e-01 3.426809e-01 4.906258e-01 2.870102e-01 5.684615e-01 3.998401e-01 4.567254e-01 4.779015e-01 4.228791e-01 3.773268e-01 4.868393e-01 3.759231e-01 3.070025e-01 3.623128e-01 4.355257e-01 3.690001e-01 2.757405e-01 3.606189e-01 3.877960e-01 2.703920e-01 5.447326e-01 3.557063e-01 3.636392e-01 2.838562e-01 2.980258e-01 3.865745e-01 2.907803e-01 3.879473e-01 3.552735e-01 4.196824e-01 3.817364e-01 2.785420e-01 3.023189e-01 3.898029e-01 4.667573e-01 4.683444e-01 3.447365e-01 4.045018e-01 3.873765e-01 3.850427e-01 5.495683e-01 3.996048e-01 5.324780e-01 4.068309e-01 4.370798e-01 4.472654e-01 3.070492e-01 3.396422e-01 4.383271e-01 3.218440e-01 3.608216e-01 4.547634e-01 3.103839e-01 3.065692e-01 3.452483e-01 4.881375e-01 3.305537e-01 2.816568e-01 3.702027e-01 4.569315e-01 4.674644e-01
<VARIANCE> 142
 3.179445e-02 3.182709e-03 1.640776e-03 6.267752e-03 3.974990e-03 1.448269e-02 1.285394e-02 8.595557e-03 3.976736e-03 2.800253e-03 6.764505e-03 1.059007e-02 2.890283e-03 8.734779e-03 6.466158e-03 2.423686e-03 4.555913e-03 8.624742e-03 1.000000e-03 7.532322e-03 3.685597e-03 1.490713e-02 6.381402e-03 1.148348e-02 6.347498e-03 1.175964e-03 1.000000e-03 4.556335e-03 1.661969e-03 2.299874e-02 1.000000e-03 5.694180e-03 2.057698e-02 4.458897e-03 1.718973e-03 3.620595e-03 3.558557e-03 9.617441e-03 3.009404e-03 3.784024e-03 1.280535e-02 5.300425e-03 8.501934e-03 1.370743e-02 7.956862e-03 1.905893e-03 7.751044e-03 1.000000e-03 3.778636e-03 7.884442e-03 4.485806e-03 1.296739e-03 5.622181e-03 7.455176e-03 6.629425e-03 4.873476e-03 4.664200e-03 4.123962e-03 7.821023e-03 8.745439e-03 1.462695e-02 8.842347e-03 5.245972e-03 7.225713e-03 1.368174e-02 6.010411e-03 7.331047e-03 2.617935e-03 6.778729e-03 1.755744e-02 5.263346e-03 1.944961e-02 2.105976e-03 5.316237e-03 2.641508e-03 5.728436e-03 7.193575e-03 2.063036e-02 1.000000e-03 9.803136e-03 2.290459e-03 1.088708e-03 5.026107e-03 4.753096e-03 8.282168e-03 1.146385e-02 1.010431e-03 1.575440e-03 3.188115e-03 2.039005e-02 8.476791e-03 1.713341e-02 1.591158e-03 1.021276e-02 7.020537e-03 6.610714e-03 5.821784e-03 4.569177e-03 5.494957e-03 1.000000e-03 5.331172e-03 1.163180e-02 1.841013e-03 1.728635e-02 1.157914e-03 3.254439e-03 7.063287e-03 4.060635e-03 1.301267e-03 1.566330e-03 4.511889e-03 1.816138e-02 3.912509e-03 3.355588e-03 5.102898e-03 1.700540e-02 6.676720e-03 1.383249e-02 7.462727e-03 2.933618e-03 3.782712e-03 6.141037e-03 1.733110e-02 7.465074e-02 3.236873e-03 3.604632e-03 7.156381e-03 1.156951e-02 4.464067e-03 5.445980e-03 8.176447e-03 2.859636e-03 3.160276e-02 3.116723e-03 1.311756e-03 2.522208e-03 6.331726e-03 1.000000e-03 1.000000e-03 5.777055e-03 8.477097e-03 2.057752e-02
<GCONST> -4.853848e+02
<STATE> 3
<MEAN> 142
 5.925377e-01 4.400525e-01 3.979851e-01 4.449777e-01 3.002064e-01 3.233271e-01 3.653832e-01 2.662754e-01 3.381878e-01 4.155322e-01 4.897780e-01 4.154451e-01 3.919181e-01 4.640630e-01 2.696226e-01 3.191879e-01 4.521497e-01 4.250591e-01 3.577751e-01 3.388787e-01 3.921688e-01 3.848690e-01 4.331795e-01 4.838403e-01 4.348536e-01 3.826274e-01 4.926713e-01 5.547274e-01 3.977891e-01 4.128878e-01 4.416011e-01 4.084736e-01 4.432104e-01 4.092768e-01 4.278952e-01 4.026731e-01 3.515502e-01 2.777456e-01 3.877109e-01 3.458006e-01 3.908197e-01 4.614823e-01 4.268094e-01 2.672004e-01 2.632112e-01 5.227188e-01 4.354500e-01 3.313467e-01 3.641757e-01 3.698536e-01 5.148217e-01 3.165567e-01 4.101855e-01 2.757041e-01 5.148675e-01 3.997220e-01 2.826722e-01 3.261331e-01 3.464509e-01 2.913157e-01 3.904655e-01 5.332580e-01 3.816353e-01 4.633031e-01 4.287854e-01 6.367610e-01 2.937481e-01 3.566753e-01 4.020042e-01 3.685297e-01 4.476439e-01 4.257898e-01 4.635233e-01 3.651913e-01 3.642905e-01 3.616043e-01 4.329279e-01 4.571650e-01 3.999199e-01 4.617546e-01 4.464538e-01 3.747035e-01 3.070407e-01 4.359923e-01 3.881403e-01 4.133216e-01 3.785666e-01 4.110163e-01 4.122319e-01 3.725135e-01 4.027499e-01 3.050632e-01 4.514699e-01 4.535779e-01 4.660298e-01 4.572963e-01 4.476599e-01 3.908980e-01 4.307135e-01 4.044423e-01 3.861241e-01 4.914379e-01 3.307873e-01 4.461005e-01 3.196644e-01 3.177232e-01 4.200811e-01 3.835467e-01 2.990727e-01 3.280956e-01 4.268370e-01 3.855453e-01 3.879702e-01 4.085299e-01 4.716135e-01 4.364195e-01 4.661026e-01 4.227230e-01 4.959580e-01 3.520930e-01 4.313941e-01 5.842488e-01 4.659487e-01 5.228342e-01 3.640745e-01 4.750144e-01 4.781693e-01 4.089439e-01 4.812757e-01 3.427889e-01 3.458200e-01 4.313135e-01 3.891881e-01 3.295348e-01 4.269360e-01 4.280061e-01 4.288060e-01 4.065712e-01 2.636234e-01 4.146866e-01 5.668747e-01 4.158640e-01
<VARIANCE> 142
 1.466969e-02 8.502401e-03 5.603162e-03 2.072782e-02 8.673152e-03 7.516593e-03 1.821631e-02 1.619378e-02 2.255955e-03 2.195862e-03 7.050587e-03 8.539436e-03 4.044826e-03 1.968185e-02 1.000000e-03 1.319942e-02 1.110805e-02 4.531149e-03 6.719104e-03 1.501215e-02 1.506745e-02 1.380557e-02 2.654886e-02 4.082954e-03 1.325939e-03 5.256952e-03 2.547847e-03 1.363034e-02 8.008949e-03 9.853948e-03 1.920913e-03 1.238951e-02 2.909189e-02 5.359553e-03 1.000000e-03 1.247308e-02 2.364572e-03 1.029412e-02 2.263065e-02 2.381895e-02 2.827541e-02 2.082281e-02 1.415693e-02 3.288120e-03 2.481376e-03 5.127274e-03 2.145941e-02 5.785498e-03 1.497199e-02 2.148161e-02 1.407188e-03 3.359527e-03 2.013837e-03 5.165106e-03 1.681800e-03 1.241380e-02 1.183619e-02 3.581860e-03 2.878549e-03 3.939428e-03 4.980531e-02 8.609132e-03 3.381473e-03 7.334651e-03 1.560055e-02 5.788234e-02 6.131697e-03 7.847464e-03 4.372118e-03 2.114476e-02 7.569063e-03 9.014260e-03 1.606718e-02 1.839739e-02 1.764203e-02 1.339918e-03 6.356043e-03 5.435036e-03 1.133304e-03 1.956862e-02 6.590516e-03 8.703288e-03 2.394746e-03 6.728064e-03 7.136495e-03 2.431955e-02 1.956935e-03 1.640409e-03 2.135460e-03 2.516787e-03 2.466458e-02 8.203997e-03 5.398598e-03 1.978231e-02 5.694896e-03 2.244643e-03 2.468861e-03 1.287893e-02 1.341063e-02 1.084125e-02 3.535992e-03 2.270257e-02 3.408517e-03 1.347944e-02 1.699220e-03 1.152243e-02 2.351693e-02 1.204008e-02 1.605539e-03 7.104448e-03 3.983338e-03 1.290093e-02 1.216863e-02 2.484497e-02 2.070906e-03 2.577229e-03 1.084811e-02 4.889415e-03 3.917634e-03 1.000000e-03 5.752118e-03 1.477563e-02 3.446645e-03 2.711167e-02 3.147176e-03 3.012717e-03 2.963678e-03 2.071984e-02 2.330774e-02 1.531130e-02 1.897816e-02 5.717050e-03 8.006526e-03 5.801350e-03 2.328919e-03 3.511056e-03 1.365977e-02 1.289052e-03 5.399151e-03 2.501326e-02 4.596569e-02 1.220792e-02
<GCONST> -4.408385e+02
<TRANSP> 4
 0.000000e+00 1.000000e+00 0.000000e+00 0.000000e+00
 0.000000e+00 5.000000e-01 5.000000e-01 0.000000e+00
 0.000000e+00 0.000000e+00 5.000000e-01 5.000000e-01
 0.000000e+00 0.000000e+00 0.000000e+00 0.000000e+00
<ENDHMM>
