~o
<STREAMINFO> 1 142
<VECSIZE> 142<NULLD><USER><DIAGC>
~h "man"
<BEGINHMM>
<NUMSTATES> 4
<STATE> 2
<MEAN> 142
 6.094909e-01 3.858358e-01 3.436137e-01 3.556828e-01 3.179990e-01 4.183013e-01 3.909880e-01 3.236296e-01 3.846955e-01 3.939217e-01 4.262831e-01 4.357108e-01 3.957350e-01 4.450608e-01 3.850821e-01 3.186784e-01 3.761581e-01 4.045458e-01 3.162587e-01 4.090416e-01 4.732223e-01 4.284573e-01 3.853460e-01 4.089562e-01 4.479617e-01 4.066009e-01 3.814256e-01 3.965188e-01 3.966865e-01 4.271829e-01 4.520322e-01 4.180501e-01 3.943716e-01 4.364233e-01 4.458939e-01 3.796509e-01 3.395699e-01 3.903387e-01 3.687636e-01 3.728571e-01 4.456506e-01 4.009126e-01 3.604681e-01 3.655886e-01 2.704400e-01 3.952782e-01 4.010780e-01 4.242670e-01 3.878875e-01 3.536213e-01 5.066737e-01 4.316562e-01 4.438819e-01 3.046353e-01 4.595352e-01 3.694614e-01 3.896751e-01 3.524462e-01 3.545056e-01 3.326599e-01 4.395693e-01 4.284498e-01 4.057274e-01 4.192096e-01 4.552612e-01 4.311734e-01 4.248731e-01 3.610550e-01 4.296319e-01 4.418056e-01 4.809283e-01 4.696837e-01 3.897463e-01 3.802983e-01 3.486914e-01 4.093007e-01 4.434921e-01 4.467146e-01 4.240481e-01 3.706740e-01 4.723250e-01 3.708149e-01 4.089393e-01 4.020787e-01 3.931141e-01 4.311177e-01 4.203320e-01 4.631332e-01 4.672455e-01 3.929850e-01 4.021398e-01 3.642380e-01 4.564728e-01 3.878385e-01 4.136041e-01 4.810129e-01 4.367371e-01 3.768755e-01 4.300367e-01 4.431559e-01 3.609526e-01 4.345695e-01 3.401325e-01 4.312902e-01 3.207661e-01 2.795920e-01 4.152715e-01 4.117707e-01 3.769594e-01 3.841720e-01 3.756979e-01 3.945884e-01 3.634757e-01 3.681000e-01 4.016047e-01 4.430275e-01 3.989208e-01 3.812747e-01 4.809100e-01 4.013443e-01 4.016003e-01 4.457071e-01 4.055712e-01 4.754812e-01 3.972784e-01 3.958020e-01 4.531726e-01 4.081925e-01 3.914175e-01 4.191296e-01 3.863608e-01 4.225853e-01 4.265062e-01 4.462748e-01 4.483084e-01 3.821884e-01 4.582236e-01 4.473805e-01 4.053974e-01 3.699777e-01 4.387141e-01 4.200326e-01
<VARIANCE> 142
 2.238041e-02 9.351313e-03 6.738216e-03 9.937871e-03 7.560655e-03 4.028192e-02 1.809185e-02 1.230138e-02 1.447806e-02 3.121117e-03 7.282026e-03 8.486498e-03 1.104038e-02 6.712457e-03 1.541960e-02 1.836539e-02 2.788027e-03 1.301456e-02 2.020572e-02 2.600888e-02 9.983636e-03 1.282345e-02 1.665930e-02 7.163964e-03 6.628697e-03 9.807296e-03 5.280682e-03 8.159570e-03 8.268997e-03 1.103713e-02 1.837353e-03 4.520998e-03 2.450344e-02 6.824626e-03 2.398042e-03 1.152969e-02 1.213614e-02 1.311803e-02 1.907409e-02 2.086204e-02 1.156111e-02 1.201181e-02 1.393755e-02 3.257828e-02 2.667042e-02 1.059644e-02 8.788525e-03 1.857617e-02 5.792150e-03 1.090613e-02 1.022087e-02 2.646456e-02 8.358114e-03 3.979538e-03 6.494442e-03 1.482631e-02 1.361418e-02 1.698303e-02 1.165100e-02 1.605754e-02 2.147659e-02 6.614436e-03 5.035763e-03 5.071269e-03 1.388180e-02 1.474286e-02 2.703498e-02 1.700483e-02 5.343995e-03 1.444978e-02 5.796196e-03 3.839328e-02 1.285888e-02 5.104276e-03 2.438153e-02 1.204806e-02 3.849837e-03 3.891094e-02 9.262594e-03 1.717897e-02 6.808164e-03 9.762458e-03 9.744714e-03 6.290037e-03 1.783274e-02 2.556491e-02 7.239245e-03 3.076769e-03 3.409927e-03 2.128303e-02 1.653757e-02 4.347589e-02 3.278174e-03 8.606716e-03 8.524682e-03 7.856699e-03 1.218755e-02 8.775844e-03 1.333396e-02 1.853081e-02 1.389285e-02 6.126208e-03 5.133282e-03 1.861340e-02 9.545094e-03 5.531212e-03 1.044466e-02 1.258441e-02 5.285971e-03 1.613942e-02 9.862625e-03 1.100094e-02 1.374312e-02 6.288832e-03 1.176975e-02 1.093411e-02 1.706319e-02 1.065707e-02 3.601376e-03 1.047357e-02 8.250337e-03 9.001609e-03 1.324033e-02 5.782242e-02 2.723766e-02 6.868209e-03 9.429202e-03 1.300024e-02 9.740367e-03 1.230130e-02 1.538945e-02 1.634996e-02 1.501087e-02 1.610306e-02 3.464745e-02 1.194406e-02 1.887124e-02 3.319347e-02 2.280992e-02 7.286053e-03 9.131636e-03 8.309250e-03
<GCONST> -3.782242e+02
<STATE> 3
<MEAN> 142
 5.358722e-01 3.412639e-01 3.309545e-01 3.285640e-01 2.501176e-01 3.267454e-01 3.274814e-01 4.140227e-01 3.700866e-01 4.554681e-01 4.794312e-01 3.655365e-01 4.112640e-01 4.830990e-01 3.394276e-01 4.038528e-01 4.176423e-01 3.417923e-01 3.433994e-01 4.108595e-01 5.300193e-01 5.488541e-01 3.738587e-01 4.975092e-01 5.013505e-01 4.686070e-01 4.541964e-01 3.122994e-01 4.071231e-01 3.515961e-01 4.854332e-01 4.601503e-01 3.632247e-01 5.442798e-01 4.192206e-01 4.146149e-01 3.661485e-01 3.102253e-01 3.875838e-01 3.535130e-01 3.593510e-01 4.840226e-01 3.135427e-01 3.494138e-01 1.862926e-01 3.618603e-01 4.518729e-01 4.602273e-01 5.001621e-01 3.197832e-01 4.433002e-01 3.839189e-01 4.695391e-01 2.676074e-01 3.702399e-01 3.776395e-01 4.604734e-01 3.579133e-01 3.820766e-01 3.275211e-01 3.834156e-01 5.298396e-01 3.937232e-01 4.396081e-01 3.871368e-01 4.545347e-01 3.977719e-01 4.320585e-01 3.860010e-01 4.209778e-01 4.176222e-01 3.703197e-01 3.892990e-01 3.942955e-01 3.410444e-01 3.790800e-01 4.435855e-01 3.931532e-01 5.454190e-01 4.686544e-01 3.880168e-01 4.222504e-01 3.595455e-01 4.484610e-01 3.105722e-01 3.730648e-01 3.741308e-01 3.738839e-01 4.565856e-01 2.749684e-01 2.742185e-01 2.952012e-01 3.390628e-01 3.352010e-01 4.064583e-01 3.976998e-01 4.274951e-01 2.777582e-01 5.182514e-01 4.839883e-01 3.994114e-01 5.122223e-01 4.044442e-01 3.281708e-01 4.026708e-01 3.789566e-01 3.959264e-01 3.817731e-01 3.965680e-01 4.215568e-01 4.101786e-01 3.245734e-01 3.224721e-01 3.916225e-01 3.819566e-01 3.807281e-01 3.447524e-01 4.663722e-01 3.690037e-01 4.403500e-01 4.679855e-01 4.971816e-01 4.517080e-01 2.663442e-01 4.808586e-01 3.598060e-01 3.222165e-01 3.186486e-01 3.329945e-01 4.427889e-01 3.955953e-01 3.313366e-01 2.627447e-01 4.197307e-01 3.580722e-01 4.410689e-01 4.195579e-01 4.266123e-01 3.872347e-01 4.233451e-01 5.193784e-01 3.756616e-01
<VARIANCE> 142
 1.307813e-02 6.281591e-03 1.969956e-02 5.682072e-03 8.535763e-03 2.267072e-02 3.774158e-03 1.369921e-02 5.804630e-03 1.917970e-03 2.646656e-02 7.261250e-03 1.297690e-02 2.689179e-02 1.289740e-02 8.221399e-03 2.975396e-03 4.623491e-03 1.936658e-02 1.275818e-02 2.100802e-02 1.381086e-02 8.685948e-03 8.651298e-03 1.984246e-02 1.564900e-02 1.880516e-02 6.218529e-03 1.061712e-02 6.902429e-03 4.917917e-03 2.094011e-02 1.392372e-02 1.549695e-02 3.027116e-03 2.061187e-02 1.213549e-02 1.335752e-02 6.821095e-03 1.227920e-02 7.101620e-03 5.401753e-03 1.028028e-02 8.344064e-03 7.135361e-03 6.088687e-03 1.925736e-02 9.483797e-03 1.344159e-02 9.275815e-03 6.992216e-03 5.471065e-03 6.153245e-03 7.466034e-03 5.763422e-03 1.036869e-02 2.885397e-02 2.785899e-02 2.184862e-02 1.155732e-02 4.347921e-03 2.871810e-02 1.480274e-02 9.891468e-03 7.679164e-03 4.617174e-03 1.772390e-02 2.501304e-02 9.601175e-03 5.057255e-03 6.572327e-03 8.023702e-03 2.996621e-03 3.966018e-03 1.910313e-02 8.295436e-03 1.074952e-02 1.473944e-02 6.357738e-03 1.063470e-02 4.102573e-03 7.543715e-03 1.249156e-02 1.564714e-02 6.320670e-03 1.400877e-02 5.666764e-03 3.449598e-03 6.215146e-03 1.102609e-02 1.183055e-02 1.965702e-02 3.972627e-03 6.471324e-03 3.673160e-03 5.584524e-03 2.336778e-03 4.116875e-03 9.257817e-03 9.566761e-03 5.027100e-03 1.062743e-02 7.987200e-03 1.049627e-02 1.576481e-02 1.460239e-02 4.718686e-03 3.921104e-03 1.444082e-02 1.355203e-02 7.772232e-03 1.498873e-02 4.590961e-03 9.507108e-03 1.234243e-02 6.959619e-03 1.623924e-02 1.785607e-02 4.478029e-03 1.661133e-02 4.109343e-03 1.497549e-02 1.501509e-02 1.452861e-02 2.562592e-02 2.401696e-03 9.827946e-03 1.097240e-02 1.665158e-02 1.616729e-02 6.889667e-03 4.720928e-03 9.186580e-03 7.503811e-03 1.431304e-02 2.188546e-02 1.062296e-02 1.431218e-02 2.516732e-02 4.285089e-03 1.120739e-02 7.201844e-03
<GCONST> -4.016725e+02
<TRANSP> 4
 0.000000e+00 1.000000e+00 0.000000e+00 0.000000e+00
 0.000000e+00 5.000000e-01 5.000000e-01 0.000000e+00
 0.000000e+00 0.000000e+00 5.000000e-01 5.000000e-01
 0.000000e+00 0.000000e+00 0.000000e+00 0.000000e+00
<ENDHMM>
