~o
<STREAMINFO> 1 142
<VECSIZE> 142<NULLD><USER><DIAGC>
~h "meet"
<BEGINHMM>
<NUMSTATES> 4
<STATE> 2
<MEAN> 142
 6.087410e-01 4.048698e-01 3.154902e-01 3.456153e-01 2.424397e-01 3.049917e-01 2.495354e-01 3.358758e-01 3.345517e-01 4.304169e-01 5.301161e-01 4.676947e-01 4.166177e-01 5.454301e-01 2.946638e-01 2.637430e-01 3.814984e-01 3.961709e-01 2.909457e-01 3.962686e-01 4.093041e-01 3.867941e-01 3.953918e-01 4.417084e-01 4.585384e-01 4.374934e-01 4.750745e-01 4.266417e-01 4.002703e-01 4.514320e-01 4.642074e-01 4.005424e-01 3.260109e-01 4.262343e-01 4.446935e-01 3.156788e-01 3.676717e-01 3.830127e-01 3.893662e-01 2.848593e-01 3.356536e-01 4.567324e-01 3.675283e-01 3.010329e-01 2.311252e-01 4.653392e-01 4.442190e-01 3.335232e-01 3.364942e-01 3.401762e-01 4.339339e-01 4.068398e-01 5.037367e-01 2.920606e-01 4.112625e-01 4.121917e-01 4.197116e-01 3.146793e-01 3.141507e-01 2.667850e-01 3.603472e-01 4.227535e-01 4.156830e-01 4.344783e-01 4.526225e-01 3.976191e-01 3.696729e-01 3.046891e-01 3.463536e-01 4.193330e-01 4.642222e-01 3.661168e-01 3.595958e-01 4.400205e-01 2.897767e-01 3.757925e-01 4.095808e-01 4.230280e-01 4.821459e-01 3.464329e-01 4.908590e-01 3.380354e-01 3.603376e-01 3.374156e-01 3.121328e-01 3.260603e-01 4.173763e-01 4.417852e-01 4.330701e-01 2.975290e-01 3.877410e-01 2.413747e-01 4.694371e-01 4.350173e-01 4.170558e-01 4.978908e-01 4.155216e-01 3.867061e-01 4.065611e-01 4.261436e-01 4.176313e-01 4.555199e-01 3.450086e-01 3.788449e-01 3.272765e-01 2.992931e-01 3.374394e-01 4.115792e-01 4.020069e-01 2.951107e-01 4.085358e-01 4.064979e-01 3.222782e-01 3.527051e-01 3.967474e-01 4.553091e-01 3.960592e-01 4.309049e-01 4.707504e-01 4.179776e-01 3.597230e-01 4.869622e-01 4.505486e-01 3.625232e-01 3.494296e-01 3.916607e-01 4.696087e-01 4.058588e-01 4.666853e-01 3.892829e-01 3.324026e-01 4.219069e-01 3.771766e-01 4.817797e-01 3.655492e-01 4.015502e-01 3.502093e-01 3.667856e-01 2.865639e-01 3.844780e-01 4.511572e-01 4.377025e-01
<VARIANCE> 142
 8.460486e-03 1.791493e-02 4.438543e-03 1.654568e-02 5.569596e-03 2.193841e-02 6.309862e-03 9.665517e-03 2.731394e-03 1.088238e-02 1.419564e-02 1.279783e-02 5.451000e-03 1.829245e-02 3.105192e-03 1.248042e-02 8.211972e-03 1.029243e-02 6.858858e-03 1.105268e-02 2.114089e-02 3.553899e-02 7.597232e-03 1.697141e-02 3.371407e-03 4.694296e-03 1.252642e-02 2.357715e-02 7.668433e-03 1.452281e-02 4.836976e-03 5.897244e-03 8.093418e-03 8.305340e-03 1.214110e-03 5.643906e-03 4.971783e-03 8.009221e-03 1.480293e-02 3.107299e-03 1.622379e-02 1.131341e-02 1.201578e-02 9.066528e-03 8.173015e-03 9.697029e-03 9.522545e-03 6.471994e-03 1.332802e-02 2.365492e-03 3.735814e-03 1.584645e-02 4.048598e-03 1.051025e-02 5.060702e-03 1.772949e-02 1.075810e-02 1.006356e-02 8.332002e-03 8.869370e-03 1.113547e-02 8.210976e-03 7.417804e-03 8.401219e-03 2.946169e-02 5.562809e-03 1.149071e-02 8.101122e-03 2.799429e-03 9.618500e-03 6.379982e-03 7.664385e-03 4.856104e-03 5.339420e-03 7.741343e-03 1.480551e-02 2.250578e-03 2.771922e-02 1.069466e-02 9.999222e-03 1.656161e-02 8.946856e-03 9.317953e-03 5.972942e-03 7.324270e-03 4.137136e-03 2.383937e-03 5.592508e-03 2.913276e-03 3.045194e-03 2.718922e-02 5.028843e-03 1.729296e-02 2.474108e-02 8.080648e-03 8.627044e-03 4.788776e-03 1.630421e-02 8.684288e-03 4.046335e-03 4.088747e-03 2.669357e-02 2.004212e-03 1.598717e-02 9.645426e-03 4.876483e-03 5.038772e-03 5.430857e-03 8.786803e-03 1.310173e-02 1.766341e-02 1.584098e-02 6.799270e-03 1.791432e-03 1.626958e-02 1.214178e-02 1.749443e-02 1.367490e-02 1.077850e-02 1.733994e-02 4.306248e-03 1.357831e-02 1.186805e-02 2.609382e-02 2.066487e-02 1.525886e-02 1.164750e-02 3.562855e-02 3.627759e-02 1.223561e-02 7.126982e-03 4.538495e-03 3.055350e-02 9.679046e-03 3.938193e-03 3.052279e-03 4.449425e-03 3.374961e-03 8.529286e-03 9.476671e-03 1.192937e-02 7.232662e-03
<GCONST> -4.135736e+02
<STATE> 3
<MEAN> 142
 8.222588e-01 3.790555e-01 4.741297e-01 3.288336e-01 2.670825e-01 3.599633e-01 3.999494e-01 3.718477e-01 3.593936e-01 3.772133e-01 5.296071e-01 5.041657e-01 4.770685e-01 5.163028e-01 2.577834e-01 2.789797e-01 3.431315e-01 3.910860e-01 4.018239e-01 4.955666e-01 4.757113e-01 4.719701e-01 4.804746e-01 4.325389e-01 4.785682e-01 4.707800e-01 4.543736e-01 3.695542e-01 3.938176e-01 3.907228e-01 4.997576e-01 4.451281e-01 4.838243e-01 3.837471e-01 4.664595e-01 3.366243e-01 3.166913e-01 3.905558e-01 3.462566e-01 2.856912e-01 3.040333e-01 4.081244e-01 3.587301e-01 3.927119e-01 2.458432e-01 4.065906e-01 4.408655e-01 3.622935e-01 3.536974e-01 4.090316e-01 4.962689e-01 5.159987e-01 4.899095e-01 2.883332e-01 5.251455e-01 3.887043e-01 5.521813e-01 4.199445e-01 4.197660e-01 3.019669e-01 4.981166e-01 4.802968e-01 4.218647e-01 4.732473e-01 4.008184e-01 4.673041e-01 4.189785e-01 3.877083e-01 4.821038e-01 3.760805e-01 5.006038e-01 5.083570e-01 4.259379e-01 4.784855e-01 4.343745e-01 4.838755e-01 4.882173e-01 4.980406e-01 5.116584e-01 4.423615e-01 4.452440e-01 3.510424e-01 3.559416e-01 4.714301e-01 2.909549e-01 4.382992e-01 4.327331e-01 4.706856e-01 4.186775e-01 3.498716e-01 4.693705e-01 3.629451e-01 4.200285e-01 4.658311e-01 4.079255e-01 5.033143e-01 3.884754e-01 3.821919e-01 3.721224e-01 4.905789e-01 4.045666e-01 5.021866e-01 4.133116e-01 3.351575e-01 3.237027e-01 3.834775e-01 4.588583e-01 4.461629e-01 4.679694e-01 3.550718e-01 5.117583e-01 4.393882e-01 3.295170e-01 3.121937e-01 3.717350e-01 4.566057e-01 4.487613e-01 4.203393e-01 4.591507e-01 5.044004e-01 3.897228e-01 5.383785e-01 5.617555e-01 4.291024e-01 4.621035e-01 4.603852e-01 4.370207e-01 3.873802e-01 3.913489e-01 4.716397e-01 3.942704e-01 3.565904e-01 4.960497e-01 5.039523e-01 3.067033e-01 3.546416e-01 4.619704e-01 3.637266e-01 2.463388e-01 3.550026e-01 4.816895e-01 5.749141e-01
<VARIANCE> 142
 4.842090e-02 4.165259e-03 7.144549e-03 3.289448e-03 6.428983e-03 6.809812e-03 1.692887e-02 6.521022e-03 1.235860e-02 4.892117e-03 1.450926e-02 4.448632e-03 2.452084e-03 8.490509e-03 1.133652e-02 4.150528e-03 4.981642e-03 1.168714e-02 4.156877e-03 4.863869e-03 1.347232e-02 1.440661e-02 6.764880e-03 4.034152e-03 2.562819e-03 6.081384e-03 2.240302e-03 4.941121e-03 7.384876e-03 6.655888e-03 9.293066e-03 3.403918e-03 2.534874e-02 7.266835e-03 2.324460e-03 5.466566e-03 9.726153e-03 1.070422e-02 8.826217e-03 9.535250e-03 1.239741e-02 8.288660e-03 1.019310e-02 1.300347e-02 3.449105e-03 4.630006e-03 6.814308e-03 1.802564e-03 6.810160e-03 2.991779e-03 4.333279e-03 6.214301e-03 5.865655e-03 5.009260e-03 3.291665e-02 9.805770e-03 8.117958e-03 6.130677e-03 6.041061e-03 7.667565e-03 1.935468e-02 3.431987e-03 2.966293e-03 1.849275e-03 9.295688e-03 1.110948e-02 9.148999e-03 3.168438e-03 5.053516e-03 9.020037e-03 3.472481e-03 1.175238e-02 4.843366e-03 2.456874e-03 4.806984e-03 5.713905e-03 5.669874e-03 6.655280e-03 3.951703e-03 6.847312e-03 6.255312e-03 3.338337e-03 1.193686e-02 1.085555e-02 2.889950e-03 2.743185e-02 3.299729e-03 5.196795e-03 3.070348e-03 2.843860e-03 6.179717e-03 7.262277e-03 9.255574e-03 3.831353e-03 1.545421e-03 3.011613e-03 3.857002e-03 1.210279e-02 3.008296e-03 4.107508e-03 6.345641e-03 6.451119e-03 4.577471e-03 3.884765e-03 3.384469e-03 2.341325e-03 9.039016e-03 6.606554e-03 2.786787e-03 4.681696e-03 4.871306e-03 4.648387e-03 1.575662e-03 5.951754e-03 3.905418e-03 5.439973e-03 5.131683e-03 2.783844e-03 3.027127e-03 6.211624e-03 4.610923e-03 1.081177e-02 7.111060e-03 9.235263e-03 1.429921e-02 8.270659e-03 6.877313e-03 1.410673e-02 1.598444e-02 4.310259e-03 3.973885e-03 3.218282e-03 1.123792e-02 8.142845e-03 1.431094e-03 1.000000e-03 1.637280e-02 4.226526e-03 2.782122e-03 2.816372e-03 1.044316e-02 5.113977e-03
<GCONST> -4.694327e+02
<TRANSP> 4
 0.000000e+00 1.000000e+00 0.000000e+00 0.000000e+00
 0.000000e+00 5.000000e-01 5.000000e-01 0.000000e+00
 0.000000e+00 0.000000e+00 5.000000e-01 5.000000e-01
 0.000000e+00 0.000000e+00 0.000000e+00 0.000000e+00
<ENDHMM>
