~o
<STREAMINFO> 1 142
<VECSIZE> 142<NULLD><USER><DIAGC>
~h "memorize"
<BEGINHMM>
<NUMSTATES> 4
<STATE> 2
<MEAN> 142
 5.549097e-01 3.060713e-01 3.515797e-01 3.380381e-01 3.125257e-01 3.587380e-01 3.331519e-01 3.157560e-01 4.242039e-01 4.466298e-01 4.709362e-01 3.880486e-01 3.988410e-01 5.045220e-01 3.318893e-01 3.263142e-01 3.466648e-01 3.476311e-01 3.813130e-01 3.972743e-01 4.570986e-01 4.437706e-01 3.926556e-01 4.279203e-01 5.034640e-01 4.036528e-01 4.006125e-01 3.489695e-01 4.253277e-01 4.014971e-01 4.567650e-01 3.735775e-01 3.120314e-01 4.984431e-01 4.234854e-01 3.452542e-01 3.470352e-01 3.917444e-01 3.807489e-01 3.607430e-01 4.154520e-01 4.305348e-01 3.572759e-01 3.504301e-01 1.958329e-01 3.338214e-01 4.020695e-01 4.034239e-01 4.037724e-01 3.651113e-01 4.854107e-01 4.586786e-01 4.550701e-01 3.064853e-01 3.683664e-01 3.851550e-01 4.354033e-01 3.681726e-01 3.944807e-01 3.277421e-01 3.959661e-01 4.646999e-01 3.893983e-01 4.462062e-01 4.024127e-01 3.919318e-01 4.031600e-01 4.163395e-01 4.292051e-01 4.526010e-01 4.661907e-01 3.845482e-01 3.741830e-01 3.902950e-01 3.164425e-01 3.755229e-01 3.994840e-01 3.465012e-01 4.955444e-01 4.466848e-01 4.609751e-01 3.722211e-01 3.759002e-01 3.994660e-01 3.596440e-01 3.482752e-01 4.031760e-01 4.602608e-01 4.753629e-01 3.322434e-01 3.651555e-01 3.037669e-01 3.760906e-01 3.680587e-01 3.983870e-01 4.104744e-01 4.134115e-01 3.333510e-01 4.668772e-01 4.738169e-01 4.056614e-01 4.627590e-01 3.737948e-01 4.019986e-01 3.186915e-01 3.409111e-01 4.284532e-01 4.028126e-01 4.148352e-01 3.945835e-01 4.204136e-01 3.254655e-01 3.172302e-01 3.447366e-01 3.485895e-01 3.727229e-01 3.791551e-01 4.260838e-01 4.061096e-01 3.990213e-01 4.245642e-01 3.981979e-01 4.465269e-01 3.675121e-01 4.177772e-01 3.571117e-01 3.838276e-01 4.063639e-01 4.004855e-01 4.430704e-01 3.492932e-01 3.437806e-01 3.522094e-01 4.139971e-01 3.614464e-01 4.334492e-01 3.728213e-01 4.021421e-01 3.486527e-01 3.579153e-01 4.348095e-01 3.656137e-01
<VARIANCE> 142
 8.241803e-03 9.872434e-03 9.419263e-03 4.590898e-03 5.238907e-03 5.139665e-02 6.393465e-03 2.576541e-02 1.443566e-02 7.845833e-03 2.484964e-02 1.303574e-02 8.798849e-03 2.494150e-02 9.405117e-03 1.167753e-02 6.611530e-03 1.241436e-02 3.064425e-02 1.546690e-02 2.086275e-02 2.606906e-02 1.129311e-02 1.204750e-02 3.622788e-03 9.770898e-03 8.763531e-03 2.462014e-02 1.274384e-02 1.657975e-02 3.151883e-03 2.289057e-02 1.324714e-02 1.771024e-02 3.538870e-03 1.734449e-02 1.572246e-02 9.565209e-03 6.803697e-03 1.236389e-02 1.141533e-02 8.181117e-03 1.105172e-02 2.163699e-02 5.895755e-03 1.469115e-02 1.660109e-02 1.617668e-02 1.920713e-02 1.729542e-02 5.813988e-03 2.208250e-02 1.042403e-02 1.048156e-02 3.741135e-03 8.234481e-03 3.683027e-02 2.958315e-02 2.263532e-02 1.841909e-02 9.253271e-03 2.261268e-02 6.935992e-03 1.258593e-02 1.985099e-02 8.240269e-03 2.165239e-02 2.944918e-02 1.039232e-02 1.077136e-02 4.865102e-03 8.037263e-03 1.185074e-02 1.249941e-02 1.589619e-02 9.167833e-03 5.442571e-03 1.066969e-02 1.016087e-02 1.273621e-02 5.991193e-03 7.694174e-03 1.031286e-02 1.225236e-02 7.178582e-03 1.124322e-02 1.088385e-02 4.640234e-03 1.028593e-02 8.439256e-03 1.284351e-02 7.228531e-03 9.692114e-03 2.614576e-02 5.221625e-03 3.826225e-03 7.012233e-03 1.282507e-02 1.617116e-02 1.489638e-02 6.066222e-03 2.386720e-02 8.898729e-03 2.029939e-02 1.704374e-02 7.523388e-03 1.096651e-02 1.630167e-02 1.347732e-02 3.255416e-02 5.143036e-03 1.670412e-02 2.115137e-03 7.905476e-03 1.415986e-02 9.645535e-03 8.738350e-03 6.105442e-03 9.423852e-03 1.987525e-02 7.923387e-03 2.003583e-02 1.047958e-02 2.134146e-02 1.862442e-02 1.056961e-02 1.043545e-02 1.513960e-02 2.951127e-02 1.507407e-02 8.896884e-03 6.976784e-03 1.005156e-02 5.079118e-03 6.418329e-03 5.228317e-03 7.053433e-03 1.119755e-02 1.389166e-02 1.835339e-02 2.242507e-02 6.115903e-03
<GCONST> -3.750410e+02
<STATE> 3
<MEAN> 142
 7.132198e-01 3.352747e-01 3.182740e-01 3.178985e-01 2.791716e-01 3.841981e-01 3.923514e-01 3.783161e-01 3.366859e-01 3.892853e-01 3.907074e-01 4.512613e-01 4.342107e-01 4.309553e-01 3.406449e-01 3.755170e-01 4.058057e-01 4.348894e-01 2.865276e-01 4.079084e-01 4.739713e-01 4.448685e-01 3.912707e-01 4.107701e-01 4.369363e-01 3.630809e-01 3.949760e-01 3.616429e-01 3.866565e-01 3.892768e-01 4.486753e-01 4.322349e-01 4.290584e-01 4.199710e-01 3.973618e-01 4.320551e-01 3.139082e-01 3.685793e-01 3.269227e-01 3.433062e-01 3.690560e-01 4.064649e-01 2.973734e-01 3.859891e-01 2.309916e-01 4.038226e-01 4.421488e-01 4.069121e-01 4.009193e-01 3.130731e-01 4.835743e-01 4.281589e-01 4.395601e-01 2.721775e-01 4.674219e-01 3.359559e-01 4.491831e-01 3.131226e-01 3.688866e-01 2.985195e-01 4.483615e-01 4.685314e-01 3.876042e-01 3.800219e-01 3.898039e-01 4.501280e-01 3.932330e-01 4.046778e-01 4.725670e-01 3.700102e-01 4.636240e-01 4.987996e-01 4.095486e-01 3.821552e-01 3.691696e-01 3.644252e-01 4.748507e-01 3.942149e-01 4.531924e-01 3.818505e-01 4.364963e-01 3.942685e-01 4.126914e-01 4.513269e-01 2.994787e-01 4.850149e-01 4.008134e-01 4.168196e-01 4.552216e-01 3.785961e-01 3.487473e-01 4.251204e-01 4.084053e-01 3.422522e-01 3.897848e-01 4.779362e-01 4.314471e-01 3.481968e-01 4.168484e-01 4.157477e-01 3.691001e-01 4.985939e-01 3.739077e-01 3.568093e-01 2.908118e-01 3.074673e-01 4.016136e-01 3.341934e-01 3.915880e-01 3.407852e-01 4.081809e-01 3.293924e-01 3.172044e-01 2.989916e-01 3.837565e-01 4.278611e-01 3.677908e-01 3.688918e-01 3.884667e-01 4.343128e-01 4.193431e-01 5.033405e-01 4.490035e-01 4.685770e-01 4.194996e-01 3.869551e-01 3.936951e-01 3.740210e-01 3.061330e-01 4.191980e-01 3.922864e-01 3.989201e-01 4.398795e-01 3.864461e-01 3.729625e-01 4.167421e-01 4.472303e-01 4.140136e-01 4.049218e-01 3.180785e-01 4.625947e-01 4.263691e-01
<VARIANCE> 142
 3.391182e-02 3.650444e-03 8.236328e-03 1.904522e-03 6.413922e-03 2.947694e-02 7.402198e-03 1.216101e-02 5.374582e-03 7.618474e-03 4.399532e-03 8.395086e-03 6.065128e-03 4.504431e-03 4.523499e-02 1.532116e-02 1.443560e-02 1.635771e-02 8.606277e-03 1.556515e-02 3.580973e-03 5.055136e-03 8.162963e-03 3.245330e-03 4.325017e-03 3.807818e-03 6.203062e-03 6.299024e-03 1.408214e-02 1.746975e-02 5.026676e-03 1.191941e-02 1.901256e-02 5.303346e-03 1.000000e-03 1.964785e-02 5.838710e-03 2.954735e-02 1.934262e-02 4.558342e-02 1.917468e-02 1.129708e-02 1.065761e-02 1.738070e-02 9.340895e-03 1.071546e-02 8.957702e-03 1.423459e-02 9.555086e-03 6.837011e-03 6.410024e-03 1.731083e-02 9.417299e-03 5.806289e-03 4.543245e-03 3.859051e-03 7.648577e-03 1.042678e-02 7.366403e-03 9.215208e-03 5.078731e-03 1.039191e-02 2.183626e-03 1.960364e-03 6.432168e-03 6.566959e-03 2.051420e-02 6.925711e-03 9.405893e-03 2.001975e-02 3.156110e-03 3.921413e-02 6.576921e-03 1.455477e-03 1.406262e-02 9.081780e-03 8.462269e-03 1.290989e-02 4.787271e-03 4.166191e-03 7.899796e-03 2.854077e-03 5.735881e-02 1.402805e-02 6.978527e-03 1.545300e-02 4.306938e-03 2.850604e-03 8.067324e-03 2.970253e-02 9.356982e-03 2.749485e-02 4.669533e-03 5.886839e-03 3.850726e-03 6.751183e-03 1.095958e-02 1.047901e-02 1.358490e-02 3.924223e-03 1.236847e-02 3.989730e-03 4.506015e-03 9.727637e-03 5.728895e-03 1.542626e-03 3.934885e-03 1.312399e-02 3.361452e-03 7.828244e-03 3.771965e-03 8.848530e-03 2.436475e-03 6.374415e-03 6.814071e-03 1.391047e-02 1.872725e-02 9.191501e-03 3.414451e-03 1.273641e-02 4.334794e-03 8.813454e-03 1.561402e-02 4.306762e-02 3.344016e-03 8.187978e-03 7.672196e-03 1.391478e-02 6.933228e-03 5.470597e-03 1.275804e-02 2.963145e-03 1.816262e-02 7.494853e-03 1.378600e-02 9.241104e-03 1.129667e-02 1.722670e-02 3.631905e-02 3.455401e-03 7.410398e-03 7.774348e-03
<GCONST> -4.205077e+02
<TRANSP> 4
 0.000000e+00 1.000000e+00 0.000000e+00 0.000000e+00
 0.000000e+00 5.000000e-01 5.000000e-01 0.000000e+00
 0.000000e+00 0.000000e+00 5.000000e-01 5.000000e-01
 0.000000e+00 0.000000e+00 0.000000e+00 0.000000e+00
<ENDHMM>
