~o
<STREAMINFO> 1 142
<VECSIZE> 142<NULLD><USER><DIAGC>
~h "menu"
<BEGINHMM>
<NUMSTATES> 4
<STATE> 2
<MEAN> 142
 6.504130e-01 3.573514e-01 4.208773e-01 4.304621e-01 3.121292e-01 3.971398e-01 4.633123e-01 3.673353e-01 3.754216e-01 3.539745e-01 5.441310e-01 4.469839e-01 4.359578e-01 5.422541e-01 3.075744e-01 4.239667e-01 3.735598e-01 3.296832e-01 3.501688e-01 4.506946e-01 5.023252e-01 4.644076e-01 4.341884e-01 4.850169e-01 4.662279e-01 4.308346e-01 4.992398e-01 3.861685e-01 3.607045e-01 4.153061e-01 5.089473e-01 4.019292e-01 4.450705e-01 4.110055e-01 4.200360e-01 3.598291e-01 4.052179e-01 3.409750e-01 3.950460e-01 3.673514e-01 3.354967e-01 4.099101e-01 2.979909e-01 3.660695e-01 3.430050e-01 3.994663e-01 4.637853e-01 3.884805e-01 4.109760e-01 3.909287e-01 5.448173e-01 3.930745e-01 4.184112e-01 3.151995e-01 4.522353e-01 3.430321e-01 4.724301e-01 3.958582e-01 3.392226e-01 3.618523e-01 5.048176e-01 4.383957e-01 3.905973e-01 3.961371e-01 3.792317e-01 4.435899e-01 3.518781e-01 4.404462e-01 4.342349e-01 3.505118e-01 4.916065e-01 4.116849e-01 4.130683e-01 4.426561e-01 3.604186e-01 3.769450e-01 4.829642e-01 4.352126e-01 4.596981e-01 4.579138e-01 4.289874e-01 3.830548e-01 3.473681e-01 3.982639e-01 4.058347e-01 4.192933e-01 4.406162e-01 4.359559e-01 4.341542e-01 3.887083e-01 3.316512e-01 3.515979e-01 3.870150e-01 3.967205e-01 4.062020e-01 4.685839e-01 4.392467e-01 2.922181e-01 4.213990e-01 4.453945e-01 3.827730e-01 4.510379e-01 3.947808e-01 3.426654e-01 4.106021e-01 3.363252e-01 3.955496e-01 4.289949e-01 4.752630e-01 4.238981e-01 3.916804e-01 3.743140e-01 3.849407e-01 3.517880e-01 3.071639e-01 3.873812e-01 3.598377e-01 4.422799e-01 4.667047e-01 4.891108e-01 4.372106e-01 4.824145e-01 4.699027e-01 3.696573e-01 4.616938e-01 3.622961e-01 3.956789e-01 3.355981e-01 3.339021e-01 4.400146e-01 4.183277e-01 4.223835e-01 3.965170e-01 4.026751e-01 3.880619e-01 4.188404e-01 4.280562e-01 3.964075e-01 4.361139e-01 4.008848e-01 4.346050e-01 4.520506e-01
<VARIANCE> 142
 3.068716e-02 4.337980e-03 3.761387e-03 1.094780e-02 6.726325e-03 9.097068e-03 3.345298e-02 1.073829e-02 4.338488e-03 8.077726e-03 2.319003e-02 8.910025e-03 2.614478e-03 2.602988e-02 8.974895e-03 4.164710e-02 3.463493e-03 7.078885e-03 4.837080e-03 3.113867e-03 2.643196e-02 2.794829e-02 7.162662e-03 1.625349e-02 4.536825e-03 1.780634e-03 9.060336e-03 2.050085e-02 6.838731e-03 1.042080e-02 3.677933e-03 7.076294e-03 2.501782e-02 1.763036e-02 4.754137e-03 3.650021e-03 6.502876e-03 1.994429e-02 1.106828e-02 2.397173e-02 3.311115e-02 4.765578e-03 8.893345e-03 2.252619e-02 2.357581e-02 6.013586e-03 1.718426e-02 5.700947e-03 1.757314e-02 3.955635e-03 4.619632e-03 5.156901e-03 1.475063e-02 6.645028e-03 1.430387e-02 4.172720e-03 2.739201e-02 8.159185e-03 7.291317e-03 2.410088e-02 1.389421e-02 3.881094e-03 8.831201e-03 1.401831e-02 1.411288e-02 2.230206e-02 1.526932e-02 1.256304e-02 7.874756e-03 1.097324e-02 1.277896e-03 1.486476e-02 4.230716e-03 5.372841e-03 5.163905e-03 4.771528e-03 4.256179e-03 3.400633e-03 1.793507e-02 1.380782e-02 6.014143e-03 3.353100e-03 2.744534e-03 7.656758e-03 3.591562e-02 1.587956e-02 4.194119e-03 5.496510e-03 5.493039e-03 5.135579e-03 1.715531e-02 1.045305e-02 8.122653e-03 3.051633e-02 3.196915e-03 1.791550e-03 8.868747e-03 2.705915e-02 1.095420e-02 3.008189e-03 2.565392e-03 1.673284e-02 4.663568e-03 5.781698e-03 6.348096e-03 8.152960e-03 9.403104e-03 6.055270e-03 5.346148e-03 2.036451e-02 1.148834e-02 7.363820e-03 4.547320e-02 1.000000e-03 2.068634e-03 1.048990e-02 6.199932e-03 4.125020e-03 1.170898e-02 1.602008e-02 1.767750e-03 4.455106e-03 1.263234e-02 7.769885e-03 1.903640e-02 1.828150e-02 1.179914e-02 2.106288e-02 3.774597e-02 1.286748e-02 2.245878e-02 2.832046e-03 2.866516e-02 3.977879e-03 5.332332e-03 2.414441e-03 1.604788e-02 4.164059e-03 5.361558e-02 6.597559e-03 6.334776e-03 5.286464e-03
<GCONST> -4.134204e+02
<STATE> 3
<MEAN> 142
 5.398846e-01 4.234960e-01 3.717786e-01 3.476829e-01 3.482217e-01 2.728618e-01 3.716939e-01 3.908023e-01 4.130393e-01 4.195871e-01 5.031832e-01 4.909413e-01 4.622737e-01 5.339693e-01 3.938917e-01 3.969512e-01 3.943592e-01 4.296943e-01 3.383614e-01 3.928114e-01 4.699841e-01 4.627199e-01 3.630288e-01 4.682274e-01 5.285381e-01 3.955609e-01 4.311191e-01 4.059117e-01 4.854135e-01 4.102179e-01 4.577288e-01 4.204591e-01 3.515824e-01 5.261907e-01 4.363246e-01 4.054435e-01 4.379154e-01 4.401228e-01 4.933926e-01 3.787586e-01 3.916001e-01 5.124282e-01 3.554318e-01 3.215958e-01 2.129458e-01 4.142399e-01 4.391143e-01 5.124786e-01 4.250018e-01 3.428736e-01 5.137817e-01 4.506662e-01 4.162903e-01 3.415872e-01 3.867613e-01 4.280631e-01 4.655539e-01 3.294027e-01 3.601176e-01 3.518250e-01 4.366133e-01 4.335046e-01 4.771113e-01 4.095661e-01 4.280883e-01 4.402647e-01 4.313321e-01 4.075777e-01 4.040261e-01 4.237300e-01 4.690678e-01 3.377017e-01 4.342653e-01 4.205816e-01 2.881277e-01 3.528169e-01 4.450823e-01 4.215118e-01 4.732588e-01 4.910819e-01 5.200696e-01 4.207793e-01 4.244332e-01 3.799967e-01 3.435236e-01 3.797512e-01 4.079675e-01 4.756643e-01 4.646772e-01 2.814370e-01 3.666129e-01 2.955173e-01 4.569296e-01 4.145342e-01 4.420831e-01 4.815818e-01 4.761870e-01 3.543932e-01 5.060843e-01 4.524087e-01 4.338266e-01 4.505722e-01 3.455369e-01 4.353662e-01 3.738490e-01 3.564425e-01 3.965430e-01 4.825578e-01 4.177767e-01 3.794836e-01 4.010282e-01 3.519186e-01 3.445174e-01 3.923242e-01 3.238492e-01 3.927551e-01 3.669973e-01 4.703551e-01 4.834931e-01 4.386391e-01 4.782504e-01 4.528860e-01 4.587291e-01 2.802185e-01 4.472952e-01 4.045025e-01 4.137176e-01 4.162061e-01 4.183871e-01 4.210175e-01 4.657855e-01 4.300869e-01 3.976761e-01 4.636438e-01 4.454505e-01 4.795881e-01 3.963287e-01 5.133103e-01 4.477561e-01 4.375806e-01 4.080686e-01 4.608677e-01
<VARIANCE> 142
 1.360663e-02 8.468309e-03 1.067902e-02 7.126069e-03 9.402647e-03 2.121154e-02 1.683173e-02 6.136979e-03 3.938648e-03 1.183134e-02 3.417331e-02 7.327390e-03 3.109836e-03 2.635362e-02 1.159005e-02 1.323638e-02 5.022018e-03 8.023539e-03 1.254298e-02 5.476676e-03 1.508630e-02 2.239181e-02 1.240095e-02 1.045986e-02 5.588238e-03 8.486276e-03 1.505163e-02 1.950495e-02 1.210041e-02 9.090927e-03 8.806568e-03 5.507021e-03 2.766232e-02 1.087768e-02 5.366682e-03 2.103845e-02 1.050713e-02 9.345434e-03 1.969997e-02 1.236418e-02 1.186050e-02 1.221675e-02 1.290547e-02 5.808863e-03 2.273309e-02 2.117316e-02 1.605335e-02 2.580652e-03 5.580010e-03 8.245034e-03 3.425854e-03 2.408522e-03 7.191605e-03 3.863578e-03 8.240092e-03 1.194612e-02 2.629867e-02 8.238443e-03 1.299058e-02 1.212478e-02 7.686113e-03 8.616676e-03 8.921177e-03 6.208014e-03 1.432871e-02 1.493161e-02 3.771009e-03 7.316846e-03 5.361091e-03 8.019402e-03 9.451554e-03 8.777882e-03 3.036742e-03 5.589623e-03 1.326360e-02 3.216904e-03 1.295313e-02 9.316188e-03 1.425579e-02 9.328377e-03 3.227783e-03 8.725228e-03 1.300520e-02 7.750403e-03 1.320312e-02 2.348183e-02 4.765925e-03 5.607572e-03 2.119810e-03 4.691951e-03 1.094393e-02 9.006327e-03 1.003027e-02 2.349683e-02 5.576906e-03 7.312550e-03 5.948528e-03 7.153020e-03 2.047190e-02 9.070394e-03 6.244944e-03 9.531642e-03 5.110546e-03 9.152862e-03 1.907491e-02 3.865957e-03 7.554987e-03 3.887963e-03 1.048294e-02 1.860281e-02 7.923551e-03 1.425276e-02 4.942724e-02 5.957903e-03 1.433223e-03 4.642877e-03 8.429727e-03 3.761947e-03 1.921449e-02 6.986386e-03 4.257144e-03 1.797397e-03 6.230702e-03 9.289773e-03 1.559268e-02 9.957856e-03 1.171162e-02 8.012402e-03 2.263489e-02 9.746597e-03 1.456517e-02 8.651912e-03 1.400893e-02 2.871323e-03 1.353888e-02 7.178293e-03 1.618596e-02 1.431641e-02 1.592614e-02 5.455035e-03 3.910971e-03 1.221352e-02
<GCONST> -4.085149e+02
<TRANSP> 4
 0.000000e+00 1.000000e+00 0.000000e+00 0.000000e+00
 0.000000e+00 5.000000e-01 5.000000e-01 0.000000e+00
 0.000000e+00 0.000000e+00 5.000000e-01 5.000000e-01
 0.000000e+00 0.000000e+00 0.000000e+00 0.000000e+00
<ENDHMM>
