~o
<STREAMINFO> 1 142
<VECSIZE> 142<NULLD><USER><DIAGC>
~h "nice"
<BEGINHMM>
<NUMSTATES> 4
<STATE> 2
<MEAN> 142
 4.909191e-01 3.117200e-01 3.615961e-01 3.406306e-01 3.149862e-01 3.057888e-01 3.282017e-01 3.710941e-01 4.257253e-01 4.756024e-01 5.005670e-01 4.258729e-01 3.712516e-01 5.301245e-01 3.459648e-01 3.579793e-01 3.888244e-01 4.099313e-01 4.037205e-01 4.050474e-01 5.142460e-01 5.468452e-01 4.489844e-01 4.775945e-01 5.377195e-01 3.640692e-01 4.298030e-01 3.508683e-01 5.205715e-01 4.207262e-01 4.851380e-01 3.630994e-01 2.657818e-01 5.752346e-01 4.538389e-01 3.527749e-01 3.672941e-01 4.187154e-01 4.722210e-01 3.407829e-01 3.778167e-01 4.531440e-01 4.025728e-01 3.818112e-01 1.332265e-01 2.916320e-01 4.068073e-01 4.627961e-01 4.171763e-01 3.955005e-01 5.257059e-01 5.025613e-01 4.681990e-01 2.743347e-01 3.509876e-01 4.136223e-01 4.720432e-01 3.729408e-01 4.074252e-01 3.658115e-01 4.045883e-01 4.111696e-01 3.899803e-01 4.106400e-01 3.454584e-01 4.048288e-01 4.484386e-01 4.082162e-01 3.555427e-01 4.494545e-01 4.773542e-01 3.519515e-01 3.820954e-01 4.363791e-01 3.209640e-01 3.553042e-01 3.978152e-01 3.441706e-01 5.548765e-01 4.955424e-01 4.746479e-01 3.410014e-01 4.387410e-01 3.813151e-01 2.924061e-01 2.889324e-01 3.597559e-01 4.528162e-01 5.189112e-01 2.801526e-01 3.701766e-01 2.380736e-01 4.037409e-01 3.238426e-01 3.693582e-01 4.516444e-01 4.173209e-01 3.412859e-01 5.235423e-01 4.881997e-01 4.715790e-01 4.645875e-01 4.100583e-01 4.301626e-01 3.387874e-01 3.666369e-01 3.942886e-01 4.633449e-01 4.356344e-01 3.642723e-01 4.033319e-01 3.434070e-01 2.917660e-01 3.322591e-01 3.569553e-01 3.644063e-01 4.451662e-01 4.521410e-01 3.941327e-01 3.944126e-01 4.287108e-01 4.168052e-01 4.767103e-01 2.322565e-01 4.297263e-01 3.631776e-01 3.337468e-01 3.926836e-01 3.784023e-01 4.892754e-01 3.705695e-01 3.907349e-01 2.917217e-01 4.745614e-01 3.817219e-01 4.430394e-01 3.222217e-01 4.010945e-01 3.780835e-01 4.064824e-01 4.101428e-01 4.367769e-01
<VARIANCE> 142
 1.681632e-02 8.863183e-03 5.960371e-03 2.685286e-03 1.951154e-03 3.212900e-02 3.650144e-03 6.420546e-03 1.305528e-02 5.819237e-03 2.337996e-02 1.296871e-02 1.205014e-02 3.225446e-02 1.525951e-02 6.344667e-03 1.345571e-02 1.169597e-02 2.893972e-02 2.669529e-02 1.319985e-02 1.019653e-02 1.633153e-02 8.487930e-03 6.683855e-03 9.574922e-03 1.709406e-02 8.085515e-03 9.835214e-03 9.354965e-03 9.822762e-03 5.960558e-03 1.295222e-02 1.243670e-02 2.902459e-03 3.080313e-02 1.197330e-02 1.639969e-02 7.213528e-03 7.967006e-03 8.292567e-03 1.436260e-02 1.486775e-02 1.771329e-02 1.907387e-03 8.798432e-03 9.796691e-03 1.150753e-02 3.989378e-03 1.144580e-02 8.302609e-03 3.032910e-02 6.143761e-03 2.555550e-03 3.710804e-03 9.631146e-03 2.698877e-02 2.642372e-02 1.639787e-02 9.145649e-03 5.314407e-03 1.010170e-02 2.943608e-03 7.175026e-03 8.908680e-03 3.330725e-03 2.073084e-02 2.544307e-03 8.379214e-03 8.204771e-03 7.448567e-03 9.658172e-03 3.679394e-03 7.521023e-03 1.989982e-02 9.912148e-03 8.569700e-03 7.918130e-03 5.167842e-03 6.366054e-03 3.107782e-03 9.541425e-03 3.134226e-02 6.742578e-03 6.707466e-03 1.350005e-02 2.166115e-03 7.932417e-03 1.368034e-03 1.950833e-03 5.517337e-03 5.379680e-03 5.096304e-03 6.023714e-03 8.584995e-03 7.647563e-03 6.393162e-03 6.791594e-03 1.245802e-02 1.777525e-02 3.975818e-03 8.293044e-03 9.816309e-03 1.253708e-02 2.770129e-02 6.408102e-03 1.352046e-02 1.233283e-02 5.393978e-03 1.213177e-02 3.727317e-03 5.734307e-03 8.105976e-03 3.360300e-03 8.370000e-03 5.807502e-03 7.187617e-03 4.598253e-03 2.066961e-03 1.638748e-02 3.401244e-03 8.030169e-03 1.019739e-02 8.141154e-03 1.233211e-02 4.069951e-03 2.266563e-03 8.691317e-03 6.903479e-03 1.825256e-02 8.297992e-03 3.954311e-03 7.278651e-03 1.353853e-02 1.361091e-02 6.911493e-03 8.315783e-03 1.700121e-02 1.002362e-02 6.173309e-03 4.015924e-03 8.883097e-03
<GCONST> -4.197383e+02
<STATE> 3
<MEAN> 142
 7.287565e-01 4.041470e-01 3.846841e-01 3.725431e-01 2.812411e-01 3.241859e-01 4.164416e-01 4.275152e-01 3.217705e-01 3.559761e-01 4.089063e-01 4.450707e-01 4.085737e-01 4.454011e-01 2.924927e-01 3.486022e-01 3.910958e-01 4.060262e-01 3.030050e-01 4.143400e-01 4.577361e-01 4.230309e-01 3.766918e-01 3.990761e-01 4.300604e-01 3.779154e-01 4.004425e-01 4.368822e-01 3.570535e-01 3.416797e-01 4.356127e-01 4.822134e-01 5.324865e-01 4.104464e-01 4.060682e-01 4.060037e-01 3.187600e-01 2.743700e-01 3.247643e-01 3.302306e-01 3.286723e-01 4.489713e-01 2.713217e-01 3.765765e-01 2.327265e-01 4.753903e-01 4.353162e-01 3.828576e-01 3.786299e-01 3.013580e-01 4.728082e-01 3.976327e-01 3.762620e-01 2.667229e-01 4.865568e-01 3.507612e-01 3.699479e-01 3.434852e-01 3.262587e-01 2.700773e-01 4.702247e-01 5.283012e-01 4.031333e-01 4.282763e-01 4.356521e-01 4.928932e-01 3.084667e-01 3.537393e-01 4.714939e-01 3.217069e-01 5.032426e-01 4.878864e-01 4.382480e-01 3.845751e-01 3.831597e-01 4.010048e-01 5.053878e-01 4.508799e-01 3.865484e-01 3.958419e-01 4.455032e-01 3.608129e-01 3.472703e-01 4.114150e-01 3.322214e-01 5.230474e-01 4.148966e-01 4.228449e-01 4.241318e-01 3.623998e-01 3.626007e-01 3.714868e-01 4.435204e-01 3.607457e-01 4.178537e-01 4.763183e-01 4.570146e-01 2.990818e-01 3.733798e-01 4.007820e-01 3.386010e-01 4.546906e-01 3.545963e-01 3.234663e-01 3.162941e-01 2.675444e-01 3.686763e-01 3.201277e-01 3.950095e-01 3.594402e-01 3.799787e-01 3.533128e-01 3.505166e-01 3.189883e-01 3.940441e-01 3.992323e-01 3.851190e-01 3.901641e-01 4.499507e-01 3.849927e-01 4.184769e-01 5.380272e-01 4.962759e-01 4.332116e-01 4.238370e-01 4.751975e-01 3.844832e-01 3.543014e-01 3.650467e-01 4.131342e-01 4.221492e-01 3.919406e-01 4.667060e-01 3.852344e-01 3.704450e-01 3.831792e-01 4.689260e-01 4.305741e-01 3.344970e-01 3.633676e-01 5.098367e-01 5.256778e-01
<VARIANCE> 142
 3.917470e-02 3.515302e-03 4.669216e-03 6.030296e-03 5.633354e-03 1.755628e-02 9.430513e-03 1.287039e-02 3.400918e-03 4.320671e-03 9.546727e-03 5.054222e-03 2.229954e-03 7.105561e-03 1.074598e-02 7.934684e-03 3.619993e-03 4.669797e-03 9.689106e-03 8.651262e-03 7.322552e-03 7.514004e-03 1.194300e-02 1.327127e-03 2.300898e-03 1.475262e-03 5.673613e-03 6.104662e-03 5.355182e-03 6.449207e-03 1.064888e-03 1.174729e-02 1.640068e-02 1.106618e-02 2.266741e-03 1.339010e-02 9.018509e-03 9.783017e-03 5.999183e-03 1.390824e-02 1.419115e-02 3.666055e-03 9.390647e-03 1.613286e-02 2.757712e-03 3.997198e-03 1.066488e-03 4.070208e-03 2.971076e-03 8.453138e-03 4.518688e-03 8.468135e-03 9.788927e-03 3.203724e-03 1.024357e-02 7.853035e-03 3.641184e-02 6.714536e-03 6.239299e-03 5.164046e-03 1.235162e-02 1.610178e-02 5.068457e-03 9.329187e-03 2.041020e-02 1.248844e-02 1.263338e-02 2.858400e-03 1.070698e-02 6.675093e-03 2.256163e-03 1.643161e-02 5.001110e-03 3.901382e-03 9.440520e-03 7.727215e-03 3.762127e-03 1.149364e-02 3.715259e-03 5.916900e-03 1.595677e-02 5.278186e-03 6.333651e-03 2.304851e-03 1.117049e-02 8.609625e-03 3.862896e-03 1.518918e-03 5.130047e-03 7.963943e-03 7.199173e-03 1.123695e-02 2.630222e-02 6.350558e-03 4.825212e-03 1.062516e-02 4.487173e-03 7.240824e-03 5.074104e-03 2.940747e-03 4.010093e-03 7.882398e-03 4.271887e-03 1.315775e-02 5.209395e-03 7.460383e-03 1.086464e-02 9.409460e-03 3.626656e-03 2.684779e-03 1.040142e-02 1.065924e-02 4.256662e-03 2.630117e-03 8.515195e-03 3.717605e-03 8.508270e-03 4.143137e-03 7.145946e-03 1.010545e-02 5.547389e-03 4.770885e-03 1.103223e-02 1.715350e-02 8.200387e-03 3.536545e-03 1.231834e-02 2.838111e-02 1.069983e-02 4.197962e-03 2.918244e-03 6.025705e-03 1.508342e-02 1.157468e-02 1.565154e-02 3.950457e-03 4.454707e-03 1.698947e-02 5.573913e-03 5.661840e-03 1.574109e-02 1.301976e-02
<GCONST> -4.492622e+02
<TRANSP> 4
 0.000000e+00 1.000000e+00 0.000000e+00 0.000000e+00
 0.000000e+00 5.000000e-01 5.000000e-01 0.000000e+00
 0.000000e+00 0.000000e+00 5.000000e-01 5.000000e-01
 0.000000e+00 0.000000e+00 0.000000e+00 0.000000e+00
<ENDHMM>
