~o
<STREAMINFO> 1 142
<VECSIZE> 142<NULLD><USER><DIAGC>
~h "pill"
<BEGINHMM>
<NUMSTATES> 4
<STATE> 2
<MEAN> 142
 6.019000e-01 3.355856e-01 4.549232e-01 4.340544e-01 3.919542e-01 4.557505e-01 4.231344e-01 3.453267e-01 3.591095e-01 4.178608e-01 5.130459e-01 3.483012e-01 3.302524e-01 5.148116e-01 3.306895e-01 3.558156e-01 3.510298e-01 3.390986e-01 4.146073e-01 3.568971e-01 5.662295e-01 5.540466e-01 4.125803e-01 4.310393e-01 5.158072e-01 3.713579e-01 5.019175e-01 3.715962e-01 3.917456e-01 3.366530e-01 5.305872e-01 4.371535e-01 4.528083e-01 4.918473e-01 4.433172e-01 3.456775e-01 4.428215e-01 2.612918e-01 3.539631e-01 3.880113e-01 3.148370e-01 3.764801e-01 3.513597e-01 3.490166e-01 2.529556e-01 3.593126e-01 5.385284e-01 4.300628e-01 5.468863e-01 4.111654e-01 5.393912e-01 3.370274e-01 4.209986e-01 2.308577e-01 3.994164e-01 3.794290e-01 5.305677e-01 4.890754e-01 4.374544e-01 5.290025e-01 4.462003e-01 4.186237e-01 3.528598e-01 3.672214e-01 3.455704e-01 4.490872e-01 3.297250e-01 5.333033e-01 4.604711e-01 3.178127e-01 4.366063e-01 3.976357e-01 3.652819e-01 3.911647e-01 4.093294e-01 3.694353e-01 4.878608e-01 4.423769e-01 4.571160e-01 5.106667e-01 4.062226e-01 3.628814e-01 3.244633e-01 5.179402e-01 4.154550e-01 4.129424e-01 3.669215e-01 3.920833e-01 5.412745e-01 4.236481e-01 2.867360e-01 4.018976e-01 3.867561e-01 3.521745e-01 4.460244e-01 4.265907e-01 4.128773e-01 2.771967e-01 4.734814e-01 4.631620e-01 3.904935e-01 5.199439e-01 3.331502e-01 3.077680e-01 4.101541e-01 2.904395e-01 3.172541e-01 3.437702e-01 5.492525e-01 5.354737e-01 3.476855e-01 3.622512e-01 4.187033e-01 3.711975e-01 3.287728e-01 3.876775e-01 3.698203e-01 4.657751e-01 3.890323e-01 4.839714e-01 4.241346e-01 4.421083e-01 4.202691e-01 3.852128e-01 4.467324e-01 3.726310e-01 3.843696e-01 2.668114e-01 2.796121e-01 4.489486e-01 4.297456e-01 3.897842e-01 2.916139e-01 3.951503e-01 3.710725e-01 5.068107e-01 4.276221e-01 4.015931e-01 4.046985e-01 4.183317e-01 4.275398e-01 4.452381e-01
<VARIANCE> 142
 3.027252e-02 7.322415e-03 6.661044e-03 2.108389e-02 1.401330e-02 4.024309e-02 2.328077e-02 5.993642e-03 8.095614e-03 3.779470e-03 4.577242e-03 9.410757e-03 3.081313e-03 4.323971e-03 6.665604e-03 1.626465e-02 9.146548e-03 9.167620e-03 2.372198e-02 7.726104e-03 1.613405e-02 9.428817e-03 1.155152e-02 4.765362e-03 4.490387e-03 3.312573e-03 1.572184e-02 8.388963e-03 1.025169e-02 1.463523e-02 1.290665e-02 1.607396e-02 1.675515e-02 7.766656e-03 3.519099e-03 5.359243e-03 1.924635e-02 1.398753e-02 1.447187e-02 1.712047e-02 1.542081e-02 5.550347e-03 4.056177e-03 2.097830e-02 1.098463e-02 5.298769e-03 1.666659e-02 3.792271e-03 1.974862e-02 1.233865e-02 7.062580e-03 9.558259e-03 4.961587e-03 2.282533e-03 7.855693e-03 1.066779e-02 1.325558e-02 2.698669e-02 2.124210e-02 6.411706e-02 1.023984e-02 2.962807e-03 4.995645e-03 5.983160e-03 9.239174e-03 8.410699e-03 1.598708e-02 3.776805e-02 5.379402e-03 1.254139e-02 8.050728e-03 1.400275e-02 3.602659e-03 1.539238e-03 6.148164e-03 6.382258e-03 5.390816e-03 2.229041e-02 2.960876e-03 1.304153e-02 5.424314e-03 4.258925e-03 1.069682e-02 7.191135e-03 3.413519e-02 6.738967e-03 5.253042e-03 4.640574e-03 1.299512e-02 1.266581e-02 1.007994e-02 1.745135e-02 1.164407e-02 8.945033e-03 4.940721e-03 8.747051e-03 2.647719e-03 1.271740e-02 7.233272e-03 4.852859e-03 5.162354e-03 3.567580e-03 7.000288e-03 5.325519e-03 2.132027e-02 1.071656e-03 1.029193e-02 6.050560e-03 2.782074e-02 5.618693e-02 4.836071e-03 8.080657e-03 1.704346e-02 3.219196e-03 6.408416e-03 6.891363e-03 4.024404e-03 5.610970e-03 7.715849e-03 5.180752e-03 5.742122e-03 2.138471e-02 9.762031e-03 1.628562e-02 1.942488e-02 9.319688e-03 4.679534e-03 1.125129e-02 1.196413e-02 1.328519e-02 1.150440e-02 1.216591e-02 1.547097e-02 4.846207e-03 4.802986e-03 1.060394e-02 7.523327e-03 3.710236e-03 2.474538e-02 6.624230e-03 1.343140e-02 4.274295e-03
<GCONST> -4.101755e+02
<STATE> 3
<MEAN> 142
 5.003636e-01 3.705597e-01 2.944301e-01 3.183787e-01 2.853346e-01 2.906339e-01 2.932501e-01 2.795108e-01 3.893399e-01 4.407841e-01 4.647794e-01 4.751807e-01 4.075372e-01 4.859820e-01 3.795623e-01 2.838304e-01 4.485675e-01 5.234236e-01 3.772979e-01 4.097774e-01 3.553908e-01 3.948288e-01 4.031743e-01 4.559103e-01 4.670222e-01 4.606938e-01 3.857549e-01 4.586436e-01 5.055733e-01 5.230879e-01 4.758876e-01 3.826240e-01 3.006253e-01 4.635313e-01 4.452578e-01 3.748172e-01 3.537380e-01 5.051282e-01 4.627615e-01 3.516262e-01 5.064218e-01 4.823719e-01 4.201977e-01 3.095904e-01 2.442980e-01 3.885990e-01 3.428367e-01 4.184620e-01 3.293700e-01 4.111413e-01 4.719155e-01 4.934243e-01 5.350897e-01 3.487804e-01 3.863941e-01 4.192998e-01 3.454502e-01 3.131864e-01 3.486787e-01 2.698551e-01 3.993032e-01 4.459004e-01 4.306959e-01 4.926541e-01 5.106909e-01 3.593461e-01 4.842567e-01 3.404918e-01 3.416330e-01 4.969531e-01 4.590546e-01 4.040758e-01 4.014000e-01 3.957782e-01 3.773748e-01 4.458722e-01 3.979949e-01 3.468907e-01 4.802604e-01 3.397498e-01 5.426821e-01 3.949896e-01 4.946761e-01 2.982588e-01 3.773018e-01 3.243045e-01 4.350698e-01 4.631243e-01 4.216298e-01 3.525535e-01 4.597640e-01 2.775595e-01 4.833590e-01 4.395958e-01 3.735686e-01 5.253639e-01 4.386753e-01 5.132430e-01 4.567749e-01 4.443934e-01 4.349449e-01 3.990953e-01 3.929599e-01 4.794735e-01 2.997905e-01 3.073878e-01 4.429264e-01 5.079942e-01 3.957306e-01 2.803276e-01 4.530742e-01 4.469053e-01 3.217646e-01 3.527949e-01 4.087129e-01 4.763027e-01 4.756959e-01 3.746705e-01 4.951657e-01 3.869382e-01 4.624199e-01 4.215590e-01 4.235099e-01 4.455172e-01 3.221377e-01 3.991201e-01 5.105088e-01 5.044577e-01 5.411287e-01 3.414508e-01 3.248526e-01 4.452235e-01 4.322458e-01 4.561896e-01 4.546619e-01 3.929473e-01 3.610072e-01 4.396713e-01 3.791004e-01 3.820515e-01 3.995456e-01 4.003471e-01
<VARIANCE> 142
 5.149004e-03 8.283909e-03 1.227454e-02 6.431208e-03 1.100198e-02 1.607277e-02 3.579469e-03 2.025275e-02 6.831030e-03 7.848247e-03 1.525803e-02 5.809328e-03 1.931974e-02 1.145802e-02 2.575631e-02 1.463786e-02 1.960710e-02 7.687768e-03 2.100210e-02 1.660553e-02 7.026278e-03 1.476401e-02 1.097579e-02 1.555650e-02 2.427643e-03 1.706441e-02 1.284579e-02 1.853825e-02 1.231807e-02 2.296501e-02 7.842927e-03 4.790073e-03 3.854317e-03 8.756730e-03 2.802219e-03 1.887831e-02 9.909563e-03 3.358480e-02 2.957329e-02 1.137482e-02 2.203183e-02 2.623253e-02 8.477534e-03 1.230991e-02 7.076389e-03 7.467106e-03 4.567417e-03 1.720470e-02 9.516766e-03 2.048543e-02 6.027720e-03 4.287908e-02 1.222553e-02 7.824788e-03 6.669920e-03 1.444911e-02 8.506194e-03 9.630251e-03 6.339563e-03 1.674423e-02 2.290699e-02 5.211789e-03 6.224970e-03 8.981294e-03 2.494005e-02 6.653417e-03 4.707520e-02 1.097387e-02 2.412363e-03 1.349454e-02 4.700137e-03 1.580981e-02 8.604185e-03 1.650216e-03 2.215835e-02 2.113071e-02 2.471246e-03 1.042746e-02 2.768752e-03 1.720098e-02 1.438062e-02 5.917538e-03 2.507903e-02 7.532322e-03 1.026424e-02 5.660159e-03 4.227747e-03 5.561617e-03 4.928391e-03 9.053021e-03 1.136792e-02 1.500043e-02 2.345524e-02 2.148788e-02 7.629987e-03 1.178607e-02 2.298052e-03 2.516784e-02 1.713854e-02 4.553072e-03 3.132982e-03 8.939691e-03 3.050346e-03 8.831937e-03 9.409891e-03 3.415199e-03 1.762002e-02 7.513162e-03 1.271214e-02 9.814101e-03 1.345943e-02 1.889586e-02 3.414747e-03 9.070297e-03 1.093604e-02 1.105812e-02 1.778275e-02 4.968841e-03 1.381037e-02 2.891663e-03 5.133601e-03 6.935735e-03 9.790309e-03 3.971637e-02 7.652557e-03 8.148312e-03 1.023797e-02 2.148484e-02 2.086476e-02 5.567187e-03 8.856210e-03 1.435238e-02 2.081162e-02 7.911274e-03 1.375276e-02 4.508281e-03 5.467566e-03 7.628350e-03 2.135060e-02 9.288472e-03 1.177079e-02 4.262964e-03
<GCONST> -3.945231e+02
<TRANSP> 4
 0.000000e+00 1.000000e+00 0.000000e+00 0.000000e+00
 0.000000e+00 5.000000e-01 5.000000e-01 0.000000e+00
 0.000000e+00 0.000000e+00 5.000000e-01 5.000000e-01
 0.000000e+00 0.000000e+00 0.000000e+00 0.000000e+00
<ENDHMM>
