~o
<STREAMINFO> 1 142
<VECSIZE> 142<NULLD><USER><DIAGC>
~h "proud"
<BEGINHMM>
<NUMSTATES> 4
<STATE> 2
<MEAN> 142
 6.496531e-01 3.312060e-01 4.541055e-01 4.528139e-01 3.420039e-01 3.336510e-01 4.187096e-01 3.552633e-01 3.655998e-01 3.953797e-01 4.940247e-01 3.747787e-01 3.674549e-01 4.756181e-01 3.063766e-01 3.723796e-01 3.953194e-01 3.358841e-01 3.675410e-01 3.685831e-01 5.302435e-01 5.294052e-01 4.741866e-01 4.932099e-01 5.161013e-01 3.963469e-01 4.989248e-01 3.470313e-01 3.853913e-01 3.376815e-01 4.797056e-01 4.748407e-01 4.482327e-01 4.843785e-01 4.209393e-01 3.434889e-01 3.734704e-01 2.845951e-01 3.409186e-01 3.454458e-01 2.887667e-01 4.339751e-01 3.476396e-01 3.184759e-01 2.101343e-01 3.879778e-01 5.321509e-01 3.897429e-01 4.775052e-01 3.901972e-01 5.406590e-01 3.493716e-01 4.069846e-01 2.658311e-01 4.802019e-01 3.475949e-01 4.844360e-01 3.785132e-01 3.953113e-01 4.408430e-01 4.309417e-01 4.347859e-01 3.734804e-01 3.712260e-01 3.351181e-01 5.067927e-01 3.394106e-01 4.611962e-01 4.552897e-01 3.270880e-01 4.337953e-01 4.363541e-01 3.974227e-01 4.451079e-01 3.167467e-01 3.482040e-01 4.903228e-01 4.497788e-01 4.897523e-01 5.295174e-01 4.108258e-01 3.785960e-01 3.348336e-01 4.801284e-01 3.512056e-01 4.750509e-01 3.837432e-01 4.293712e-01 4.836997e-01 3.911744e-01 3.187791e-01 3.857377e-01 3.549291e-01 3.096335e-01 4.387155e-01 3.887018e-01 3.957561e-01 2.691241e-01 4.544586e-01 4.357567e-01 3.800479e-01 5.301939e-01 3.437722e-01 3.183911e-01 3.837856e-01 3.762829e-01 3.604820e-01 3.540002e-01 4.346958e-01 4.369406e-01 3.749767e-01 3.510007e-01 3.497979e-01 3.724175e-01 3.281747e-01 3.968069e-01 3.683303e-01 4.597243e-01 3.981837e-01 4.570316e-01 4.481644e-01 4.908416e-01 4.510534e-01 3.862796e-01 4.566484e-01 4.105516e-01 3.743592e-01 3.064452e-01 3.219697e-01 4.590410e-01 3.914609e-01 3.937448e-01 3.652445e-01 3.939212e-01 3.696958e-01 4.729071e-01 4.236893e-01 4.059073e-01 3.520961e-01 4.209310e-01 4.997500e-01 4.765515e-01
<VARIANCE> 142
 2.962092e-02 7.068607e-03 1.814884e-02 1.103671e-02 8.676863e-03 1.744684e-02 1.148868e-02 1.363498e-02 4.077320e-03 9.643178e-03 1.314616e-02 1.372257e-02 5.590764e-03 1.645775e-02 6.592926e-03 6.597174e-03 4.342969e-03 5.584652e-03 1.254124e-02 1.607442e-02 8.968064e-03 1.128672e-02 8.153452e-03 7.020429e-03 3.184381e-03 6.286785e-03 1.425486e-02 8.406310e-03 6.090411e-03 5.992252e-03 4.247104e-03 9.730346e-03 2.814361e-02 1.187379e-02 2.317521e-03 6.129761e-03 1.384004e-02 7.794298e-03 1.293763e-02 1.604861e-02 7.982827e-03 1.137344e-02 1.081859e-02 2.443906e-02 1.238562e-02 7.235024e-03 1.237021e-02 6.757744e-03 7.750521e-03 1.198007e-02 5.722419e-03 1.215709e-02 5.676757e-03 7.853772e-03 7.103903e-03 8.945830e-03 2.503164e-02 9.906155e-03 1.022933e-02 4.609736e-02 3.990599e-03 5.636858e-03 5.905096e-03 3.181413e-03 7.731944e-03 1.125651e-02 8.283304e-03 1.738071e-02 1.357047e-02 9.710078e-03 6.758056e-03 1.609977e-02 8.204480e-03 6.520996e-03 1.583082e-02 4.080259e-03 8.877414e-03 1.084782e-02 1.052059e-02 4.834521e-03 5.754006e-03 4.686100e-03 8.407485e-03 1.183364e-02 1.400793e-02 2.651706e-02 3.168730e-03 1.894353e-03 5.465062e-03 1.684296e-02 9.123201e-03 3.015246e-02 7.742830e-03 1.317731e-02 1.044838e-02 4.922762e-03 3.101134e-03 7.823873e-03 1.766431e-02 3.555422e-03 5.317565e-03 6.981924e-03 6.085067e-03 7.226964e-03 1.181905e-02 1.354784e-02 1.010862e-02 6.276925e-03 1.784666e-02 1.014559e-02 5.936789e-03 7.423559e-03 1.158115e-02 1.207006e-02 5.858337e-03 8.151945e-03 6.584084e-03 3.602803e-03 7.440364e-03 1.924273e-02 1.058375e-02 8.128119e-03 8.976348e-03 1.458925e-02 9.272184e-03 9.438073e-03 2.785514e-03 1.076316e-02 9.269326e-03 8.944294e-03 1.073252e-02 3.230244e-03 2.472717e-02 1.791118e-03 5.176307e-03 1.108992e-02 5.570574e-03 6.411310e-03 7.133449e-03 4.488486e-03 9.617839e-03 1.434270e-02
<GCONST> -4.130453e+02
<STATE> 3
<MEAN> 142
 5.653773e-01 4.051065e-01 2.815270e-01 3.356056e-01 2.887530e-01 2.993427e-01 3.525836e-01 3.346833e-01 3.516151e-01 4.496413e-01 4.211829e-01 4.314268e-01 4.048235e-01 4.633469e-01 4.311652e-01 3.393351e-01 4.861416e-01 4.655003e-01 2.522599e-01 3.304658e-01 3.847527e-01 4.093746e-01 3.117166e-01 4.666665e-01 4.493378e-01 3.565126e-01 4.374330e-01 3.774440e-01 4.843143e-01 4.153984e-01 5.049423e-01 4.113172e-01 3.298872e-01 4.125679e-01 4.422924e-01 3.837802e-01 3.435923e-01 4.138293e-01 4.434047e-01 3.432569e-01 4.517958e-01 4.924198e-01 3.529140e-01 3.352981e-01 2.107775e-01 4.025792e-01 3.842631e-01 4.081503e-01 3.889592e-01 3.080169e-01 4.727405e-01 4.274602e-01 4.947957e-01 2.629972e-01 4.058023e-01 3.861893e-01 4.309831e-01 2.972146e-01 3.175500e-01 2.871940e-01 4.274024e-01 4.272318e-01 3.796341e-01 4.414154e-01 3.637486e-01 4.638984e-01 3.907115e-01 3.673781e-01 4.027112e-01 4.471927e-01 4.107021e-01 3.764820e-01 4.981918e-01 3.891291e-01 3.234464e-01 3.934659e-01 3.737490e-01 3.737397e-01 4.697165e-01 3.944762e-01 4.726159e-01 3.970113e-01 4.908199e-01 3.649880e-01 3.366161e-01 3.545198e-01 3.712088e-01 4.008466e-01 4.605522e-01 3.817076e-01 3.720082e-01 3.546424e-01 4.406364e-01 3.421808e-01 4.208260e-01 4.399217e-01 4.256900e-01 3.743260e-01 4.371774e-01 3.746835e-01 3.900338e-01 4.508071e-01 3.134074e-01 3.845576e-01 2.931054e-01 3.269392e-01 4.449715e-01 4.195694e-01 3.732273e-01 3.101853e-01 4.020045e-01 4.082412e-01 2.808109e-01 3.942469e-01 3.572761e-01 3.792091e-01 4.439968e-01 3.959681e-01 4.375283e-01 3.708896e-01 4.212913e-01 4.807522e-01 3.794386e-01 4.392201e-01 4.415155e-01 3.999379e-01 4.399814e-01 4.345699e-01 3.923630e-01 3.941729e-01 3.156990e-01 4.063709e-01 3.398954e-01 3.720946e-01 4.320692e-01 3.849956e-01 4.654800e-01 4.580283e-01 3.379677e-01 3.915844e-01 4.524184e-01 4.146425e-01
<VARIANCE> 142
 1.669713e-02 9.066784e-03 1.050984e-02 2.149194e-02 1.329196e-02 2.329465e-02 8.295247e-03 1.657295e-02 3.579781e-03 3.678394e-03 1.003846e-02 1.007185e-02 6.401393e-03 9.583875e-03 4.547254e-02 1.710270e-02 1.473949e-02 3.344546e-02 8.847771e-03 1.674056e-02 3.774965e-03 5.128294e-03 7.445048e-03 6.043310e-03 3.805371e-03 7.264389e-03 6.177326e-03 5.691912e-03 1.420732e-02 1.175010e-02 6.277376e-03 1.053108e-02 1.652545e-02 7.131912e-03 1.095233e-03 4.548104e-02 5.204514e-03 3.484297e-02 2.077699e-02 1.675580e-02 2.257109e-02 2.537129e-02 1.511427e-02 1.808457e-02 8.250832e-03 1.557468e-02 1.679568e-02 1.450210e-02 1.521666e-02 8.694603e-03 6.199441e-03 2.472168e-02 9.983800e-03 3.651084e-03 1.041483e-02 9.752797e-03 4.250943e-03 6.582763e-03 7.392241e-03 1.141638e-02 1.588824e-02 1.022673e-02 1.562933e-03 4.528968e-03 6.317487e-03 2.813666e-02 3.948953e-02 6.291579e-03 8.929295e-03 1.126098e-02 6.018874e-03 3.216233e-02 1.074397e-02 1.428752e-02 2.066676e-02 9.091966e-03 4.811347e-03 3.498495e-02 3.534933e-03 9.119825e-03 1.004636e-02 1.393325e-02 7.077634e-02 1.375137e-02 7.104364e-03 1.942300e-02 5.137852e-03 5.459707e-03 5.499857e-03 1.189559e-02 5.062089e-03 2.811141e-02 4.708529e-03 3.484201e-03 1.401727e-02 8.517887e-03 7.412973e-03 1.335446e-02 1.890998e-02 5.543985e-03 9.670968e-03 8.209639e-03 4.734660e-03 1.853704e-02 6.653816e-03 6.876146e-03 5.489368e-03 7.100015e-03 6.695439e-03 4.593330e-03 8.291193e-03 7.513191e-03 4.140015e-03 2.321986e-02 9.227593e-03 1.824912e-02 9.517229e-03 1.013022e-02 2.260295e-03 4.917300e-03 9.697484e-03 1.674769e-02 9.042846e-03 6.209633e-02 1.135246e-02 2.247194e-03 9.007325e-03 1.789798e-02 9.536586e-03 1.642696e-02 9.443332e-03 1.369786e-02 1.250097e-02 1.075356e-02 3.477151e-02 1.856154e-02 1.349374e-02 3.804441e-02 2.637764e-02 1.184920e-02 3.705450e-02 1.937810e-02
<GCONST> -3.860641e+02
<TRANSP> 4
 0.000000e+00 1.000000e+00 0.000000e+00 0.000000e+00
 0.000000e+00 5.000000e-01 5.000000e-01 0.000000e+00
 0.000000e+00 0.000000e+00 5.000000e-01 5.000000e-01
 0.000000e+00 0.000000e+00 0.000000e+00 0.000000e+00
<ENDHMM>
