~o
<STREAMINFO> 1 142
<VECSIZE> 142<NULLD><USER><DIAGC>
~h "puzzled"
<BEGINHMM>
<NUMSTATES> 4
<STATE> 2
<MEAN> 142
 5.216585e-01 5.224857e-01 3.399933e-01 3.707453e-01 3.724596e-01 2.141251e-01 3.232378e-01 3.401519e-01 4.189095e-01 5.093704e-01 4.910439e-01 4.720954e-01 3.292374e-01 4.266813e-01 3.556849e-01 3.910671e-01 4.409799e-01 5.001966e-01 2.940721e-01 3.469015e-01 4.063059e-01 4.683039e-01 3.657454e-01 5.267303e-01 4.727533e-01 4.066279e-01 4.058418e-01 4.250920e-01 4.947152e-01 4.321058e-01 4.469006e-01 4.278064e-01 3.648502e-01 5.584095e-01 4.399371e-01 4.673334e-01 4.006748e-01 4.636320e-01 5.921369e-01 3.448318e-01 5.058898e-01 6.420885e-01 4.944761e-01 2.926096e-01 2.195503e-01 4.873410e-01 4.432883e-01 3.812402e-01 4.018112e-01 3.604360e-01 5.118726e-01 4.101105e-01 4.542059e-01 3.670085e-01 4.755186e-01 4.240760e-01 4.364552e-01 3.197584e-01 3.656223e-01 2.953346e-01 3.630961e-01 4.555511e-01 4.984539e-01 4.377441e-01 4.498644e-01 4.974419e-01 4.412535e-01 3.884834e-01 4.494460e-01 4.668907e-01 4.176354e-01 4.036545e-01 4.540915e-01 3.840771e-01 3.105715e-01 3.824847e-01 4.165818e-01 4.631683e-01 4.771808e-01 4.964105e-01 5.155694e-01 4.448724e-01 4.978796e-01 3.771153e-01 2.991348e-01 3.730678e-01 4.473571e-01 4.798397e-01 4.397163e-01 3.427098e-01 4.765342e-01 3.008573e-01 4.372534e-01 4.560234e-01 5.127245e-01 4.417577e-01 5.272226e-01 3.939735e-01 6.032082e-01 4.357183e-01 4.525557e-01 4.607126e-01 4.127896e-01 5.124186e-01 2.943902e-01 3.821496e-01 4.795426e-01 4.711434e-01 3.095592e-01 3.587473e-01 4.283553e-01 4.630021e-01 3.265442e-01 5.162948e-01 4.001381e-01 4.738870e-01 4.512203e-01 4.952643e-01 5.528694e-01 4.598126e-01 5.322706e-01 4.846183e-01 4.863535e-01 4.205403e-01 4.587085e-01 4.655357e-01 4.435809e-01 5.359169e-01 4.987914e-01 3.682706e-01 3.629969e-01 5.320975e-01 4.001357e-01 4.223956e-01 5.116448e-01 5.381988e-01 3.635279e-01 4.730474e-01 3.888104e-01 5.024273e-01 5.576178e-01 3.266071e-01
<VARIANCE> 142
 1.549723e-02 2.038903e-02 4.428994e-03 3.882424e-03 1.586953e-02 9.419494e-03 3.066341e-03 5.788172e-03 1.179726e-02 4.835342e-03 1.018556e-02 1.495093e-02 6.285415e-03 2.707709e-03 1.126880e-02 4.580287e-03 5.086589e-03 1.721840e-02 1.418182e-02 2.185504e-03 2.991382e-03 2.304352e-02 4.816589e-03 1.079018e-02 2.016817e-03 5.433883e-03 3.268065e-03 8.469136e-03 4.313197e-03 1.619127e-02 2.824544e-03 3.045549e-03 1.105552e-02 1.760467e-02 4.131483e-03 6.343377e-03 1.676927e-02 2.399018e-02 1.436141e-02 6.074542e-03 2.027780e-02 1.026195e-02 1.679556e-02 4.420270e-03 1.751131e-02 6.077423e-03 2.603285e-03 1.684218e-02 2.124250e-02 1.167962e-02 2.141901e-03 2.084186e-03 1.000000e-03 1.525502e-02 1.102772e-02 8.230113e-03 3.483836e-03 2.685138e-03 2.256246e-03 5.626693e-03 4.083169e-03 1.377985e-03 2.314405e-02 9.244143e-03 1.499351e-02 2.938468e-03 9.150743e-03 6.076191e-03 6.140441e-03 5.909164e-03 2.433014e-03 2.533615e-02 2.339505e-03 1.000000e-03 2.061904e-02 1.171575e-02 5.904397e-03 4.606547e-02 4.957650e-03 2.096963e-02 5.055317e-03 1.623725e-02 1.591517e-02 4.096557e-03 1.303224e-02 8.729548e-03 1.670511e-02 1.982209e-02 1.000000e-03 7.812355e-03 2.512832e-02 1.027648e-02 5.157824e-03 1.329219e-02 2.113445e-03 5.477217e-03 3.612372e-03 1.947747e-02 4.239482e-02 1.484096e-03 1.025856e-02 2.292467e-03 1.767946e-02 1.120956e-02 2.576002e-03 7.704268e-03 5.345518e-03 4.607522e-03 3.208209e-03 1.260062e-02 1.670842e-02 1.770955e-02 6.246058e-03 2.866208e-02 6.132903e-03 3.278925e-02 2.892022e-02 4.407473e-02 2.584869e-02 5.221586e-03 6.935355e-03 5.031769e-03 6.434255e-03 3.760519e-02 5.113679e-03 4.590861e-03 1.283401e-02 9.319633e-03 2.629560e-02 1.000000e-03 1.232089e-02 7.358720e-03 1.356384e-02 4.812545e-03 1.136137e-02 9.414864e-03 9.094674e-03 4.258341e-03 4.791524e-03 8.491972e-03 1.477534e-03 8.960744e-03
<GCONST> -4.321415e+02
<STATE> 3
<MEAN> 142
 7.779315e-01 3.923375e-01 4.060999e-01 3.697287e-01 2.840270e-01 2.867325e-01 4.202664e-01 3.914198e-01 3.434781e-01 3.762051e-01 4.273008e-01 4.492573e-01 3.970295e-01 4.387757e-01 2.296096e-01 3.592878e-01 3.772499e-01 3.973545e-01 3.108224e-01 4.022127e-01 4.565472e-01 5.199795e-01 3.934057e-01 4.476548e-01 4.283774e-01 4.343432e-01 4.059691e-01 3.888914e-01 4.087699e-01 3.679371e-01 4.474900e-01 5.073240e-01 5.377001e-01 4.078750e-01 4.226528e-01 3.628734e-01 2.768899e-01 2.485864e-01 2.984311e-01 3.060737e-01 2.846728e-01 4.339617e-01 3.173249e-01 3.966956e-01 2.500502e-01 4.611709e-01 4.745691e-01 3.698168e-01 3.993865e-01 3.580142e-01 5.113183e-01 3.827498e-01 4.561312e-01 2.220311e-01 5.460342e-01 3.475623e-01 4.158181e-01 3.582239e-01 3.114598e-01 2.856303e-01 4.783294e-01 5.111800e-01 3.988647e-01 4.157966e-01 3.606128e-01 5.139469e-01 3.088708e-01 3.731830e-01 4.813535e-01 3.012604e-01 4.681751e-01 4.560758e-01 4.575434e-01 4.311767e-01 3.714412e-01 3.881415e-01 4.949872e-01 5.344634e-01 4.226050e-01 4.073295e-01 4.133830e-01 3.580182e-01 3.513961e-01 4.387714e-01 2.986767e-01 4.722687e-01 4.263519e-01 4.209459e-01 4.142140e-01 3.623840e-01 3.873731e-01 3.985187e-01 4.247885e-01 3.521246e-01 4.395261e-01 4.949179e-01 4.137956e-01 3.268065e-01 3.974390e-01 4.577168e-01 3.773307e-01 5.450308e-01 3.937877e-01 2.989392e-01 2.995533e-01 2.817126e-01 3.972987e-01 3.315982e-01 3.944193e-01 3.326432e-01 3.953944e-01 3.714732e-01 4.416377e-01 3.252540e-01 3.585180e-01 4.349582e-01 3.776639e-01 4.710986e-01 4.497643e-01 4.843634e-01 4.088754e-01 5.661726e-01 5.285975e-01 3.901050e-01 4.059418e-01 4.340414e-01 4.229067e-01 3.019963e-01 3.029523e-01 3.933294e-01 4.510427e-01 4.144386e-01 4.311751e-01 4.166080e-01 3.391896e-01 3.938651e-01 4.761649e-01 3.766625e-01 3.226224e-01 3.599045e-01 5.021179e-01 4.938822e-01
<VARIANCE> 142
 3.451273e-02 4.852493e-03 9.965794e-03 1.483267e-02 1.653277e-02 1.168265e-02 1.622134e-02 1.093981e-02 6.993714e-03 3.991779e-03 4.585265e-03 1.741901e-03 5.846989e-03 3.311726e-03 1.121216e-02 3.044509e-02 7.572019e-03 4.299605e-03 8.029569e-03 1.307903e-02 5.519945e-03 5.266495e-03 1.641613e-02 1.822634e-03 1.000000e-03 7.821448e-03 2.740495e-03 3.263586e-03 1.848253e-03 8.132233e-03 5.249771e-03 3.203031e-03 3.371614e-02 5.307021e-03 1.128586e-03 3.231935e-03 8.268193e-03 7.031892e-03 9.205060e-03 2.739392e-02 5.275584e-03 7.299833e-03 5.218481e-03 1.989009e-02 1.601199e-02 3.695866e-03 3.394753e-03 4.713719e-03 3.140857e-03 5.167409e-03 7.141662e-03 1.002671e-02 2.850397e-03 4.711837e-03 6.123579e-03 4.671867e-03 1.989332e-02 1.880891e-02 1.300843e-02 2.337816e-02 1.498478e-02 8.346365e-03 4.318444e-03 3.615910e-03 2.399787e-03 1.406492e-02 1.175325e-02 1.534140e-02 6.229144e-03 6.891131e-03 2.031623e-03 1.865362e-02 4.116555e-03 1.000000e-03 1.067892e-02 1.871723e-02 5.984926e-03 2.241803e-02 3.842299e-03 8.843574e-03 2.346751e-03 7.855983e-03 8.367504e-03 5.432531e-03 2.371682e-02 9.915550e-03 2.433100e-03 2.946965e-03 4.577908e-03 9.424057e-03 6.015103e-03 1.720734e-02 6.408686e-03 5.537143e-03 8.688676e-03 2.056692e-03 3.256761e-03 9.368242e-03 6.423574e-03 6.195188e-03 2.946680e-03 1.433411e-03 4.553427e-03 3.814326e-03 3.475726e-03 1.053055e-02 1.481232e-02 6.323826e-03 4.491573e-03 5.803431e-03 6.358942e-03 2.364761e-03 4.636610e-02 5.443080e-03 2.490168e-03 6.966096e-03 5.294863e-03 9.851188e-03 3.420726e-03 2.272921e-03 1.026691e-02 1.755751e-03 6.488816e-03 1.569040e-02 1.193587e-02 3.289183e-03 3.212809e-03 5.444638e-03 4.136225e-03 6.354341e-03 1.892604e-02 6.458503e-03 1.653851e-02 3.776227e-03 3.118019e-03 3.955985e-03 1.595942e-02 2.156547e-03 1.178448e-02 4.743065e-03 5.614208e-03 5.202661e-03
<GCONST> -4.571593e+02
<TRANSP> 4
 0.000000e+00 1.000000e+00 0.000000e+00 0.000000e+00
 0.000000e+00 5.000000e-01 5.000000e-01 0.000000e+00
 0.000000e+00 0.000000e+00 5.000000e-01 5.000000e-01
 0.000000e+00 0.000000e+00 0.000000e+00 0.000000e+00
<ENDHMM>
