~o
<STREAMINFO> 1 142
<VECSIZE> 142<NULLD><USER><DIAGC>
~h "reason"
<BEGINHMM>
<NUMSTATES> 4
<STATE> 2
<MEAN> 142
 7.999724e-01 3.829257e-01 3.584726e-01 3.439057e-01 2.545686e-01 3.862321e-01 3.739819e-01 3.820791e-01 3.311765e-01 3.699864e-01 4.252275e-01 4.655238e-01 3.849732e-01 4.609141e-01 2.735261e-01 3.487456e-01 3.671731e-01 4.035652e-01 2.781075e-01 4.237857e-01 4.404956e-01 4.030824e-01 3.783889e-01 3.953818e-01 4.109527e-01 3.858238e-01 4.116563e-01 3.831887e-01 3.368560e-01 3.298698e-01 4.429958e-01 4.622077e-01 4.867261e-01 3.638077e-01 4.067652e-01 3.991711e-01 3.020898e-01 2.946092e-01 2.892716e-01 3.194147e-01 3.354074e-01 4.129827e-01 2.967771e-01 4.081261e-01 2.428093e-01 4.518268e-01 4.320903e-01 3.895609e-01 3.724197e-01 2.870114e-01 4.854513e-01 4.253082e-01 4.244785e-01 2.533568e-01 5.004059e-01 3.292750e-01 4.658384e-01 3.295424e-01 3.856441e-01 2.566035e-01 4.746769e-01 4.355143e-01 3.828266e-01 3.946480e-01 4.447655e-01 4.344358e-01 3.479940e-01 3.535513e-01 4.653080e-01 3.521725e-01 4.605199e-01 5.327558e-01 4.186659e-01 4.075320e-01 3.906436e-01 3.890503e-01 4.895123e-01 4.285829e-01 4.127646e-01 3.650150e-01 4.335344e-01 3.811623e-01 3.738574e-01 4.739372e-01 3.026166e-01 4.921023e-01 3.947073e-01 4.426433e-01 4.329925e-01 3.990728e-01 3.638090e-01 4.054188e-01 4.247914e-01 3.323061e-01 3.894028e-01 5.045291e-01 4.496713e-01 3.541155e-01 3.952439e-01 3.780062e-01 3.621674e-01 4.641137e-01 3.464003e-01 3.242104e-01 3.030947e-01 2.637430e-01 3.629553e-01 2.850494e-01 4.202213e-01 3.591210e-01 3.823896e-01 3.717451e-01 3.033248e-01 3.070817e-01 3.699811e-01 4.197794e-01 3.553069e-01 3.436559e-01 4.422140e-01 4.127555e-01 4.173062e-01 5.151941e-01 4.532962e-01 4.681647e-01 4.183103e-01 4.288031e-01 4.268620e-01 3.865997e-01 3.308506e-01 4.022343e-01 4.246925e-01 4.119006e-01 4.986705e-01 4.235645e-01 3.724282e-01 4.177009e-01 4.651555e-01 3.847872e-01 3.853471e-01 3.535383e-01 4.648901e-01 4.605186e-01
<VARIANCE> 142
 4.057537e-02 5.653133e-03 5.409996e-03 2.753875e-03 8.662507e-03 8.826658e-03 5.256209e-03 1.414317e-02 9.216771e-03 4.137404e-03 9.678241e-03 2.524261e-03 8.856508e-03 7.449989e-03 1.135912e-02 9.704266e-03 9.252399e-03 1.375592e-02 3.387842e-03 5.368471e-03 7.718990e-03 8.569459e-03 1.170499e-02 3.503719e-03 2.013670e-03 4.196034e-03 3.236571e-03 6.804685e-03 6.477944e-03 1.698869e-02 2.117053e-03 8.599523e-03 1.079255e-02 2.774671e-03 1.198530e-03 1.053052e-03 6.707238e-03 1.788823e-02 9.317760e-03 5.034330e-02 2.745466e-02 4.921355e-03 9.827602e-03 1.251607e-02 6.554401e-03 3.747794e-03 6.156701e-03 1.021844e-02 7.397647e-03 2.727020e-03 3.920334e-03 1.401252e-02 4.634380e-03 8.109854e-03 7.114477e-03 1.016692e-02 1.012373e-02 8.783513e-03 3.269339e-03 6.927550e-03 7.754085e-03 8.055966e-03 1.000000e-03 1.556751e-03 2.624437e-02 6.254953e-03 2.352742e-02 5.070964e-03 3.247808e-03 1.259635e-02 1.527554e-03 1.065568e-02 5.041813e-03 3.206544e-03 9.222054e-03 7.864619e-03 4.004587e-03 1.374769e-02 2.992196e-03 4.148238e-03 2.988138e-02 2.100688e-03 1.639091e-02 8.901476e-03 1.104403e-02 9.029134e-03 1.823302e-03 2.260464e-03 1.574625e-03 5.533138e-03 4.123432e-03 9.149743e-03 3.367833e-02 1.187074e-03 3.733072e-03 1.081777e-02 1.038087e-02 2.951036e-02 7.924801e-03 1.000000e-03 6.781621e-03 1.319664e-02 1.717007e-03 1.561955e-02 4.936444e-03 8.639752e-03 3.562550e-03 1.061992e-02 8.840582e-03 8.183269e-03 2.925548e-03 3.245651e-03 4.464195e-03 2.750973e-03 6.717232e-03 8.010754e-03 1.073433e-02 8.343182e-03 2.273155e-03 3.860926e-03 1.367923e-03 9.018485e-03 1.207214e-02 1.114221e-02 4.521295e-03 6.645052e-03 1.176590e-02 5.312133e-02 1.726427e-02 3.659244e-03 6.273102e-03 3.901485e-03 1.523666e-02 1.934772e-02 8.916805e-03 3.577206e-03 6.854856e-03 8.704657e-03 4.555661e-02 3.468687e-03 7.784002e-03 6.299981e-03
<GCONST> -4.524463e+02
<STATE> 3
<MEAN> 142
 5.338281e-01 4.341721e-01 3.582399e-01 4.386642e-01 3.503688e-01 2.500381e-01 3.256402e-01 3.618814e-01 3.675695e-01 4.916629e-01 4.914860e-01 4.536448e-01 3.330454e-01 5.196374e-01 3.697842e-01 3.379678e-01 4.050942e-01 3.829418e-01 3.219836e-01 3.218425e-01 4.957440e-01 5.781158e-01 3.573942e-01 5.583480e-01 5.042063e-01 3.660247e-01 4.912441e-01 3.960147e-01 5.055292e-01 4.157128e-01 4.611670e-01 4.611962e-01 3.950843e-01 4.697963e-01 4.921696e-01 3.806348e-01 4.608431e-01 3.064396e-01 4.614550e-01 3.578869e-01 3.051934e-01 5.326048e-01 4.073886e-01 3.155997e-01 2.039389e-01 4.228927e-01 5.207828e-01 3.762373e-01 4.467040e-01 3.714212e-01 4.909468e-01 3.373044e-01 4.551074e-01 2.402739e-01 4.548286e-01 4.508285e-01 4.937096e-01 3.351364e-01 3.685592e-01 3.705910e-01 3.297690e-01 4.798821e-01 3.798661e-01 3.796970e-01 3.282267e-01 4.540822e-01 3.005483e-01 4.273323e-01 4.151173e-01 3.853278e-01 3.970359e-01 3.548860e-01 4.219752e-01 4.883091e-01 2.360321e-01 3.030783e-01 4.563330e-01 5.828815e-01 5.488111e-01 4.944391e-01 4.342164e-01 4.341977e-01 3.466128e-01 4.540371e-01 3.014692e-01 3.620241e-01 4.263042e-01 4.150094e-01 4.858483e-01 3.208829e-01 3.626345e-01 3.092407e-01 4.089719e-01 2.945567e-01 5.446508e-01 4.296469e-01 4.649738e-01 2.620817e-01 5.485379e-01 4.439487e-01 4.668162e-01 6.061970e-01 3.809718e-01 3.517340e-01 3.869856e-01 3.828611e-01 3.295858e-01 4.074235e-01 4.008130e-01 3.538257e-01 4.118253e-01 3.761337e-01 4.415080e-01 4.559898e-01 4.211423e-01 4.052264e-01 3.932126e-01 5.991225e-01 4.054774e-01 4.749033e-01 4.376615e-01 5.201691e-01 5.178660e-01 3.262432e-01 3.871370e-01 4.619027e-01 4.447858e-01 3.440121e-01 3.613214e-01 3.904443e-01 4.197100e-01 4.354660e-01 2.768958e-01 4.495141e-01 3.783936e-01 5.110710e-01 3.743873e-01 4.203983e-01 3.695579e-01 4.740905e-01 5.399219e-01 4.557966e-01
<VARIANCE> 142
 2.091833e-02 8.910025e-03 1.206822e-02 1.670288e-02 2.802235e-02 2.670721e-02 1.326001e-02 1.073744e-02 6.632208e-03 1.071909e-02 1.027374e-02 2.034694e-02 1.187582e-02 1.589458e-02 8.852523e-03 1.215736e-02 1.786472e-02 1.136372e-02 1.921535e-02 4.499292e-03 2.534692e-02 1.147827e-02 9.618137e-03 1.309807e-02 1.036574e-02 3.257454e-03 9.883483e-03 1.337528e-02 1.787431e-02 8.226941e-03 3.754541e-03 5.246353e-03 2.041059e-02 1.174571e-02 5.257432e-03 4.696611e-03 5.554017e-03 9.351299e-03 1.592236e-02 2.640576e-02 5.210681e-03 1.499407e-02 1.120507e-02 7.428714e-03 1.833758e-02 9.491353e-03 1.620060e-02 9.297087e-03 1.508321e-02 9.607948e-03 8.456001e-03 4.190500e-03 1.967529e-03 5.490015e-03 1.165921e-02 1.441535e-02 3.783200e-02 3.036810e-02 2.560779e-02 5.355063e-02 1.169006e-02 4.920986e-03 6.952441e-03 2.090463e-03 3.811512e-03 1.050365e-02 1.145795e-02 5.271718e-02 1.181388e-02 3.305196e-03 3.213149e-03 1.069808e-02 1.029904e-02 5.835060e-03 1.528976e-02 6.812392e-03 5.196996e-03 1.751638e-02 1.366633e-02 1.583841e-02 7.704581e-03 7.837207e-03 3.069634e-03 1.453151e-02 1.092099e-02 2.076517e-02 6.145844e-03 3.288525e-03 7.850850e-03 1.580586e-02 2.478168e-02 1.896139e-02 9.510159e-03 7.082146e-03 4.327318e-03 9.326644e-03 5.165549e-03 6.401788e-03 1.606180e-02 2.229984e-03 4.899120e-03 9.284270e-03 1.329545e-03 1.316532e-02 2.533618e-02 9.396912e-03 6.700931e-03 6.645545e-03 1.874365e-02 2.358577e-02 9.891122e-03 1.744500e-02 2.852053e-02 5.582184e-03 1.613788e-02 9.431891e-03 1.400470e-02 9.305443e-03 5.335351e-03 8.198583e-03 4.638430e-03 3.590692e-03 6.031967e-03 2.323099e-02 1.428433e-02 8.413544e-03 1.769016e-02 1.320925e-02 2.220271e-02 2.136590e-02 1.828065e-02 6.436403e-03 1.953486e-02 6.886169e-03 7.620989e-03 1.449480e-02 1.157829e-02 2.679844e-03 2.664892e-02 3.319316e-03 1.560123e-02 8.651777e-03
<GCONST> -3.914469e+02
<TRANSP> 4
 0.000000e+00 1.000000e+00 0.000000e+00 0.000000e+00
 0.000000e+00 5.000000e-01 5.000000e-01 0.000000e+00
 0.000000e+00 0.000000e+00 5.000000e-01 5.000000e-01
 0.000000e+00 0.000000e+00 0.000000e+00 0.000000e+00
<ENDHMM>
