~o
<STREAMINFO> 1 142
<VECSIZE> 142<NULLD><USER><DIAGC>
~h "recall"
<BEGINHMM>
<NUMSTATES> 4
<STATE> 2
<MEAN> 142
 5.239501e-01 3.726253e-01 3.592236e-01 3.652270e-01 3.441720e-01 2.388926e-01 3.688384e-01 2.877145e-01 3.895563e-01 4.306338e-01 4.210420e-01 4.342728e-01 3.931463e-01 4.224715e-01 3.556859e-01 3.527578e-01 4.097875e-01 3.622726e-01 2.705517e-01 3.313003e-01 4.378990e-01 4.613124e-01 3.422944e-01 4.880631e-01 4.805581e-01 3.763164e-01 3.980787e-01 3.516386e-01 4.138774e-01 3.780540e-01 4.504381e-01 3.775196e-01 3.648108e-01 5.092289e-01 4.318302e-01 3.568238e-01 4.216339e-01 3.353428e-01 4.120631e-01 3.609426e-01 3.588465e-01 4.694887e-01 3.627369e-01 2.761140e-01 2.160570e-01 3.826703e-01 4.513016e-01 4.036316e-01 3.949170e-01 3.204816e-01 4.786213e-01 3.543992e-01 4.077722e-01 2.926794e-01 4.467519e-01 3.895102e-01 3.853548e-01 3.049157e-01 3.239888e-01 3.671349e-01 4.264656e-01 4.217864e-01 3.922413e-01 3.535454e-01 3.858500e-01 4.254641e-01 3.294263e-01 3.974642e-01 3.831150e-01 3.725209e-01 4.211903e-01 3.769397e-01 3.936559e-01 4.277708e-01 2.194684e-01 3.464851e-01 4.237866e-01 4.059903e-01 4.788996e-01 4.452611e-01 4.975364e-01 3.826539e-01 3.688198e-01 3.942173e-01 3.623861e-01 3.635259e-01 3.780535e-01 4.328192e-01 4.689419e-01 3.222082e-01 3.392039e-01 2.670898e-01 4.293741e-01 3.344592e-01 4.459101e-01 4.464238e-01 4.532036e-01 3.108647e-01 5.133862e-01 4.484241e-01 4.209214e-01 4.490983e-01 3.455245e-01 3.742331e-01 3.446821e-01 3.024326e-01 3.331685e-01 4.203679e-01 3.711338e-01 3.670413e-01 3.672359e-01 3.516587e-01 3.892573e-01 4.039029e-01 3.423040e-01 3.940519e-01 3.399878e-01 4.358995e-01 4.498219e-01 3.922876e-01 4.416036e-01 4.501189e-01 3.900675e-01 3.195224e-01 3.914906e-01 3.812069e-01 4.261302e-01 3.701809e-01 3.739317e-01 3.893971e-01 3.903916e-01 4.076854e-01 3.494621e-01 4.043313e-01 4.053627e-01 4.675711e-01 4.420463e-01 4.348806e-01 4.256306e-01 4.069553e-01 4.393803e-01 4.141613e-01
<VARIANCE> 142
 1.478087e-02 1.071396e-02 4.448664e-03 1.874142e-02 1.785973e-02 1.054118e-02 8.390822e-03 9.235558e-03 3.104799e-03 5.287584e-03 5.175642e-03 7.708296e-03 1.430566e-02 7.406492e-03 1.764406e-02 7.110980e-03 3.875766e-03 1.172730e-02 3.073349e-03 1.224204e-02 8.000416e-03 1.121732e-02 5.222770e-03 5.459458e-03 4.158785e-03 7.216425e-03 6.907900e-03 1.461537e-02 8.962121e-03 7.159336e-03 4.103068e-03 8.994956e-03 2.136426e-02 1.142217e-02 2.201963e-03 2.956332e-02 9.554869e-03 2.049705e-02 2.401796e-02 1.262994e-02 1.226308e-02 1.874919e-02 1.184723e-02 9.247477e-03 1.941456e-02 1.301585e-02 1.369366e-02 1.078591e-02 5.421234e-03 4.992924e-03 9.656657e-03 1.265276e-02 4.581361e-03 6.791891e-03 1.072631e-02 8.172873e-03 8.932198e-03 1.574973e-03 6.363999e-03 2.252374e-02 1.275338e-02 6.956514e-03 1.565598e-02 6.108774e-03 2.001570e-02 6.322069e-03 1.908654e-02 5.225427e-03 9.885888e-03 7.718946e-03 6.939533e-03 5.901510e-03 8.483127e-03 7.639572e-03 1.134571e-02 6.307249e-03 5.755818e-03 2.181015e-02 8.711853e-03 7.591481e-03 1.507197e-02 9.607144e-03 1.158218e-02 8.263784e-03 1.398644e-02 1.479959e-02 6.092727e-03 4.581820e-03 3.965153e-03 1.017753e-02 8.546168e-03 7.683055e-03 1.717974e-02 6.117442e-03 9.801120e-03 1.056602e-02 7.189853e-03 9.891119e-03 1.634845e-02 5.964734e-03 7.329985e-03 7.965417e-03 2.459856e-03 1.406098e-02 2.318650e-03 3.571679e-03 1.184081e-02 7.354382e-03 7.264774e-03 4.937063e-03 4.446556e-03 4.661324e-03 4.763674e-02 1.693014e-02 6.366707e-03 5.729352e-03 8.254522e-03 9.397988e-03 6.474963e-03 6.921322e-03 4.918731e-03 3.007193e-03 9.054397e-03 1.675276e-02 1.354944e-02 6.572905e-03 1.226535e-02 2.700016e-02 1.779148e-02 7.331994e-03 1.168200e-02 1.459964e-02 1.253071e-02 1.680923e-02 1.428740e-02 1.623040e-02 2.055651e-02 2.238705e-02 9.754880e-03 3.992727e-03 1.881145e-02 1.519052e-02
<GCONST> -4.071060e+02
<STATE> 3
<MEAN> 142
 5.726463e-01 3.754462e-01 3.328303e-01 3.808007e-01 2.358495e-01 2.428345e-01 3.296836e-01 4.246981e-01 3.567627e-01 4.266998e-01 4.344815e-01 4.289632e-01 3.991274e-01 4.264247e-01 3.143645e-01 4.460494e-01 4.156029e-01 3.558776e-01 3.262118e-01 3.889384e-01 4.238273e-01 5.129899e-01 4.019711e-01 5.038913e-01 5.208464e-01 4.259439e-01 3.927383e-01 3.602957e-01 3.947531e-01 3.331548e-01 4.473141e-01 4.739327e-01 4.248736e-01 5.927193e-01 4.241634e-01 4.421632e-01 3.634421e-01 3.664727e-01 3.641517e-01 3.367004e-01 3.449541e-01 4.709594e-01 3.492514e-01 3.359377e-01 1.662570e-01 4.198204e-01 4.480630e-01 4.150803e-01 4.274141e-01 3.257048e-01 4.473405e-01 4.245974e-01 4.432520e-01 3.027520e-01 4.235052e-01 3.743219e-01 3.535009e-01 3.126926e-01 2.983303e-01 2.761196e-01 4.040720e-01 4.591477e-01 4.474241e-01 4.517690e-01 3.873098e-01 4.751637e-01 4.164010e-01 3.603634e-01 4.034570e-01 3.648111e-01 4.512467e-01 3.978328e-01 4.774365e-01 4.585942e-01 3.563663e-01 3.958503e-01 4.249976e-01 3.976056e-01 4.875946e-01 4.776019e-01 4.066577e-01 3.673255e-01 3.967522e-01 3.845121e-01 3.218995e-01 4.004597e-01 4.075497e-01 4.034513e-01 4.282180e-01 3.072255e-01 3.414309e-01 3.241235e-01 3.636228e-01 3.417220e-01 3.976281e-01 4.233401e-01 4.473625e-01 3.458007e-01 4.236951e-01 4.965789e-01 4.564306e-01 5.038719e-01 3.545532e-01 3.450882e-01 3.193315e-01 3.707226e-01 3.609369e-01 4.337320e-01 3.365372e-01 4.080496e-01 3.986708e-01 3.247095e-01 3.434250e-01 3.092905e-01 3.456720e-01 3.728544e-01 3.547596e-01 4.340560e-01 4.199349e-01 3.972049e-01 4.506971e-01 5.040415e-01 4.730085e-01 2.654610e-01 4.078022e-01 4.447792e-01 3.630666e-01 3.610668e-01 3.793908e-01 4.598763e-01 3.911548e-01 3.878750e-01 3.396166e-01 4.476574e-01 3.562964e-01 4.202937e-01 4.055476e-01 4.136436e-01 3.469141e-01 4.120986e-01 4.772786e-01 4.084490e-01
<VARIANCE> 142
 2.998984e-02 2.787439e-03 6.687565e-03 1.518691e-02 1.033975e-02 9.660962e-03 3.423245e-03 1.949956e-02 6.368379e-03 1.049184e-02 7.411851e-03 1.105388e-02 1.326519e-02 8.178295e-03 1.699969e-02 1.440986e-02 3.376757e-03 5.658429e-03 1.264594e-02 1.314854e-02 7.385378e-03 5.324717e-03 7.146267e-03 5.279686e-03 3.187876e-03 1.399222e-02 2.509027e-03 5.775108e-03 3.954164e-03 7.468828e-03 1.000000e-03 2.301440e-02 2.032429e-02 4.454967e-02 4.191966e-03 3.660926e-02 7.826110e-03 1.163838e-02 5.315143e-03 1.187683e-02 2.407290e-02 1.264268e-02 6.913100e-03 4.317214e-03 5.330073e-03 3.209437e-03 6.284559e-03 7.387219e-03 4.945898e-03 1.294772e-02 2.528741e-03 9.021210e-03 3.103358e-03 9.840549e-03 1.379670e-02 6.489863e-03 4.155169e-03 1.427284e-03 7.735581e-03 7.665192e-03 1.017273e-02 3.638965e-02 1.926062e-02 1.341907e-02 1.295556e-02 1.129563e-02 1.856942e-02 3.551222e-03 9.907562e-03 4.533984e-03 2.172854e-03 9.057568e-03 1.202570e-02 8.706959e-03 1.963382e-02 2.052528e-02 1.160711e-02 1.606949e-02 5.336465e-03 8.893277e-03 8.116242e-03 4.506396e-03 9.482559e-03 1.325571e-03 1.059830e-02 1.904286e-02 3.932297e-03 4.820805e-03 6.436560e-03 3.393429e-03 1.213381e-02 1.666874e-02 6.731894e-03 1.235142e-02 3.149305e-03 7.591027e-03 7.300200e-03 1.316774e-02 1.738949e-02 1.031433e-02 8.293992e-03 1.279563e-02 4.994560e-03 1.884055e-02 1.883767e-03 2.282723e-03 1.731092e-02 8.977424e-03 3.576159e-03 5.839780e-03 6.085606e-03 1.349379e-02 1.450705e-02 6.790845e-03 1.573087e-02 8.132325e-03 1.094598e-02 4.980880e-03 1.028257e-02 8.316960e-03 6.320693e-03 1.316333e-02 1.709622e-02 7.557163e-03 4.338339e-03 3.357068e-03 6.946441e-03 1.339810e-02 9.220097e-03 4.461818e-03 7.899906e-03 3.958371e-03 1.533403e-02 6.841585e-03 4.883610e-03 1.536728e-02 9.550026e-03 1.301618e-02 9.940375e-03 5.052780e-03 2.487968e-02 1.899122e-02
<GCONST> -4.217006e+02
<TRANSP> 4
 0.000000e+00 1.000000e+00 0.000000e+00 0.000000e+00
 0.000000e+00 5.000000e-01 5.000000e-01 0.000000e+00
 0.000000e+00 0.000000e+00 5.000000e-01 5.000000e-01
 0.000000e+00 0.000000e+00 0.000000e+00 0.000000e+00
<ENDHMM>
