~o
<STREAMINFO> 1 142
<VECSIZE> 142<NULLD><USER><DIAGC>
~h "respect"
<BEGINHMM>
<NUMSTATES> 4
<STATE> 2
<MEAN> 142
 7.185277e-01 4.011561e-01 4.027105e-01 3.488164e-01 2.844056e-01 3.066272e-01 4.061330e-01 3.618331e-01 3.602503e-01 4.117300e-01 4.122611e-01 4.611681e-01 3.807935e-01 3.990785e-01 3.484407e-01 3.082294e-01 3.909086e-01 3.786096e-01 3.110681e-01 3.767322e-01 4.817304e-01 4.545204e-01 4.173190e-01 4.165202e-01 4.450267e-01 3.629490e-01 4.236770e-01 3.535954e-01 3.742554e-01 3.572471e-01 4.626795e-01 4.582711e-01 4.711260e-01 4.249681e-01 4.493820e-01 3.839079e-01 3.421902e-01 3.474633e-01 3.223866e-01 2.716459e-01 3.509854e-01 4.466556e-01 3.035775e-01 4.065612e-01 2.241857e-01 3.703545e-01 4.200737e-01 3.827001e-01 4.115926e-01 3.517217e-01 5.057880e-01 4.153336e-01 4.228628e-01 2.900724e-01 4.818208e-01 3.368894e-01 4.877515e-01 3.755025e-01 3.920867e-01 3.053403e-01 4.183307e-01 4.457397e-01 4.004622e-01 4.518085e-01 3.847443e-01 4.506218e-01 3.550860e-01 3.966224e-01 4.571896e-01 3.995906e-01 4.320951e-01 4.875606e-01 4.282744e-01 4.028707e-01 3.467750e-01 3.886740e-01 4.494963e-01 4.359398e-01 4.728032e-01 4.311687e-01 3.988855e-01 3.925845e-01 3.741854e-01 4.764571e-01 2.899341e-01 4.638201e-01 4.049188e-01 4.315186e-01 4.235236e-01 4.146375e-01 3.798317e-01 4.249126e-01 3.516007e-01 3.504719e-01 4.111774e-01 4.261726e-01 3.978396e-01 3.287074e-01 3.998424e-01 4.210196e-01 3.644235e-01 4.854252e-01 3.778523e-01 3.362134e-01 3.338723e-01 3.621016e-01 3.865604e-01 3.987343e-01 3.803223e-01 4.119931e-01 4.351626e-01 4.252340e-01 2.976988e-01 3.656821e-01 3.102208e-01 3.915416e-01 3.775691e-01 4.068391e-01 4.320321e-01 4.498203e-01 4.577746e-01 4.635434e-01 4.492216e-01 4.524617e-01 4.231405e-01 4.384298e-01 3.788498e-01 3.698649e-01 3.505640e-01 4.483268e-01 3.553026e-01 3.898107e-01 4.743912e-01 3.913206e-01 3.828399e-01 4.182889e-01 4.316538e-01 3.630518e-01 3.003748e-01 3.415538e-01 4.800241e-01 4.224496e-01
<VARIANCE> 142
 4.792569e-02 5.876260e-03 5.554549e-03 2.639425e-03 9.262260e-03 1.161202e-02 8.899824e-03 1.313104e-02 5.737017e-03 9.214533e-03 8.159202e-03 1.449052e-02 8.336768e-03 7.918587e-03 6.393262e-03 3.551511e-03 3.779259e-03 5.402336e-03 7.116669e-03 2.240519e-02 6.765650e-03 4.811308e-03 8.548684e-03 4.377420e-03 3.957906e-03 1.020341e-02 2.361668e-03 6.597094e-03 8.830131e-03 1.117405e-02 1.795729e-03 1.434544e-02 1.930447e-02 3.110217e-02 2.489674e-03 1.798399e-03 1.067770e-02 4.339161e-03 1.027831e-02 7.817894e-03 1.121472e-02 1.191590e-02 8.846785e-03 2.108438e-02 9.022863e-03 9.598266e-03 8.230486e-03 4.764121e-03 6.150278e-03 1.387885e-02 4.038466e-03 6.334281e-03 3.107991e-03 7.852279e-03 1.689529e-02 5.314877e-03 1.264893e-02 4.037098e-03 2.069711e-03 1.001441e-02 1.125279e-02 6.802146e-03 2.543401e-03 1.820750e-03 5.824521e-03 5.856561e-03 9.088892e-03 3.441506e-03 1.052639e-02 1.092231e-02 8.291136e-03 4.083213e-02 8.233697e-03 3.028431e-03 2.253188e-02 1.146867e-02 1.376534e-02 3.711446e-02 7.736464e-03 1.477492e-02 5.134908e-03 7.883571e-03 2.842691e-03 2.220878e-03 8.353448e-03 2.597159e-02 4.563681e-03 4.619709e-03 5.519233e-03 1.608002e-02 1.704988e-02 3.349761e-02 4.034599e-03 9.408246e-03 1.355589e-02 2.266115e-03 2.701788e-03 3.606111e-03 1.667328e-02 2.572065e-03 1.219507e-02 2.615963e-03 6.466585e-03 1.000684e-02 8.161681e-03 5.027538e-03 1.894884e-02 9.867883e-03 4.237218e-03 1.768797e-02 1.135195e-02 1.102220e-02 3.989812e-03 9.585886e-03 5.586705e-03 1.899627e-02 1.756302e-02 1.404674e-02 3.261238e-03 1.492681e-02 1.591714e-02 1.707226e-02 2.770611e-02 6.097283e-02 2.163276e-03 8.599390e-03 1.123173e-02 5.309022e-03 4.034612e-03 1.223827e-02 8.854616e-03 5.662804e-03 3.917571e-02 6.445948e-03 1.735561e-02 9.834268e-03 7.506453e-03 1.281041e-03 5.799622e-03 2.348869e-03 1.280141e-02 1.740160e-02
<GCONST> -4.266070e+02
<STATE> 3
<MEAN> 142
 5.166165e-01 4.014371e-01 3.720084e-01 3.534097e-01 3.536118e-01 3.594674e-01 3.661583e-01 3.676504e-01 4.812973e-01 4.381470e-01 5.626603e-01 4.102374e-01 3.915135e-01 6.018344e-01 3.656133e-01 4.574873e-01 4.015292e-01 3.595936e-01 3.702195e-01 4.282130e-01 5.229397e-01 5.113659e-01 4.119261e-01 4.735470e-01 5.214027e-01 4.488598e-01 4.346876e-01 3.548135e-01 4.367026e-01 4.123614e-01 4.802109e-01 4.503576e-01 3.829575e-01 5.337628e-01 4.179832e-01 3.652765e-01 3.747386e-01 3.878371e-01 4.436060e-01 3.904467e-01 3.838549e-01 4.618494e-01 3.229463e-01 3.419078e-01 2.572528e-01 3.675207e-01 4.959200e-01 5.044328e-01 4.352051e-01 3.766344e-01 5.590453e-01 4.888422e-01 4.681078e-01 3.206198e-01 4.092876e-01 4.285169e-01 5.137392e-01 3.775435e-01 4.009343e-01 3.400798e-01 4.725140e-01 4.590578e-01 4.192398e-01 4.294776e-01 4.329674e-01 4.334190e-01 4.455948e-01 5.256532e-01 4.415371e-01 4.731736e-01 4.666660e-01 4.342286e-01 4.350134e-01 4.395948e-01 3.317122e-01 3.883493e-01 4.890676e-01 4.343523e-01 5.243270e-01 5.082346e-01 4.427178e-01 4.033913e-01 3.674870e-01 4.369822e-01 3.315346e-01 3.802234e-01 4.029286e-01 4.507135e-01 4.894294e-01 3.343724e-01 3.522025e-01 3.206306e-01 4.248628e-01 4.002904e-01 4.234540e-01 4.356151e-01 4.177769e-01 3.350856e-01 5.318887e-01 4.918923e-01 4.240524e-01 5.109356e-01 4.057136e-01 4.294167e-01 4.032153e-01 3.949171e-01 4.336229e-01 4.455048e-01 5.037363e-01 4.196301e-01 3.784407e-01 3.661813e-01 3.607273e-01 3.826312e-01 3.415595e-01 3.615583e-01 3.395330e-01 4.941062e-01 4.113466e-01 5.093983e-01 4.862147e-01 4.794817e-01 4.341484e-01 3.184803e-01 4.605804e-01 3.711015e-01 3.805369e-01 3.796076e-01 3.309948e-01 4.616254e-01 4.278956e-01 3.950139e-01 3.572717e-01 4.264207e-01 3.985685e-01 5.157843e-01 4.453599e-01 4.364264e-01 4.829307e-01 4.202312e-01 4.060304e-01 4.179476e-01
<VARIANCE> 142
 1.431739e-02 2.494164e-03 6.767560e-03 4.955874e-03 1.457900e-02 1.151489e-02 2.000925e-02 2.046669e-03 1.594407e-02 1.196400e-02 2.869882e-02 2.993836e-03 4.602654e-03 2.156127e-02 4.842124e-03 1.435935e-02 3.377856e-03 5.154073e-03 7.808673e-03 6.225271e-03 2.867134e-02 1.065829e-02 3.964731e-03 9.173079e-03 2.866603e-03 1.219656e-02 2.525919e-02 1.961961e-02 4.048517e-03 1.458555e-02 1.365106e-03 2.592258e-03 3.052309e-02 9.117995e-03 2.373018e-03 1.378141e-02 5.998198e-03 4.109652e-02 6.143149e-03 2.351404e-02 7.287061e-03 2.401942e-03 6.479623e-03 1.334704e-02 1.440034e-02 1.302807e-02 1.715773e-02 1.386910e-02 1.177614e-02 4.685327e-03 2.540271e-03 3.306287e-02 1.433902e-02 1.832973e-02 1.369467e-02 3.358007e-03 2.960543e-02 1.371814e-02 1.075580e-02 2.047449e-02 1.062516e-02 5.103268e-03 5.567817e-03 6.670962e-03 2.020955e-02 2.326030e-02 5.138883e-02 8.676165e-03 5.498297e-03 2.335137e-02 2.254658e-02 5.016391e-03 1.314919e-03 4.287099e-03 4.715752e-03 5.832339e-03 1.570023e-02 1.126368e-02 1.210884e-02 8.251260e-03 6.236448e-03 1.445914e-03 4.956699e-03 1.934127e-02 2.148111e-02 1.392565e-02 1.680036e-02 3.687777e-03 1.845983e-03 4.692323e-03 9.119591e-03 8.210775e-03 1.733808e-02 2.326158e-03 8.989125e-03 6.701557e-03 5.310113e-03 1.608047e-02 1.064305e-02 1.959033e-03 2.167803e-03 1.485781e-02 4.261335e-03 3.128951e-02 1.823277e-02 1.086534e-02 1.529670e-02 1.914448e-02 9.108776e-03 5.799529e-03 1.010782e-02 3.700330e-03 4.850030e-02 6.925826e-03 3.405429e-03 8.565868e-03 5.358465e-03 1.183324e-02 4.162808e-03 9.090195e-03 4.070436e-03 5.990248e-03 3.171689e-03 1.166698e-02 1.441010e-02 4.560345e-03 4.343038e-03 1.732916e-02 7.150535e-03 1.292930e-02 2.353683e-02 8.519775e-03 3.216711e-02 1.083852e-02 1.313369e-02 6.670679e-03 9.518116e-03 9.649285e-03 2.328067e-02 1.757883e-02 3.721862e-03 1.157239e-02
<GCONST> -4.111585e+02
<TRANSP> 4
 0.000000e+00 1.000000e+00 0.000000e+00 0.000000e+00
 0.000000e+00 5.000000e-01 5.000000e-01 0.000000e+00
 0.000000e+00 0.000000e+00 5.000000e-01 5.000000e-01
 0.000000e+00 0.000000e+00 0.000000e+00 0.000000e+00
<ENDHMM>
