~o
<STREAMINFO> 1 142
<VECSIZE> 142<NULLD><USER><DIAGC>
~h "restaurant"
<BEGINHMM>
<NUMSTATES> 4
<STATE> 2
<MEAN> 142
 6.593011e-01 3.602851e-01 4.138290e-01 3.064004e-01 2.644554e-01 2.591372e-01 3.595266e-01 2.880598e-01 3.672431e-01 4.142049e-01 4.052958e-01 3.836861e-01 4.125418e-01 4.423430e-01 3.608905e-01 3.039671e-01 4.079862e-01 3.599154e-01 2.934899e-01 3.767771e-01 4.638059e-01 4.726161e-01 3.292222e-01 4.835308e-01 4.505201e-01 3.854534e-01 3.735121e-01 3.670813e-01 3.896311e-01 3.798154e-01 4.546428e-01 4.206552e-01 3.901901e-01 4.560430e-01 4.435592e-01 3.190871e-01 3.669289e-01 3.304639e-01 3.676142e-01 3.013091e-01 3.743489e-01 4.844559e-01 3.361172e-01 3.019667e-01 1.852223e-01 3.900610e-01 4.895812e-01 3.799598e-01 4.184637e-01 3.158678e-01 4.709041e-01 3.627197e-01 3.870541e-01 3.483326e-01 5.108515e-01 3.392555e-01 3.690523e-01 3.045919e-01 3.390220e-01 2.787989e-01 4.551774e-01 4.848981e-01 3.669789e-01 3.307577e-01 3.502761e-01 4.351902e-01 3.287482e-01 3.606839e-01 3.814856e-01 3.085581e-01 4.697671e-01 3.919531e-01 4.355815e-01 4.190067e-01 2.793134e-01 3.996460e-01 4.394290e-01 4.843061e-01 4.705502e-01 4.106562e-01 4.344481e-01 4.327684e-01 4.177189e-01 4.158315e-01 3.119195e-01 3.849198e-01 4.107825e-01 4.318412e-01 4.275469e-01 3.182745e-01 3.417110e-01 3.005544e-01 3.831986e-01 3.352138e-01 4.609770e-01 4.491129e-01 4.632191e-01 3.086883e-01 4.537633e-01 4.211682e-01 4.008934e-01 4.603395e-01 3.766887e-01 3.563000e-01 3.541988e-01 3.309733e-01 3.336165e-01 4.177889e-01 3.948492e-01 3.371199e-01 3.821702e-01 3.319955e-01 3.329476e-01 3.662277e-01 3.751914e-01 3.996203e-01 3.592406e-01 4.433454e-01 4.175381e-01 3.815335e-01 4.803058e-01 5.216591e-01 4.445475e-01 3.341718e-01 3.594346e-01 4.215431e-01 3.677037e-01 3.199730e-01 3.166746e-01 3.966307e-01 3.645446e-01 3.912266e-01 3.750499e-01 3.748692e-01 3.644197e-01 4.452965e-01 4.679631e-01 4.509991e-01 3.448175e-01 4.467535e-01 4.735635e-01 4.720424e-01
<VARIANCE> 142
 3.935408e-02 4.478284e-03 6.953263e-03 1.239465e-02 1.166586e-02 9.200169e-03 6.587218e-03 7.812670e-03 1.000000e-03 5.904174e-03 2.866030e-03 1.512374e-03 2.900817e-02 8.588632e-03 1.198686e-02 1.140085e-03 2.492192e-03 8.379105e-03 1.958136e-02 1.432393e-02 4.454716e-03 1.526133e-02 9.678100e-03 7.959889e-03 3.359557e-03 6.158165e-03 3.450813e-03 1.547200e-02 1.039131e-02 2.994761e-03 4.819858e-03 9.130578e-03 1.422908e-02 7.604622e-03 1.078123e-03 1.810073e-02 6.810129e-03 9.871077e-03 1.697145e-02 3.171630e-03 8.792215e-03 4.520420e-03 8.670347e-03 2.379065e-02 7.759351e-03 1.985976e-03 5.698686e-03 2.890479e-03 2.812104e-03 1.613699e-02 7.651328e-03 1.191080e-02 3.144832e-03 5.517428e-03 1.018398e-02 1.191508e-03 1.429353e-02 6.721057e-03 8.190322e-03 1.679792e-03 1.186558e-02 3.850480e-03 1.000000e-03 1.046253e-02 3.970789e-03 7.999707e-03 1.028757e-02 6.946848e-03 4.970339e-03 3.819617e-03 3.079032e-03 1.459209e-02 6.112590e-03 6.017498e-03 3.540214e-02 1.614421e-02 5.531695e-03 2.709963e-02 9.475828e-03 9.777892e-03 2.233356e-03 2.725764e-03 1.042859e-02 2.316613e-03 3.344075e-03 6.702055e-03 5.557788e-03 1.274876e-03 1.613683e-03 2.279389e-03 8.434280e-03 1.260000e-02 5.912991e-03 6.751607e-03 7.910886e-03 2.995385e-03 1.669297e-03 1.207005e-02 2.420237e-02 2.620670e-03 1.235833e-02 8.989640e-03 2.199776e-03 5.341318e-03 4.712129e-03 1.008137e-02 2.053644e-02 8.485066e-03 4.464295e-03 4.410879e-03 8.948827e-03 4.463436e-03 4.277454e-03 2.488877e-02 3.170855e-03 3.527854e-03 7.331964e-03 1.101242e-02 4.827478e-03 1.030499e-02 2.671496e-03 9.639032e-03 1.464241e-02 2.867698e-03 1.364627e-02 7.548335e-03 4.072551e-03 1.301070e-02 1.012274e-02 6.053397e-03 9.182510e-03 1.165163e-02 1.318558e-02 1.400256e-02 8.000909e-03 1.591784e-02 1.937586e-02 4.616006e-03 5.443484e-03 4.832882e-03 1.069629e-02 5.164123e-03
<GCONST> -4.529392e+02
<STATE> 3
<MEAN> 142
 7.695860e-01 3.807351e-01 3.884909e-01 3.312472e-01 2.342328e-01 2.942497e-01 3.780041e-01 3.154917e-01 2.911086e-01 3.615642e-01 3.910261e-01 4.371769e-01 4.142360e-01 3.705690e-01 2.254800e-01 2.723108e-01 3.620364e-01 3.999017e-01 2.846710e-01 3.693767e-01 4.549855e-01 4.813124e-01 3.989308e-01 4.512964e-01 4.229557e-01 3.769414e-01 3.689852e-01 3.702810e-01 3.909663e-01 3.167948e-01 4.292046e-01 4.646119e-01 4.731286e-01 4.345717e-01 3.939552e-01 3.663045e-01 2.345095e-01 3.407972e-01 3.300217e-01 2.102208e-01 2.869706e-01 4.577280e-01 2.913758e-01 3.692622e-01 1.918717e-01 4.088582e-01 4.416208e-01 3.477431e-01 4.007584e-01 3.204477e-01 4.691653e-01 4.018374e-01 3.855127e-01 2.423009e-01 5.474181e-01 3.502906e-01 4.379529e-01 3.086312e-01 3.652976e-01 2.352567e-01 4.506312e-01 4.903600e-01 3.587424e-01 4.016213e-01 3.561018e-01 4.572070e-01 2.642006e-01 3.434596e-01 4.180094e-01 3.528913e-01 4.557430e-01 4.685373e-01 4.127860e-01 3.772216e-01 3.327133e-01 3.584024e-01 4.602863e-01 4.649252e-01 4.216837e-01 4.050658e-01 4.131461e-01 3.756413e-01 3.650764e-01 4.790030e-01 2.346173e-01 4.498333e-01 4.065144e-01 4.246003e-01 4.387065e-01 3.148821e-01 3.984971e-01 3.211689e-01 3.649255e-01 3.796615e-01 4.039557e-01 4.453296e-01 3.878436e-01 3.112729e-01 3.724992e-01 3.977380e-01 3.388308e-01 4.971965e-01 3.871469e-01 3.390672e-01 2.629415e-01 3.112630e-01 4.125618e-01 3.298890e-01 3.434117e-01 3.591741e-01 4.122791e-01 3.934120e-01 3.060929e-01 3.394672e-01 3.860277e-01 3.954084e-01 4.170066e-01 4.386713e-01 4.183250e-01 4.038925e-01 4.188688e-01 5.414154e-01 5.316963e-01 4.555468e-01 4.327795e-01 4.364800e-01 3.822487e-01 3.589208e-01 3.387402e-01 3.585774e-01 3.671335e-01 4.044088e-01 4.643710e-01 3.825405e-01 3.468029e-01 3.938172e-01 4.443430e-01 3.496618e-01 2.756799e-01 3.660226e-01 5.364911e-01 4.728525e-01
<VARIANCE> 142
 4.904863e-02 1.065539e-03 2.490543e-03 5.537492e-03 1.202168e-02 7.841577e-03 5.591853e-03 7.765860e-03 1.000000e-03 3.874489e-03 2.429143e-03 3.029169e-03 6.362122e-03 2.212646e-03 1.371817e-02 1.796796e-03 2.226999e-03 4.570942e-03 3.176555e-03 1.893142e-02 4.827535e-03 1.546420e-03 1.139950e-02 9.676920e-03 3.062391e-03 3.175301e-03 1.062986e-03 2.278790e-03 9.997336e-03 3.286213e-03 1.916190e-03 3.863137e-03 1.258891e-02 1.337329e-02 1.000000e-03 3.167137e-03 3.998003e-03 1.712827e-02 1.187894e-02 1.654914e-03 5.706171e-03 1.510085e-02 6.917197e-03 2.941135e-02 2.409919e-03 1.887035e-03 3.212326e-03 2.967672e-03 3.112530e-03 2.227216e-03 3.409670e-03 9.583337e-03 1.000000e-03 4.846461e-03 2.770041e-03 4.821657e-03 1.111536e-02 1.052380e-02 2.460810e-03 3.319248e-03 7.362833e-03 1.401393e-03 1.939884e-03 5.030586e-03 1.000000e-03 1.914678e-03 6.426377e-03 4.201515e-03 1.100110e-02 3.749178e-03 1.575097e-03 1.824497e-02 4.509066e-03 3.074147e-03 1.092610e-02 1.039415e-02 3.811907e-03 1.379006e-02 2.333215e-03 4.644026e-03 2.813198e-03 1.741068e-03 7.316088e-03 3.728982e-03 1.981165e-03 1.013405e-02 1.348985e-03 2.425340e-03 6.463351e-03 1.000000e-03 2.272591e-03 9.348593e-03 2.524511e-03 3.405393e-03 7.784141e-03 5.075482e-03 1.464860e-03 6.026598e-03 1.245664e-02 2.404411e-03 2.741693e-03 2.503417e-03 1.000000e-03 2.046564e-02 1.479053e-03 5.943114e-03 3.563644e-03 6.826578e-03 5.243163e-03 2.023418e-03 4.301791e-03 2.250198e-03 3.623928e-03 1.027643e-02 7.407309e-03 1.000000e-03 2.757842e-03 9.095864e-03 1.267037e-03 8.746097e-03 5.470932e-03 3.083210e-03 4.184431e-03 2.364044e-03 7.358061e-03 1.304510e-03 1.714266e-03 2.476342e-03 3.867021e-03 7.742497e-03 1.831006e-03 1.076503e-02 1.824689e-02 4.822920e-03 6.268793e-03 8.471485e-03 2.623372e-03 5.087889e-03 1.074439e-03 4.448468e-03 8.281865e-03 5.302670e-03
<GCONST> -5.180303e+02
<TRANSP> 4
 0.000000e+00 1.000000e+00 0.000000e+00 0.000000e+00
 0.000000e+00 5.000000e-01 5.000000e-01 0.000000e+00
 0.000000e+00 0.000000e+00 5.000000e-01 5.000000e-01
 0.000000e+00 0.000000e+00 0.000000e+00 0.000000e+00
<ENDHMM>
