~o
<STREAMINFO> 1 142
<VECSIZE> 142<NULLD><USER><DIAGC>
~h "see"
<BEGINHMM>
<NUMSTATES> 4
<STATE> 2
<MEAN> 142
 6.238883e-01 3.986959e-01 3.146518e-01 3.116508e-01 2.603379e-01 2.360501e-01 3.264071e-01 3.258608e-01 3.337141e-01 4.411924e-01 4.938415e-01 4.510252e-01 4.074681e-01 4.703104e-01 3.060546e-01 2.827075e-01 4.208830e-01 4.184957e-01 3.051708e-01 3.923700e-01 4.124016e-01 4.229102e-01 3.983937e-01 4.411641e-01 4.435171e-01 3.752933e-01 4.150985e-01 3.941377e-01 4.622743e-01 4.053639e-01 4.508527e-01 4.021046e-01 3.498377e-01 4.504480e-01 4.069522e-01 3.339946e-01 3.284487e-01 4.268532e-01 3.886559e-01 2.417157e-01 3.663888e-01 5.189492e-01 3.986014e-01 3.025307e-01 2.055088e-01 4.008198e-01 3.472555e-01 3.410310e-01 3.576021e-01 3.631718e-01 4.768788e-01 4.443271e-01 4.470865e-01 2.985078e-01 3.992130e-01 3.799998e-01 4.600949e-01 2.978607e-01 3.214766e-01 2.674734e-01 4.498804e-01 4.204655e-01 3.977218e-01 4.720564e-01 4.047899e-01 4.261248e-01 3.991598e-01 3.262216e-01 3.688514e-01 4.065779e-01 4.519353e-01 3.561979e-01 3.979462e-01 3.968580e-01 3.253152e-01 3.943489e-01 3.677713e-01 3.284763e-01 4.676116e-01 4.372450e-01 4.760429e-01 3.741247e-01 4.209243e-01 3.924918e-01 2.661842e-01 3.378029e-01 3.898694e-01 4.563644e-01 4.561280e-01 3.294531e-01 3.957719e-01 2.915900e-01 3.993792e-01 4.304908e-01 3.970906e-01 4.444195e-01 3.980150e-01 3.848522e-01 4.022926e-01 4.091281e-01 4.018966e-01 4.334421e-01 3.320879e-01 4.390750e-01 2.762261e-01 3.246533e-01 4.243032e-01 4.347927e-01 4.101889e-01 2.949204e-01 4.160255e-01 4.163024e-01 2.523503e-01 3.391120e-01 3.666197e-01 4.031204e-01 4.732786e-01 4.131388e-01 4.833137e-01 3.789904e-01 3.932394e-01 4.553475e-01 4.912296e-01 3.736079e-01 3.707884e-01 4.324662e-01 3.885478e-01 4.649116e-01 4.603370e-01 3.898560e-01 3.078284e-01 3.795751e-01 4.269763e-01 4.522473e-01 3.531114e-01 3.774350e-01 3.994042e-01 4.011422e-01 2.720274e-01 3.745735e-01 4.584556e-01 3.816531e-01
<VARIANCE> 142
 5.399823e-02 3.810624e-03 1.266570e-02 2.158379e-03 2.058085e-03 1.251702e-02 7.705663e-03 6.029997e-03 4.669128e-03 5.546015e-03 2.643011e-02 6.326583e-03 7.513106e-03 2.037854e-02 7.986940e-03 1.345005e-02 1.438155e-02 3.674575e-03 1.304234e-02 5.735262e-03 6.365617e-03 1.178800e-02 7.898146e-03 8.352397e-03 2.346125e-03 2.525777e-03 9.068903e-03 1.703024e-02 5.262584e-03 9.993351e-03 1.988395e-03 5.909441e-03 2.728177e-02 2.863761e-02 3.693373e-03 1.530251e-02 1.150441e-02 1.310656e-02 1.080155e-02 4.293679e-03 7.297324e-03 2.267822e-02 4.875598e-03 7.130271e-03 6.226155e-03 9.964460e-03 3.475545e-03 1.057609e-03 3.906319e-03 1.117767e-02 6.614177e-03 2.715547e-03 4.619497e-03 7.384688e-03 1.831282e-02 2.697465e-03 5.663537e-03 4.264404e-03 7.256501e-03 2.355331e-03 6.089196e-03 2.546271e-03 1.000000e-03 6.103587e-03 1.183299e-02 9.030392e-03 6.275789e-03 3.701964e-03 1.086233e-02 5.048156e-03 3.490484e-03 2.123523e-02 2.800418e-03 1.862203e-03 3.250803e-02 8.609449e-03 6.571139e-03 1.363469e-02 6.473368e-03 7.941282e-03 5.338485e-03 8.393964e-03 6.513618e-03 1.607351e-02 2.273741e-03 1.651613e-02 3.484652e-03 8.649095e-03 3.974680e-03 4.854625e-03 5.040161e-03 1.149287e-02 7.144273e-03 2.119731e-02 2.083009e-03 6.827280e-03 6.457047e-03 6.629766e-03 1.481888e-02 2.702338e-03 2.965997e-03 9.517355e-03 7.849368e-03 1.534437e-02 4.305665e-03 6.699370e-03 8.434265e-03 1.460069e-02 1.498536e-02 4.877789e-03 8.372716e-03 1.019748e-02 4.549607e-03 9.498019e-03 1.000000e-03 9.167344e-03 1.076193e-02 5.643257e-03 1.080775e-02 7.334802e-03 6.323451e-03 1.541322e-02 1.233502e-02 1.377493e-02 4.477031e-03 8.640668e-03 8.500247e-03 7.905709e-03 1.261188e-02 5.885044e-03 5.539121e-03 4.171208e-03 1.817344e-02 3.996200e-03 8.263339e-03 8.501819e-03 4.089050e-03 2.996823e-03 4.878683e-03 7.826216e-03 6.766760e-03 1.688058e-02
<GCONST> -4.443519e+02
<STATE> 3
<MEAN> 142
 6.140105e-01 3.601570e-01 2.871025e-01 3.344249e-01 2.874732e-01 3.089762e-01 3.569152e-01 2.918265e-01 3.525226e-01 4.987171e-01 3.966076e-01 4.548191e-01 3.496879e-01 4.120949e-01 3.529384e-01 3.176063e-01 3.811792e-01 3.878883e-01 2.708898e-01 3.354520e-01 3.934718e-01 4.445215e-01 3.432693e-01 4.686846e-01 4.594837e-01 3.460797e-01 3.761453e-01 3.613240e-01 4.583650e-01 3.731688e-01 4.361326e-01 3.788900e-01 3.374906e-01 4.684472e-01 4.343610e-01 3.786159e-01 3.385492e-01 3.836219e-01 4.354887e-01 2.976505e-01 3.762315e-01 5.405437e-01 3.696619e-01 2.911468e-01 1.893983e-01 4.093409e-01 3.761157e-01 3.973354e-01 3.841676e-01 3.144695e-01 4.810808e-01 3.853036e-01 4.461206e-01 2.959183e-01 4.236238e-01 3.337386e-01 4.847828e-01 3.168271e-01 3.692419e-01 2.937223e-01 4.072948e-01 4.138024e-01 3.851461e-01 4.033445e-01 3.994450e-01 4.648608e-01 3.853305e-01 3.786803e-01 4.030365e-01 4.434791e-01 4.377374e-01 4.300525e-01 4.240920e-01 3.776342e-01 2.830677e-01 3.250777e-01 4.043854e-01 3.395315e-01 4.835819e-01 4.418179e-01 4.703923e-01 4.176923e-01 4.124995e-01 3.991669e-01 2.781465e-01 3.914404e-01 3.682916e-01 4.371256e-01 4.803660e-01 3.785895e-01 3.897449e-01 3.495789e-01 4.107225e-01 3.412897e-01 3.950002e-01 4.307336e-01 4.265350e-01 3.185693e-01 5.436259e-01 3.831836e-01 4.087716e-01 4.356685e-01 3.147662e-01 4.386358e-01 2.808127e-01 3.671170e-01 4.493280e-01 4.165826e-01 3.571863e-01 3.467815e-01 3.867996e-01 3.641273e-01 2.716318e-01 3.989625e-01 3.470159e-01 4.079529e-01 3.813488e-01 4.129949e-01 4.171046e-01 3.567273e-01 4.567392e-01 4.215981e-01 4.191962e-01 4.261530e-01 3.885405e-01 3.976185e-01 3.826558e-01 4.453030e-01 4.165616e-01 3.890007e-01 3.479373e-01 3.923707e-01 4.115407e-01 3.668844e-01 3.672006e-01 4.356093e-01 3.910593e-01 4.403358e-01 3.497107e-01 3.954534e-01 4.558468e-01 3.357386e-01
<VARIANCE> 142
 3.371235e-02 3.103885e-03 4.476265e-03 3.581868e-03 8.940510e-03 3.469131e-02 6.158790e-03 5.817627e-03 1.972787e-03 8.128043e-03 3.916556e-03 8.459128e-03 9.596370e-03 2.683375e-03 7.685102e-03 4.791530e-03 8.049389e-03 1.375974e-03 5.209385e-03 5.521356e-03 8.550894e-03 1.215371e-02 1.206329e-02 1.661101e-02 3.912600e-03 2.800971e-03 2.113719e-03 1.975772e-03 1.277694e-02 1.037037e-02 1.353109e-03 7.448808e-03 2.614409e-02 1.828226e-02 1.771289e-03 1.057401e-02 1.066423e-02 7.575157e-03 2.780553e-02 6.973518e-03 6.590026e-03 2.731906e-02 5.429531e-03 1.021503e-02 1.224132e-02 8.351121e-03 6.112412e-03 6.666969e-03 1.041990e-02 4.235053e-03 3.531912e-03 4.754255e-03 6.226348e-03 2.318213e-03 4.239458e-03 9.016737e-03 7.461217e-03 2.938100e-03 4.403661e-03 3.112134e-03 7.204715e-03 3.610435e-03 3.178611e-03 2.458171e-03 3.377031e-03 3.440030e-03 2.777262e-03 3.560732e-03 7.744103e-03 6.738485e-03 3.943849e-03 4.859263e-02 2.840787e-03 1.000000e-03 2.521142e-02 9.193001e-03 8.655512e-03 2.257610e-02 5.054599e-03 2.443158e-02 7.302416e-03 8.053848e-03 8.077772e-03 7.090439e-03 4.381578e-03 2.938234e-02 3.313542e-03 6.771731e-03 3.219209e-03 1.967618e-02 5.739957e-03 3.907650e-02 3.210203e-03 5.828398e-03 8.595839e-03 5.094017e-03 4.832484e-03 2.451298e-03 5.260152e-02 1.062029e-03 1.814673e-02 7.217633e-03 3.439391e-03 6.390311e-03 2.630581e-03 4.275877e-03 1.122164e-03 1.447066e-02 5.263909e-03 7.937635e-03 5.745035e-03 1.231480e-02 2.445429e-03 2.689166e-02 1.857360e-03 1.988862e-02 6.985126e-03 1.230316e-02 2.640346e-03 5.002577e-03 9.856260e-03 5.531014e-03 9.474510e-03 7.235454e-02 7.580516e-03 5.449948e-03 8.766210e-03 1.179888e-02 7.158380e-03 2.744635e-03 6.750265e-03 7.061535e-03 1.677991e-02 6.493708e-03 8.350513e-03 1.503755e-02 7.271812e-03 3.319380e-03 8.429006e-03 1.448957e-02 1.039383e-02 8.823218e-03
<GCONST> -4.499330e+02
<TRANSP> 4
 0.000000e+00 1.000000e+00 0.000000e+00 0.000000e+00
 0.000000e+00 5.000000e-01 5.000000e-01 0.000000e+00
 0.000000e+00 0.000000e+00 5.000000e-01 5.000000e-01
 0.000000e+00 0.000000e+00 0.000000e+00 0.000000e+00
<ENDHMM>
