~o
<STREAMINFO> 1 142
<VECSIZE> 142<NULLD><USER><DIAGC>
~h "senate"
<BEGINHMM>
<NUMSTATES> 4
<STATE> 2
<MEAN> 142
 7.321550e-01 3.514840e-01 4.103132e-01 3.545393e-01 3.810729e-01 4.489817e-01 3.818447e-01 3.611999e-01 3.296798e-01 4.267652e-01 4.973124e-01 4.206052e-01 3.804206e-01 4.750003e-01 3.118334e-01 3.350551e-01 3.460526e-01 3.676912e-01 3.572111e-01 4.376269e-01 4.816637e-01 4.638456e-01 4.417440e-01 4.057044e-01 4.748052e-01 3.837017e-01 4.404624e-01 3.856312e-01 3.647485e-01 3.308101e-01 4.542398e-01 4.193877e-01 4.377376e-01 4.460505e-01 4.094605e-01 4.059266e-01 3.854557e-01 3.418300e-01 3.552756e-01 3.309796e-01 3.623436e-01 4.202286e-01 3.751101e-01 4.155091e-01 2.295357e-01 3.952293e-01 4.312401e-01 4.544798e-01 4.417768e-01 3.379723e-01 5.223240e-01 4.263435e-01 4.430497e-01 2.426101e-01 4.786391e-01 3.166158e-01 5.523742e-01 4.287537e-01 3.938509e-01 3.584076e-01 4.857539e-01 4.274589e-01 3.888008e-01 4.057338e-01 4.395327e-01 4.585455e-01 3.930813e-01 4.461710e-01 4.535877e-01 3.941486e-01 4.844109e-01 4.797933e-01 4.035572e-01 4.249332e-01 4.100632e-01 4.061945e-01 4.762732e-01 4.416709e-01 4.787875e-01 4.556225e-01 4.669866e-01 4.015406e-01 3.663866e-01 4.875361e-01 3.397429e-01 4.632528e-01 4.091786e-01 4.681623e-01 5.033623e-01 3.973919e-01 3.315668e-01 3.807237e-01 4.297601e-01 3.418453e-01 3.972812e-01 5.083591e-01 4.346224e-01 3.374214e-01 4.760475e-01 4.623272e-01 4.111271e-01 4.808185e-01 3.352907e-01 3.707893e-01 3.709674e-01 3.419346e-01 4.023390e-01 3.480116e-01 4.595354e-01 4.539234e-01 3.805758e-01 3.487777e-01 3.277256e-01 4.136372e-01 3.439165e-01 4.664107e-01 3.863993e-01 4.036643e-01 4.416785e-01 4.638509e-01 4.541040e-01 4.706220e-01 4.258340e-01 4.318926e-01 4.934504e-01 4.245115e-01 4.076135e-01 4.266473e-01 3.488500e-01 4.719425e-01 4.443799e-01 4.028371e-01 4.581371e-01 4.483762e-01 3.645779e-01 4.548100e-01 4.366783e-01 4.002148e-01 3.953480e-01 4.002836e-01 4.443969e-01 4.401790e-01
<VARIANCE> 142
 4.300334e-02 6.766837e-03 6.831741e-03 3.184544e-03 1.442411e-02 3.777468e-02 5.221467e-03 2.191105e-03 2.662942e-03 8.429902e-03 7.062060e-03 1.276895e-02 9.000000e-03 6.312820e-03 9.817655e-03 2.210665e-03 3.993670e-03 6.700295e-03 2.453839e-02 4.476768e-03 1.167521e-02 1.860336e-02 1.131851e-02 7.344297e-03 7.572881e-03 3.206762e-03 8.119371e-03 1.162878e-02 1.322802e-02 1.500177e-02 1.133905e-02 9.372091e-03 2.243188e-02 1.529071e-02 1.000000e-03 4.336227e-03 1.450506e-02 6.690320e-03 2.510095e-02 1.580295e-02 1.035272e-02 1.360167e-02 1.140260e-02 1.078595e-02 1.032385e-02 6.025927e-03 3.197535e-03 9.432399e-03 1.522456e-02 4.602412e-03 1.000000e-03 5.933180e-03 4.562911e-03 5.040324e-03 4.848828e-03 1.082798e-02 1.418773e-02 2.059716e-02 1.316157e-02 1.165988e-02 1.250363e-02 7.791332e-03 4.518306e-03 1.836206e-03 2.909537e-02 9.054996e-03 1.609122e-02 1.866214e-02 6.267159e-03 1.178828e-02 3.212850e-03 2.065972e-02 3.869252e-03 5.931051e-03 2.294769e-02 1.101022e-02 4.622791e-03 2.000558e-02 4.190470e-03 1.102019e-02 2.500717e-02 9.966385e-03 5.971327e-03 1.078513e-02 1.616187e-02 7.436645e-03 1.618872e-03 4.125702e-03 7.553158e-03 1.739071e-02 1.486380e-02 1.432271e-02 3.171498e-02 5.610052e-03 3.306837e-03 1.412551e-02 5.762806e-03 6.656853e-03 3.821323e-02 4.599787e-03 7.589993e-03 1.034036e-02 4.145840e-03 1.933211e-02 1.169034e-02 3.732985e-03 1.145392e-03 1.148352e-02 1.499884e-02 3.719317e-02 6.683287e-03 1.323994e-02 1.193694e-03 2.511813e-02 4.590823e-03 1.176058e-02 1.363559e-02 7.069432e-03 9.631917e-03 5.219446e-03 4.610364e-03 1.356750e-02 1.604045e-02 2.328775e-02 1.721362e-02 1.039803e-02 1.316273e-02 4.309910e-02 1.703998e-02 9.781800e-03 3.141444e-03 8.388016e-03 3.261945e-02 1.704163e-02 8.526688e-03 1.082874e-02 9.992460e-03 8.668102e-03 1.618281e-02 1.104272e-02 2.316240e-02 7.552383e-03
<GCONST> -4.078613e+02
<STATE> 3
<MEAN> 142
 6.703794e-01 3.728447e-01 3.893472e-01 3.199614e-01 2.914133e-01 5.049652e-01 4.135369e-01 4.254435e-01 3.392592e-01 4.653110e-01 4.398977e-01 4.179617e-01 4.669219e-01 4.415253e-01 3.323894e-01 3.771255e-01 4.434210e-01 3.877110e-01 3.247305e-01 4.228930e-01 4.908787e-01 4.515402e-01 3.711310e-01 4.702653e-01 4.460403e-01 4.216922e-01 4.332563e-01 4.223770e-01 3.777457e-01 4.154786e-01 5.434489e-01 4.324285e-01 4.994967e-01 4.205496e-01 4.499355e-01 3.931970e-01 3.649877e-01 3.516774e-01 3.515731e-01 4.493662e-01 3.831024e-01 3.965836e-01 3.452913e-01 4.179568e-01 3.081245e-01 4.709227e-01 4.429037e-01 4.714365e-01 4.518840e-01 3.505889e-01 4.768801e-01 4.048471e-01 4.721844e-01 2.704868e-01 4.475816e-01 3.233796e-01 4.787518e-01 3.604790e-01 3.655775e-01 3.804243e-01 5.344554e-01 4.680929e-01 3.593042e-01 3.717614e-01 4.228414e-01 5.187092e-01 3.941028e-01 4.104531e-01 4.967313e-01 4.056920e-01 4.680043e-01 4.946497e-01 4.998489e-01 4.489538e-01 4.341035e-01 4.366432e-01 5.149182e-01 4.067937e-01 4.235675e-01 3.990130e-01 4.662212e-01 3.262976e-01 4.081838e-01 4.626768e-01 4.354627e-01 5.096237e-01 3.914290e-01 4.390996e-01 4.550853e-01 4.348738e-01 3.528878e-01 4.576938e-01 4.889180e-01 3.336008e-01 4.220925e-01 4.801744e-01 4.568734e-01 3.275508e-01 4.460332e-01 4.066172e-01 4.065265e-01 4.953879e-01 3.495834e-01 3.388268e-01 3.975352e-01 3.018225e-01 3.770727e-01 3.489354e-01 4.197925e-01 4.074886e-01 3.979145e-01 3.617685e-01 3.504399e-01 3.295925e-01 3.876330e-01 5.001225e-01 3.985476e-01 4.154746e-01 3.932447e-01 3.875246e-01 3.801480e-01 5.469268e-01 3.809287e-01 4.656149e-01 4.303732e-01 4.103086e-01 4.647557e-01 3.590606e-01 3.218333e-01 4.555136e-01 4.166498e-01 4.358499e-01 4.115802e-01 4.065198e-01 3.687207e-01 4.181186e-01 5.543167e-01 4.407098e-01 4.365324e-01 3.758073e-01 4.523112e-01 4.762221e-01
<VARIANCE> 142
 2.487460e-02 7.018388e-03 1.717516e-02 2.519410e-03 6.479900e-03 1.222720e-02 1.206581e-02 8.961706e-03 3.995964e-03 5.600609e-03 1.254615e-02 1.282113e-02 7.963010e-03 9.368298e-03 2.179048e-02 1.525731e-02 2.443923e-03 6.788992e-03 7.185814e-03 5.710016e-03 7.257607e-03 1.481150e-02 1.716227e-02 9.347576e-03 4.200559e-03 2.616117e-03 8.199933e-03 3.359215e-03 1.642716e-03 9.962574e-03 7.450532e-03 4.110806e-03 1.829961e-02 7.130434e-03 2.743427e-03 1.076788e-02 9.543321e-03 2.506415e-02 1.294444e-02 5.700742e-02 2.491865e-02 5.753559e-03 9.047536e-03 1.143025e-02 6.280407e-03 4.457527e-03 5.975138e-03 1.317932e-02 7.225899e-03 6.253699e-03 5.417061e-03 1.321503e-02 2.159231e-03 7.317952e-03 6.322247e-03 6.995623e-03 4.233425e-02 1.479059e-02 4.838059e-03 2.633981e-03 7.207873e-03 1.362239e-02 1.790304e-03 1.229514e-03 1.001175e-02 1.943518e-02 2.514929e-02 1.219252e-02 4.759087e-03 2.088302e-02 5.937677e-03 2.296960e-02 3.855266e-03 8.450497e-03 6.090026e-03 8.375946e-03 1.007937e-02 3.227143e-02 3.609538e-03 1.763778e-02 2.205248e-02 5.132423e-03 1.834333e-02 3.635422e-03 2.642710e-03 1.271459e-02 4.377542e-03 4.404823e-03 3.920924e-03 1.100260e-02 1.059140e-02 1.658935e-02 1.161419e-02 8.458053e-03 4.737327e-03 9.328363e-03 1.318533e-02 6.509170e-03 1.955495e-02 7.652610e-03 2.320708e-02 1.003005e-02 7.755684e-03 1.462684e-02 2.628094e-02 4.314169e-03 1.118207e-02 6.165017e-03 3.506669e-03 9.240407e-03 7.069243e-03 8.638207e-03 1.490810e-02 5.509026e-03 2.204762e-03 1.203584e-02 1.713834e-02 2.060177e-02 3.849271e-03 2.388099e-03 3.249911e-03 1.469686e-02 8.670702e-03 5.829626e-02 6.223903e-03 7.254404e-03 5.218551e-03 2.468402e-02 1.344492e-02 7.091305e-03 2.096986e-02 5.185872e-03 2.612492e-02 1.427908e-02 6.148192e-03 1.361865e-02 7.273063e-03 9.760437e-03 4.045937e-02 3.842568e-03 7.178845e-03 9.401139e-03
<GCONST> -4.143674e+02
<TRANSP> 4
 0.000000e+00 1.000000e+00 0.000000e+00 0.000000e+00
 0.000000e+00 5.000000e-01 5.000000e-01 0.000000e+00
 0.000000e+00 0.000000e+00 5.000000e-01 5.000000e-01
 0.000000e+00 0.000000e+00 0.000000e+00 0.000000e+00
<ENDHMM>
