~o
<STREAMINFO> 1 142
<VECSIZE> 142<NULLD><USER><DIAGC>
~h "sick"
<BEGINHMM>
<NUMSTATES> 4
<STATE> 2
<MEAN> 142
 5.566175e-01 3.084693e-01 3.377690e-01 3.206389e-01 3.167081e-01 3.953617e-01 3.663821e-01 3.233972e-01 3.884566e-01 4.525053e-01 4.940781e-01 4.312758e-01 4.083079e-01 5.150695e-01 4.433586e-01 3.615680e-01 3.774475e-01 4.420286e-01 3.168911e-01 3.837541e-01 5.281975e-01 5.189714e-01 3.789082e-01 5.021573e-01 4.910991e-01 4.328961e-01 4.353803e-01 3.888505e-01 4.468967e-01 4.519418e-01 4.930801e-01 4.509040e-01 3.023279e-01 4.546817e-01 4.130287e-01 4.248365e-01 3.985059e-01 4.477805e-01 4.715105e-01 3.402166e-01 4.524576e-01 4.590255e-01 3.351068e-01 4.338032e-01 1.681361e-01 3.343664e-01 4.847475e-01 5.062565e-01 5.428687e-01 3.527641e-01 4.926929e-01 5.120019e-01 5.062655e-01 2.576804e-01 4.428033e-01 3.860216e-01 4.776731e-01 3.792755e-01 4.532400e-01 3.473955e-01 4.504218e-01 3.927936e-01 3.333489e-01 4.101074e-01 4.312887e-01 3.840242e-01 5.441168e-01 4.547957e-01 3.490232e-01 4.964954e-01 4.292266e-01 3.657956e-01 3.856714e-01 4.100699e-01 3.077264e-01 4.164921e-01 3.794852e-01 4.269931e-01 5.026353e-01 4.736704e-01 4.704317e-01 4.552040e-01 4.752167e-01 4.417716e-01 3.713709e-01 3.991738e-01 3.557529e-01 4.213067e-01 4.861507e-01 3.668453e-01 3.696614e-01 2.731637e-01 4.494265e-01 3.541588e-01 3.787918e-01 4.312985e-01 4.837080e-01 3.448845e-01 5.089486e-01 4.215768e-01 4.098591e-01 4.788505e-01 3.456956e-01 4.359012e-01 3.979774e-01 3.236626e-01 4.419783e-01 4.224778e-01 4.118548e-01 3.747263e-01 4.173221e-01 3.978390e-01 3.071368e-01 4.062349e-01 3.767637e-01 4.114749e-01 4.065053e-01 4.092222e-01 3.823437e-01 4.211366e-01 4.649157e-01 4.474828e-01 4.311586e-01 4.199367e-01 4.218435e-01 3.646969e-01 4.135943e-01 4.668391e-01 3.310867e-01 4.074052e-01 4.294770e-01 5.215288e-01 3.824724e-01 4.929947e-01 5.398972e-01 4.708331e-01 4.591152e-01 5.461028e-01 4.336923e-01 4.873624e-01 4.436747e-01 3.544806e-01
<VARIANCE> 142
 1.090601e-02 1.138915e-02 1.361948e-02 1.843722e-03 2.577036e-03 2.556405e-02 4.141484e-03 5.299873e-03 1.591160e-02 2.850636e-03 4.221842e-02 2.460122e-03 1.167709e-02 3.100984e-02 2.168912e-02 4.324983e-03 4.566086e-03 2.000157e-02 1.848121e-02 2.724458e-02 1.537151e-02 1.571504e-02 3.893539e-02 1.312833e-02 6.036052e-03 3.600635e-02 1.283133e-02 9.011088e-03 1.054727e-02 2.259013e-02 1.831495e-03 2.781054e-03 9.009113e-03 2.812442e-03 1.000000e-03 1.628430e-02 1.847399e-02 1.245052e-02 1.404330e-02 1.601949e-02 2.497535e-02 8.386791e-03 2.507721e-03 2.843851e-02 4.863106e-03 1.069772e-02 2.178016e-02 8.724935e-03 1.773733e-02 1.121591e-02 4.673257e-03 2.305219e-02 6.061780e-03 1.458293e-02 4.457382e-03 7.311414e-03 3.593579e-02 1.358746e-02 5.033631e-03 1.329962e-02 1.817568e-02 2.238801e-03 4.940345e-03 1.180712e-02 1.769066e-02 4.899288e-03 2.686224e-02 3.493884e-03 6.447546e-03 9.296663e-03 1.269255e-02 1.908880e-02 5.564605e-03 9.079043e-03 1.663132e-02 2.368356e-02 3.948852e-03 1.548259e-02 4.248341e-03 1.208277e-02 8.800609e-03 1.287621e-02 1.776010e-02 8.820328e-03 3.644152e-03 6.819387e-03 1.070232e-02 1.466144e-03 1.000000e-03 6.132378e-03 3.905165e-03 1.270221e-02 3.998679e-03 3.225138e-03 1.536578e-02 6.120840e-03 2.140029e-02 1.030173e-02 5.827442e-03 1.605055e-02 2.572988e-03 2.021134e-02 7.739072e-03 9.995368e-03 1.412454e-02 1.154653e-02 1.007653e-02 5.098974e-03 1.775942e-02 5.297398e-03 2.430342e-03 6.568623e-03 2.932889e-03 3.446916e-02 2.093852e-02 2.028443e-02 4.073411e-03 8.679510e-03 1.116229e-02 1.619074e-02 6.626153e-03 7.096589e-03 2.592844e-03 3.068434e-02 1.863844e-02 9.551397e-03 1.635144e-02 1.434468e-02 5.175026e-03 1.474524e-02 1.153475e-02 3.406813e-02 1.868163e-02 8.560128e-03 6.068097e-02 1.414602e-02 4.126218e-03 5.743204e-02 1.379320e-02 3.666817e-02 1.403616e-02 3.505662e-03
<GCONST> -3.985119e+02
<STATE> 3
<MEAN> 142
 6.478212e-01 3.337403e-01 3.886710e-01 2.968290e-01 3.025537e-01 4.341859e-01 4.351411e-01 3.321303e-01 3.493852e-01 4.132411e-01 3.968210e-01 4.289980e-01 4.506980e-01 4.022913e-01 3.242930e-01 3.091450e-01 4.110346e-01 3.897877e-01 3.331392e-01 4.031323e-01 4.771217e-01 4.541675e-01 4.048596e-01 4.239050e-01 4.409053e-01 4.206436e-01 3.642364e-01 4.181731e-01 4.144452e-01 4.069128e-01 4.952516e-01 4.018629e-01 4.450889e-01 4.395491e-01 4.277594e-01 3.657997e-01 2.752437e-01 3.775447e-01 3.444115e-01 3.977537e-01 3.702817e-01 4.042648e-01 3.399008e-01 3.270342e-01 2.811480e-01 3.833735e-01 4.057081e-01 4.255007e-01 4.281203e-01 3.418812e-01 4.814734e-01 4.341656e-01 4.224634e-01 2.902505e-01 4.860764e-01 3.405015e-01 4.179192e-01 3.416476e-01 4.078313e-01 3.683764e-01 4.575249e-01 4.083028e-01 3.501157e-01 3.848683e-01 3.943885e-01 4.443092e-01 3.744734e-01 4.288866e-01 4.470255e-01 4.400424e-01 4.746704e-01 5.086771e-01 4.052838e-01 4.150569e-01 3.877227e-01 4.297006e-01 4.611143e-01 3.645974e-01 4.551141e-01 3.482859e-01 4.423912e-01 3.408158e-01 4.057483e-01 4.540612e-01 3.783403e-01 4.746605e-01 3.624671e-01 4.201967e-01 4.722606e-01 4.361016e-01 3.932310e-01 4.076335e-01 4.254103e-01 3.388481e-01 3.926617e-01 4.251329e-01 4.249984e-01 3.415294e-01 4.436046e-01 4.276047e-01 3.627834e-01 4.467056e-01 3.104020e-01 4.025251e-01 2.713347e-01 3.249640e-01 4.076265e-01 3.971216e-01 3.628890e-01 4.220633e-01 3.858962e-01 3.998913e-01 3.324009e-01 2.983587e-01 3.524728e-01 4.774034e-01 3.902802e-01 4.043275e-01 3.946136e-01 3.661532e-01 3.610888e-01 4.493331e-01 4.252132e-01 5.252838e-01 4.538414e-01 3.790797e-01 4.200624e-01 3.771685e-01 3.225991e-01 4.100955e-01 3.852592e-01 4.005900e-01 4.575458e-01 4.228835e-01 3.556492e-01 3.610457e-01 5.010294e-01 3.867924e-01 3.639729e-01 3.502539e-01 4.426779e-01 4.572752e-01
<VARIANCE> 142
 3.695221e-02 9.079158e-03 6.850543e-03 4.305577e-03 4.781357e-03 2.537274e-02 7.871225e-03 1.231563e-02 9.013982e-03 2.140831e-03 8.608920e-03 1.141488e-02 5.929409e-03 7.509156e-03 1.744150e-02 9.940370e-03 6.845063e-03 8.271272e-03 1.307988e-02 1.406459e-02 6.983808e-03 1.292756e-02 2.334722e-02 1.096085e-02 3.355749e-03 9.496351e-03 7.882264e-03 5.537927e-03 7.121720e-03 5.639114e-03 4.568458e-03 6.831795e-03 1.817931e-02 7.626385e-03 2.583421e-03 1.352317e-02 8.187342e-03 1.385867e-02 1.230690e-02 5.148804e-02 1.325950e-02 1.663540e-02 7.031646e-03 1.179819e-02 1.236949e-02 9.163638e-03 9.155030e-03 2.007807e-02 1.293637e-02 7.764785e-03 9.986049e-03 2.542274e-02 3.069808e-03 4.881212e-03 9.734566e-03 6.723736e-03 1.138760e-02 1.547222e-02 5.584163e-03 4.148563e-03 1.175114e-02 9.604597e-03 4.169413e-03 5.175776e-03 8.929506e-03 7.876615e-03 1.815337e-02 3.695172e-03 1.238623e-02 1.524280e-02 6.702093e-03 3.117157e-02 1.027079e-02 6.844319e-03 9.979653e-03 9.802940e-03 5.529949e-03 2.759537e-02 5.675504e-03 2.065136e-02 5.684290e-03 4.103497e-03 1.651149e-02 1.040333e-02 1.417337e-02 1.711667e-02 2.119378e-03 4.199412e-03 2.686381e-03 2.003355e-02 1.628529e-02 3.556615e-02 5.135030e-03 1.225687e-02 1.307270e-02 5.739900e-03 1.239626e-02 4.957128e-03 1.712370e-02 1.852729e-02 8.722181e-03 9.879964e-03 3.532974e-03 9.774382e-03 5.317198e-03 6.150146e-03 1.237505e-02 1.274122e-02 7.268314e-03 7.260631e-03 9.166806e-03 1.666226e-02 6.719756e-03 1.180633e-02 1.108530e-02 9.679591e-03 1.756382e-02 1.313448e-02 4.494258e-03 6.575266e-03 6.882304e-03 1.456256e-02 1.487012e-02 5.783219e-02 7.165307e-03 6.772429e-03 1.280451e-02 8.850299e-03 8.485279e-03 1.000872e-02 2.680673e-02 1.248778e-02 2.334113e-02 1.551557e-02 1.319492e-02 1.105043e-02 1.051099e-02 1.159853e-02 3.536365e-02 9.295675e-03 1.496548e-02 4.321616e-03
<GCONST> -3.969868e+02
<TRANSP> 4
 0.000000e+00 1.000000e+00 0.000000e+00 0.000000e+00
 0.000000e+00 5.000000e-01 5.000000e-01 0.000000e+00
 0.000000e+00 0.000000e+00 5.000000e-01 5.000000e-01
 0.000000e+00 0.000000e+00 0.000000e+00 0.000000e+00
<ENDHMM>
