~o
<STREAMINFO> 1 142
<VECSIZE> 142<NULLD><USER><DIAGC>
~h "skinny"
<BEGINHMM>
<NUMSTATES> 4
<STATE> 2
<MEAN> 142
 6.259232e-01 3.573506e-01 4.450049e-01 4.197522e-01 3.361813e-01 4.025831e-01 3.490734e-01 3.484595e-01 3.556370e-01 4.755024e-01 5.305752e-01 4.082603e-01 3.620750e-01 4.738337e-01 3.486700e-01 2.946550e-01 3.471321e-01 3.831904e-01 3.905719e-01 3.476628e-01 4.500986e-01 4.838780e-01 3.938542e-01 4.061750e-01 5.122793e-01 3.379847e-01 5.409220e-01 4.076723e-01 3.955892e-01 3.678704e-01 4.875653e-01 3.330793e-01 3.640240e-01 4.601577e-01 4.602784e-01 3.631981e-01 4.381399e-01 3.821365e-01 3.552617e-01 3.612866e-01 3.929589e-01 4.357750e-01 3.963448e-01 3.305377e-01 2.702037e-01 4.043746e-01 4.217462e-01 3.805139e-01 4.412996e-01 3.835703e-01 4.910235e-01 3.588169e-01 4.486959e-01 2.550931e-01 4.353623e-01 4.080250e-01 5.494148e-01 4.477852e-01 4.159642e-01 4.084264e-01 4.179293e-01 4.238908e-01 3.365813e-01 4.080919e-01 3.924595e-01 4.420626e-01 3.667514e-01 4.447001e-01 4.423498e-01 4.049243e-01 4.186788e-01 3.956235e-01 4.127465e-01 4.045998e-01 3.371732e-01 3.404100e-01 4.227434e-01 4.258734e-01 4.865674e-01 5.019614e-01 4.386647e-01 3.427965e-01 3.687105e-01 4.357044e-01 3.712049e-01 3.667609e-01 4.011876e-01 4.095056e-01 4.670784e-01 3.857941e-01 3.294314e-01 3.523150e-01 4.049993e-01 3.790337e-01 4.357517e-01 4.437569e-01 4.173533e-01 3.626685e-01 4.444777e-01 4.501395e-01 4.310962e-01 5.036196e-01 3.287511e-01 3.676951e-01 4.227727e-01 2.962328e-01 3.489749e-01 3.628267e-01 4.797678e-01 4.578942e-01 4.209075e-01 3.613841e-01 3.608758e-01 3.782613e-01 3.755413e-01 3.773757e-01 4.105227e-01 4.514042e-01 4.089783e-01 4.418748e-01 3.688338e-01 3.976465e-01 3.950424e-01 3.849471e-01 4.089653e-01 4.010574e-01 4.184743e-01 3.841318e-01 3.805628e-01 4.381757e-01 3.912499e-01 3.596533e-01 3.546491e-01 4.065064e-01 3.623489e-01 4.530835e-01 4.480803e-01 3.961557e-01 3.549773e-01 3.801105e-01 4.047342e-01 4.473334e-01
<VARIANCE> 142
 2.405046e-02 1.278158e-02 1.951686e-02 1.768713e-02 1.037895e-02 3.903105e-02 7.684874e-03 8.712854e-03 6.409930e-03 8.500759e-03 1.280536e-02 1.958097e-02 5.049350e-03 5.248218e-03 8.556075e-03 7.894864e-03 7.248791e-03 1.719764e-02 2.706752e-02 6.722881e-03 2.195223e-02 2.392931e-02 1.259449e-02 1.619602e-02 1.131613e-02 1.000000e-03 7.688599e-03 1.042979e-02 7.327735e-03 8.035134e-03 4.815629e-03 9.835133e-03 2.009005e-02 1.912907e-02 3.308769e-03 1.594249e-02 1.676584e-02 3.745267e-03 1.236230e-02 2.321277e-02 1.558359e-02 1.208728e-02 2.441406e-03 1.978368e-02 2.250941e-02 1.733917e-02 1.455548e-02 1.780337e-02 3.999789e-02 1.711834e-03 1.318891e-02 8.460367e-03 2.853650e-03 5.036749e-03 7.667970e-03 1.645937e-02 1.189821e-02 3.263083e-02 1.911026e-02 4.762724e-02 1.090347e-02 4.040025e-03 6.712271e-03 1.000000e-03 1.468625e-02 6.349003e-03 1.020888e-02 3.322094e-02 1.559535e-02 3.610108e-03 3.407149e-03 1.052315e-02 1.729750e-03 5.067992e-03 1.751089e-02 3.228517e-03 6.582690e-03 2.130122e-02 1.116814e-02 1.311890e-02 1.128763e-02 7.171772e-03 6.874357e-03 2.102404e-02 2.001759e-02 1.209663e-02 2.438765e-03 3.160684e-03 9.381534e-03 6.039014e-03 2.496603e-02 2.096107e-02 8.310748e-03 4.557933e-03 1.038158e-02 3.997986e-03 4.885070e-03 9.132593e-03 5.682941e-03 1.400161e-02 1.121900e-03 2.175816e-02 1.000000e-03 7.584298e-03 1.556499e-02 4.569981e-03 3.416730e-03 3.895598e-03 1.874799e-02 7.601643e-02 1.611193e-02 1.121960e-02 2.583029e-02 8.844585e-03 1.018033e-02 8.194880e-03 8.827876e-03 1.583711e-02 5.402621e-03 9.744958e-03 3.465347e-03 1.346599e-02 2.136169e-02 9.635959e-03 3.694996e-02 1.226022e-02 9.117600e-03 1.711020e-02 1.680013e-02 3.131432e-02 1.638565e-02 1.129890e-02 1.060400e-02 1.778083e-03 4.986357e-03 5.668413e-03 1.167910e-02 7.124624e-03 2.001483e-02 9.217798e-03 2.421775e-02 8.916807e-03
<GCONST> -3.962625e+02
<STATE> 3
<MEAN> 142
 3.823770e-01 4.506805e-01 3.453378e-01 4.266371e-01 3.939854e-01 2.149311e-01 3.285361e-01 2.886987e-01 4.010494e-01 4.311376e-01 4.094697e-01 4.342693e-01 3.108301e-01 4.088669e-01 5.527301e-01 3.015895e-01 4.396955e-01 3.887042e-01 2.627010e-01 2.623119e-01 4.619424e-01 4.855472e-01 2.907539e-01 4.844937e-01 5.338145e-01 3.860606e-01 3.619509e-01 4.443604e-01 5.353059e-01 4.932882e-01 4.569411e-01 4.283231e-01 3.876051e-01 5.349482e-01 4.475982e-01 4.110029e-01 4.592989e-01 3.697149e-01 4.400974e-01 4.736280e-01 5.427293e-01 4.548372e-01 3.732563e-01 1.938806e-01 2.424205e-01 4.129493e-01 4.797856e-01 4.742490e-01 4.441862e-01 3.031241e-01 4.769888e-01 3.584506e-01 4.048482e-01 2.699892e-01 4.676319e-01 5.573783e-01 3.088967e-01 3.019657e-01 3.041295e-01 3.650986e-01 3.458357e-01 5.005667e-01 3.492226e-01 4.284398e-01 4.522587e-01 3.987432e-01 3.403674e-01 4.015415e-01 3.767606e-01 4.263797e-01 4.330468e-01 3.285996e-01 3.175517e-01 4.006278e-01 2.406139e-01 2.879352e-01 4.508815e-01 6.463235e-01 4.883908e-01 4.404609e-01 5.492449e-01 4.891934e-01 4.588248e-01 4.151372e-01 3.713080e-01 3.623814e-01 4.190800e-01 4.327119e-01 4.501739e-01 3.729017e-01 4.175215e-01 2.332106e-01 4.837692e-01 3.800618e-01 5.657806e-01 4.894366e-01 4.649623e-01 3.341746e-01 4.867121e-01 4.750837e-01 4.128701e-01 4.733825e-01 4.100401e-01 4.127485e-01 4.104683e-01 2.612477e-01 2.565242e-01 4.388011e-01 2.756697e-01 3.952655e-01 3.952697e-01 4.698259e-01 4.609723e-01 5.309765e-01 4.113058e-01 4.071482e-01 3.416978e-01 4.675791e-01 5.616451e-01 3.934649e-01 4.917392e-01 4.298047e-01 4.572077e-01 3.767077e-01 3.166331e-01 4.193798e-01 4.284757e-01 3.793102e-01 3.738855e-01 2.792772e-01 4.418024e-01 5.570973e-01 3.343086e-01 4.384955e-01 6.407201e-01 5.044263e-01 3.942485e-01 5.603345e-01 4.010926e-01 5.107026e-01 4.946791e-01 4.467599e-01
<VARIANCE> 142
 2.346879e-02 5.709785e-03 7.282347e-03 4.645225e-03 2.119521e-02 1.892394e-02 1.167972e-02 7.158139e-03 2.587483e-03 5.963527e-03 9.414462e-03 4.510087e-03 2.159119e-03 5.233942e-03 1.392784e-02 8.345291e-03 4.104779e-03 5.090614e-03 1.043487e-02 3.765399e-03 4.768980e-03 5.423808e-03 5.848546e-03 4.981703e-03 4.281634e-03 1.728554e-03 1.121349e-02 9.784691e-03 6.972787e-03 5.931589e-03 2.282958e-03 5.173085e-03 5.809852e-03 7.434526e-03 1.776900e-03 4.009712e-03 3.817758e-03 3.334084e-03 7.670233e-03 2.481749e-02 1.288316e-02 7.219389e-03 2.706426e-03 1.029151e-02 6.663154e-03 1.049367e-02 6.095034e-03 7.353994e-03 8.292835e-03 4.569578e-03 1.360303e-02 1.838669e-03 1.745161e-03 1.126770e-03 2.682174e-03 1.097418e-02 2.119597e-02 1.238464e-02 7.196513e-03 3.289811e-02 7.940479e-03 2.313896e-03 5.464721e-03 1.000000e-03 5.413682e-03 2.903704e-03 2.772750e-03 1.725457e-02 1.254764e-02 2.519538e-03 1.000000e-03 3.498806e-03 4.251968e-03 1.452863e-03 7.843122e-03 1.960344e-03 3.062717e-03 1.780399e-02 2.960511e-03 3.795071e-03 5.712745e-03 7.201757e-03 1.542280e-02 4.581821e-03 8.501099e-03 5.082828e-03 1.161795e-03 1.152573e-03 2.287160e-03 1.369794e-03 8.918288e-03 1.241976e-02 4.836095e-03 1.000000e-03 9.477771e-03 2.510226e-03 1.551303e-03 2.865031e-03 2.830486e-03 8.674296e-03 1.000000e-03 8.091621e-03 2.315501e-03 4.072869e-03 4.818207e-03 1.290669e-03 3.605701e-03 2.375860e-03 1.500415e-02 2.361931e-02 5.606188e-03 6.679948e-03 1.037245e-02 1.116046e-02 3.008235e-03 1.917472e-03 3.240507e-03 4.566152e-03 8.152639e-03 2.953281e-03 4.937689e-03 4.186491e-03 5.526946e-03 2.780095e-03 1.060619e-02 8.151911e-03 3.674387e-03 5.164015e-03 7.201483e-03 1.268341e-02 8.312219e-03 1.718165e-02 2.614602e-03 1.346996e-03 2.377613e-02 6.745407e-03 5.978149e-03 1.084807e-02 1.066032e-02 6.528024e-03 7.842341e-03 5.331866e-03
<GCONST> -4.842728e+02
<TRANSP> 4
 0.000000e+00 1.000000e+00 0.000000e+00 0.000000e+00
 0.000000e+00 5.000000e-01 5.000000e-01 0.000000e+00
 0.000000e+00 0.000000e+00 5.000000e-01 5.000000e-01
 0.000000e+00 0.000000e+00 0.000000e+00 0.000000e+00
<ENDHMM>
