~o
<STREAMINFO> 1 142
<VECSIZE> 142<NULLD><USER><DIAGC>
~h "smart"
<BEGINHMM>
<NUMSTATES> 4
<STATE> 2
<MEAN> 142
 6.875188e-01 3.203954e-01 4.067203e-01 4.271430e-01 3.413343e-01 4.007430e-01 4.413500e-01 3.341917e-01 4.060728e-01 3.662967e-01 5.102639e-01 4.463395e-01 4.261343e-01 4.822875e-01 3.050918e-01 4.126430e-01 3.448434e-01 3.598571e-01 3.953021e-01 4.507411e-01 5.137228e-01 5.077257e-01 4.915752e-01 4.584886e-01 4.646619e-01 4.447248e-01 4.185969e-01 3.206575e-01 3.780895e-01 4.132625e-01 4.891740e-01 4.095336e-01 4.811044e-01 4.081137e-01 4.099635e-01 3.501936e-01 3.434957e-01 3.309909e-01 3.234565e-01 3.618851e-01 3.344056e-01 3.780850e-01 3.414294e-01 4.000213e-01 2.866583e-01 3.475148e-01 4.916340e-01 4.082482e-01 4.549670e-01 3.752727e-01 5.602916e-01 4.738618e-01 4.221334e-01 3.098431e-01 4.786004e-01 3.557218e-01 4.652187e-01 4.169405e-01 4.241958e-01 3.720068e-01 5.186970e-01 4.159178e-01 3.330619e-01 4.157541e-01 3.780587e-01 5.078044e-01 3.715452e-01 4.901389e-01 4.673882e-01 3.702325e-01 4.963961e-01 4.343151e-01 3.983527e-01 4.522246e-01 3.973263e-01 4.053293e-01 4.815263e-01 4.833618e-01 4.753525e-01 4.913969e-01 4.035422e-01 3.613464e-01 3.500624e-01 4.543560e-01 3.982230e-01 4.528236e-01 4.319784e-01 4.418559e-01 4.405814e-01 3.689839e-01 3.561641e-01 3.592124e-01 3.995261e-01 3.633265e-01 4.202248e-01 4.687509e-01 4.311284e-01 3.050271e-01 4.500195e-01 5.274867e-01 4.068953e-01 4.679505e-01 4.059464e-01 3.448388e-01 3.663544e-01 3.627463e-01 4.164900e-01 4.299589e-01 4.296830e-01 4.233670e-01 4.029690e-01 3.915330e-01 4.296694e-01 3.367706e-01 3.220313e-01 4.215937e-01 3.489991e-01 4.405170e-01 4.315863e-01 4.711275e-01 4.289430e-01 5.169144e-01 4.938255e-01 3.792261e-01 4.634797e-01 3.816738e-01 3.825904e-01 3.295082e-01 2.889425e-01 4.626095e-01 4.463805e-01 3.985357e-01 3.952327e-01 4.513200e-01 3.614932e-01 4.562622e-01 4.732064e-01 3.664308e-01 4.251069e-01 3.818154e-01 4.651547e-01 4.719359e-01
<VARIANCE> 142
 3.112892e-02 5.033291e-03 6.900237e-03 1.654461e-02 2.279937e-02 2.007746e-02 1.672413e-02 6.644254e-03 1.915810e-02 6.346018e-03 1.681375e-02 7.716751e-03 1.001898e-02 2.166297e-02 1.145443e-02 2.287119e-02 4.057273e-03 1.043935e-02 1.004885e-02 1.412705e-02 1.234157e-02 2.355481e-02 4.844901e-03 8.555511e-03 4.154585e-03 7.007947e-03 7.259045e-03 1.059015e-02 7.871636e-03 1.388492e-02 4.256477e-03 7.686441e-03 2.599380e-02 7.165858e-03 3.059064e-03 2.658051e-03 1.741487e-02 1.472985e-02 9.487703e-03 2.434702e-02 1.169439e-02 3.901619e-03 1.207367e-02 1.500051e-02 2.408385e-02 1.094485e-02 2.295898e-02 6.370467e-03 1.243657e-02 6.704926e-03 7.841739e-03 3.123162e-02 8.131397e-03 1.001449e-02 7.519744e-03 5.523934e-03 2.715101e-02 6.390686e-03 1.341944e-02 4.395309e-02 1.154949e-02 8.214792e-03 4.163042e-03 9.014480e-03 1.334407e-02 1.588550e-02 2.641285e-02 1.972710e-02 4.898217e-03 1.899713e-02 6.229956e-03 1.298939e-02 1.140317e-02 9.401166e-03 1.499585e-02 8.327776e-03 6.599654e-03 1.131659e-02 8.427476e-03 6.753493e-03 5.963364e-03 4.748665e-03 2.853737e-03 1.224662e-02 2.333857e-02 1.210738e-02 4.904883e-03 4.800599e-03 7.813402e-03 1.043600e-02 9.237408e-03 1.771575e-02 4.474267e-03 8.815002e-03 6.695098e-03 5.247570e-03 6.603449e-03 1.642659e-02 1.812669e-02 1.231529e-02 3.834217e-03 1.253518e-02 4.984888e-03 2.092807e-02 1.556837e-02 5.464187e-03 1.275925e-02 1.297599e-02 1.106310e-02 8.371867e-03 8.465548e-03 4.965264e-03 2.993504e-02 5.307968e-03 5.212781e-03 2.579052e-03 4.471023e-03 6.275311e-03 2.871665e-03 9.087676e-03 3.570059e-03 2.206594e-02 7.087420e-03 1.308227e-02 3.978897e-03 1.368800e-02 4.913706e-03 1.662127e-02 1.537772e-02 4.662556e-03 1.329028e-02 2.685903e-03 1.068717e-02 7.819592e-03 3.845960e-03 1.421358e-02 8.498302e-03 6.175920e-03 3.854274e-02 1.001392e-02 8.969874e-03 1.206644e-02
<GCONST> -3.993315e+02
<STATE> 3
<MEAN> 142
 5.586548e-01 3.679016e-01 3.257746e-01 3.443268e-01 2.737803e-01 2.859043e-01 3.173916e-01 2.943188e-01 3.732760e-01 4.273326e-01 4.433679e-01 4.895732e-01 3.988941e-01 4.716732e-01 3.293477e-01 3.065721e-01 4.292308e-01 4.878074e-01 3.293772e-01 3.966687e-01 3.543250e-01 3.770030e-01 3.553188e-01 4.452141e-01 4.610583e-01 4.263971e-01 3.880175e-01 5.026869e-01 5.020224e-01 4.898424e-01 4.556993e-01 3.852424e-01 3.466052e-01 4.345267e-01 4.371957e-01 3.407340e-01 3.562395e-01 4.041565e-01 4.460790e-01 3.297454e-01 4.381839e-01 4.908862e-01 3.848972e-01 2.964518e-01 2.768954e-01 4.230233e-01 3.412875e-01 3.857756e-01 3.219414e-01 3.549410e-01 4.482335e-01 4.178212e-01 4.833049e-01 3.134416e-01 4.027088e-01 4.364180e-01 3.780428e-01 3.074943e-01 3.277525e-01 2.706025e-01 3.669387e-01 4.537017e-01 3.984433e-01 4.686500e-01 4.852912e-01 3.983692e-01 3.815043e-01 3.152863e-01 3.744819e-01 4.543053e-01 4.615164e-01 3.706951e-01 3.629391e-01 4.161183e-01 2.842739e-01 3.612912e-01 3.813322e-01 3.758090e-01 4.623927e-01 4.008158e-01 5.303093e-01 4.058071e-01 3.770203e-01 3.351973e-01 3.800567e-01 3.430062e-01 4.017330e-01 4.368035e-01 4.155339e-01 3.379138e-01 4.241911e-01 2.848776e-01 4.796320e-01 4.427269e-01 4.052147e-01 5.004963e-01 4.458784e-01 4.238998e-01 4.554142e-01 4.542137e-01 4.103465e-01 3.979741e-01 3.533576e-01 4.467353e-01 2.993625e-01 2.883430e-01 4.247337e-01 4.291423e-01 3.581645e-01 3.141756e-01 4.251349e-01 4.048913e-01 3.254008e-01 3.475441e-01 4.124139e-01 4.124827e-01 4.228873e-01 3.738839e-01 4.667500e-01 3.614579e-01 4.304787e-01 4.667197e-01 4.565895e-01 4.690564e-01 3.460739e-01 4.281891e-01 4.577314e-01 5.064179e-01 5.538356e-01 3.622919e-01 3.487846e-01 4.127671e-01 4.024420e-01 4.694944e-01 4.259500e-01 4.190408e-01 3.833424e-01 4.170700e-01 3.173298e-01 3.486913e-01 4.447997e-01 3.988158e-01
<VARIANCE> 142
 1.263973e-02 5.956053e-03 9.106944e-03 9.537626e-03 4.053967e-03 1.775778e-02 7.555110e-03 3.784889e-02 3.227155e-03 7.791947e-03 1.265374e-02 7.699972e-03 7.154480e-03 1.798644e-02 3.960427e-03 2.597534e-02 1.874250e-02 1.590784e-02 1.591061e-02 6.249991e-03 9.561683e-03 2.193556e-02 4.902825e-03 7.823929e-03 1.000000e-03 9.695797e-03 3.755749e-03 1.902366e-02 1.126639e-02 6.340213e-03 2.390213e-03 2.515442e-02 1.666103e-02 1.340005e-02 5.724026e-03 1.933788e-02 5.472939e-03 4.905673e-03 1.400446e-02 1.163713e-02 5.786779e-03 2.259439e-02 6.845130e-03 6.956985e-03 7.470906e-03 9.159794e-03 1.290311e-02 6.214628e-03 8.605025e-03 1.879700e-02 5.713884e-03 8.916772e-03 3.181185e-03 5.923157e-03 6.692301e-03 9.321024e-03 9.166971e-03 4.860783e-03 4.499305e-03 5.121801e-03 2.054256e-02 2.269758e-02 1.079247e-02 1.012487e-02 1.675392e-02 1.651971e-02 1.127883e-02 1.041117e-02 7.535675e-03 6.790928e-03 7.994702e-03 9.857306e-03 5.925254e-03 4.803017e-03 1.736237e-02 9.237539e-03 1.025623e-02 8.864413e-03 3.163648e-03 1.496566e-02 1.679829e-02 6.947078e-03 3.042315e-03 4.187009e-03 8.044517e-03 1.501705e-02 3.812999e-03 5.659656e-03 1.467415e-03 4.022026e-03 1.608681e-02 1.902316e-02 2.465555e-02 2.765843e-02 2.720844e-03 1.079661e-02 8.838939e-03 2.402823e-02 1.428073e-02 9.998110e-03 4.634264e-03 1.057932e-02 7.671794e-03 6.221182e-03 3.316232e-03 5.775640e-03 1.111868e-02 7.044314e-03 1.005032e-02 1.286739e-02 3.459348e-03 1.500846e-02 9.306868e-03 3.412290e-03 1.502986e-02 1.379201e-02 1.064109e-02 5.044857e-03 8.779536e-03 5.395974e-03 5.828464e-03 1.393111e-02 1.094871e-02 2.185914e-02 1.425686e-02 6.001731e-03 1.311156e-02 2.536426e-02 3.483591e-02 7.887421e-03 1.503413e-02 1.104787e-02 1.613603e-02 9.271831e-03 2.818203e-03 5.485556e-03 1.009810e-02 7.215451e-03 1.313311e-02 1.022369e-02 2.521777e-02 1.691779e-02
<GCONST> -4.072644e+02
<TRANSP> 4
 0.000000e+00 1.000000e+00 0.000000e+00 0.000000e+00
 0.000000e+00 5.000000e-01 5.000000e-01 0.000000e+00
 0.000000e+00 0.000000e+00 5.000000e-01 5.000000e-01
 0.000000e+00 0.000000e+00 0.000000e+00 0.000000e+00
<ENDHMM>
