~o
<STREAMINFO> 1 142
<VECSIZE> 142<NULLD><USER><DIAGC>
~h "son"
<BEGINHMM>
<NUMSTATES> 4
<STATE> 2
<MEAN> 142
 5.637603e-01 3.302869e-01 3.126727e-01 3.378700e-01 2.982437e-01 2.961096e-01 3.351417e-01 3.759591e-01 3.630519e-01 4.668545e-01 3.956492e-01 4.258751e-01 3.696845e-01 4.414238e-01 4.231223e-01 3.845518e-01 4.542022e-01 4.519490e-01 2.459237e-01 3.491991e-01 4.398024e-01 4.465379e-01 3.485184e-01 4.516686e-01 4.567680e-01 4.030887e-01 3.757881e-01 4.019653e-01 4.672083e-01 4.412432e-01 4.863472e-01 4.240644e-01 3.308566e-01 5.200108e-01 4.351721e-01 4.512421e-01 3.439005e-01 4.211832e-01 4.293578e-01 3.462260e-01 4.338492e-01 4.561406e-01 3.390285e-01 3.878438e-01 2.157748e-01 3.803712e-01 4.094761e-01 4.454146e-01 4.466268e-01 2.994244e-01 4.813125e-01 4.841022e-01 4.851992e-01 2.632525e-01 3.931371e-01 3.686108e-01 3.595359e-01 3.141655e-01 3.154360e-01 2.889082e-01 4.458536e-01 4.485171e-01 3.605428e-01 4.195763e-01 4.083845e-01 4.244463e-01 4.871835e-01 3.584884e-01 3.500012e-01 4.788854e-01 4.284037e-01 3.689787e-01 4.417793e-01 3.788603e-01 2.776172e-01 3.570874e-01 4.035497e-01 4.057801e-01 4.979737e-01 4.219257e-01 4.642696e-01 3.537832e-01 5.182073e-01 3.826037e-01 3.182401e-01 3.413934e-01 3.759179e-01 3.839102e-01 4.893483e-01 3.307850e-01 3.604686e-01 3.325177e-01 4.240312e-01 3.323427e-01 4.178776e-01 4.932480e-01 4.435813e-01 4.148180e-01 4.962497e-01 3.813677e-01 4.116558e-01 4.573157e-01 2.896801e-01 4.136299e-01 3.184503e-01 3.001366e-01 3.801819e-01 4.211266e-01 3.721335e-01 3.341427e-01 4.070625e-01 3.567072e-01 3.254461e-01 4.000613e-01 3.831444e-01 3.821074e-01 3.772962e-01 4.131070e-01 3.752010e-01 3.381826e-01 3.976370e-01 4.517437e-01 3.735654e-01 3.709036e-01 3.664343e-01 3.781638e-01 4.303937e-01 4.320358e-01 4.073360e-01 3.699366e-01 3.742865e-01 4.691291e-01 3.518979e-01 4.249959e-01 4.596905e-01 4.206906e-01 4.565362e-01 4.675737e-01 4.254795e-01 3.901286e-01 5.106641e-01 3.928092e-01
<VARIANCE> 142
 4.590959e-02 7.462544e-03 1.508400e-02 1.366963e-02 8.275255e-03 1.379239e-02 1.091019e-02 2.223968e-02 9.457230e-03 1.257040e-02 5.778103e-03 2.613086e-03 2.683971e-02 1.253104e-02 5.386458e-02 1.250837e-02 1.170857e-02 1.717519e-02 1.121733e-02 1.174877e-02 5.425618e-03 1.336836e-02 1.249287e-02 6.478622e-03 5.022438e-03 1.954784e-02 7.049733e-03 3.864149e-03 8.564338e-03 2.475514e-02 6.198334e-03 6.113644e-03 2.219029e-02 1.510121e-02 2.842539e-03 2.231879e-02 1.803762e-02 4.939231e-02 3.025493e-02 1.576201e-02 2.575963e-02 1.462534e-02 1.071047e-02 1.414755e-02 3.902679e-03 6.606875e-03 7.147871e-03 2.267326e-02 1.510457e-02 7.750876e-03 5.342210e-03 3.731757e-02 1.642536e-02 6.897154e-03 1.392831e-02 9.113996e-03 7.330958e-03 4.717296e-03 3.685476e-03 2.615120e-03 2.209853e-02 3.516236e-03 2.275780e-03 1.039463e-02 1.159980e-02 2.897746e-02 4.603891e-02 4.390543e-03 1.293067e-02 2.804853e-02 1.362823e-02 1.183403e-02 3.218133e-03 1.212381e-02 2.749637e-02 1.703790e-02 4.600500e-03 1.688636e-02 5.000284e-03 1.122849e-02 9.982536e-03 1.504620e-02 4.422915e-02 9.501699e-03 1.187147e-03 1.345563e-02 5.239766e-03 4.723294e-03 2.422849e-03 2.912774e-03 5.193155e-03 1.072966e-02 1.085937e-02 3.881213e-03 6.458301e-03 5.057549e-03 7.889728e-03 1.604413e-02 1.677693e-02 3.779748e-03 8.274261e-03 1.015628e-02 5.084960e-03 1.165625e-02 7.321808e-03 6.446604e-03 1.219287e-02 1.419683e-02 1.605592e-02 5.422151e-03 8.267741e-03 5.759147e-03 2.874449e-03 2.577252e-02 6.306066e-03 8.922192e-03 5.944073e-03 9.400619e-03 3.026645e-03 7.008871e-03 1.980173e-03 1.791975e-02 7.886906e-03 8.575725e-03 1.202324e-02 9.241561e-03 7.026940e-03 2.081006e-02 1.010340e-02 1.000765e-02 5.715726e-03 1.420308e-02 1.015091e-02 1.849282e-02 2.799772e-02 8.474040e-03 1.112269e-02 4.225702e-02 2.074661e-02 1.093553e-02 1.654986e-02 1.597951e-02
<GCONST> -3.926504e+02
<STATE> 3
<MEAN> 142
 5.741342e-01 3.483612e-01 4.241246e-01 3.475188e-01 2.992237e-01 3.554339e-01 3.243560e-01 3.596374e-01 3.666011e-01 4.550676e-01 6.010128e-01 4.260781e-01 4.210666e-01 6.299438e-01 4.037934e-01 3.080471e-01 3.997147e-01 4.351229e-01 4.230223e-01 4.140916e-01 5.984563e-01 5.950842e-01 4.385224e-01 5.466270e-01 5.864686e-01 3.762839e-01 4.962810e-01 3.522650e-01 5.045128e-01 4.148847e-01 5.711631e-01 3.649505e-01 2.887951e-01 4.969170e-01 4.762457e-01 3.981781e-01 4.057711e-01 4.687154e-01 4.302220e-01 3.165853e-01 3.468264e-01 4.239835e-01 3.696478e-01 3.364504e-01 1.762770e-01 2.987141e-01 4.941543e-01 4.363241e-01 4.982575e-01 4.055342e-01 5.053409e-01 4.296649e-01 4.825777e-01 2.677185e-01 3.576433e-01 4.078722e-01 5.558684e-01 4.176972e-01 5.082083e-01 4.331470e-01 3.920854e-01 4.105227e-01 3.344829e-01 3.999861e-01 3.451742e-01 3.708256e-01 3.954473e-01 5.096540e-01 4.094647e-01 4.651463e-01 4.500678e-01 3.579809e-01 4.039058e-01 4.717912e-01 3.571794e-01 3.472796e-01 4.161719e-01 3.937553e-01 5.485383e-01 5.187547e-01 4.555864e-01 3.897008e-01 4.122917e-01 4.700079e-01 3.189626e-01 3.204858e-01 3.812125e-01 4.402743e-01 5.022058e-01 3.104786e-01 3.245045e-01 2.833773e-01 4.118429e-01 3.835757e-01 4.068592e-01 4.622972e-01 4.358739e-01 3.421940e-01 4.511857e-01 4.652973e-01 5.211227e-01 4.979529e-01 4.031765e-01 3.624519e-01 4.705359e-01 3.987241e-01 3.998411e-01 4.604400e-01 4.524234e-01 3.944615e-01 4.283217e-01 3.547228e-01 2.994654e-01 3.867680e-01 4.010044e-01 4.038062e-01 4.034525e-01 4.857033e-01 3.961353e-01 4.825883e-01 4.301005e-01 4.560170e-01 4.286762e-01 3.224635e-01 4.892937e-01 3.784639e-01 3.530556e-01 3.742539e-01 3.846218e-01 5.386317e-01 3.704819e-01 4.230418e-01 2.717607e-01 5.142987e-01 3.950843e-01 4.669096e-01 3.872071e-01 4.307356e-01 3.222528e-01 4.110227e-01 4.419948e-01 4.561968e-01
<VARIANCE> 142
 1.138275e-02 3.392282e-03 1.405589e-02 5.410652e-03 1.464874e-03 1.495657e-02 3.521960e-03 1.391412e-02 2.825450e-03 3.775258e-03 3.758128e-02 1.479629e-03 8.925279e-03 2.727840e-02 1.279816e-02 7.324118e-03 3.033173e-03 7.926601e-03 2.024446e-02 7.268505e-03 3.698428e-02 2.125549e-02 1.019723e-02 7.961025e-03 1.769066e-02 3.346363e-03 1.464776e-02 4.359051e-03 4.361855e-03 5.216683e-03 4.421911e-03 3.474877e-03 7.924468e-03 1.070538e-02 2.156190e-03 1.451312e-02 8.994031e-03 1.049704e-02 9.046568e-03 2.848055e-03 6.284086e-03 6.672449e-03 2.902253e-03 1.039917e-02 1.200705e-02 3.739004e-03 3.401963e-02 8.987825e-03 1.803325e-02 8.803928e-03 2.797708e-03 7.730009e-03 3.298808e-03 2.870922e-03 5.402106e-03 9.892337e-03 3.703738e-02 2.447636e-02 1.967397e-02 8.086800e-03 5.024775e-03 7.452150e-03 1.849047e-03 2.444462e-03 4.301338e-03 1.186857e-02 1.250983e-02 2.438187e-02 8.363118e-03 8.567465e-03 3.511250e-03 3.311007e-03 1.693395e-03 1.433899e-02 1.164791e-02 4.987327e-03 3.743532e-03 7.871046e-03 1.340120e-02 1.803696e-02 1.169642e-02 4.876739e-03 1.197751e-02 6.903681e-03 6.690047e-03 4.683178e-03 6.835783e-03 2.619267e-03 1.007169e-03 1.415356e-02 1.605525e-03 4.437146e-03 1.124452e-02 1.654515e-02 1.926675e-03 3.767498e-03 8.748009e-03 5.240081e-03 1.491654e-02 4.452290e-03 5.330845e-03 6.194067e-03 6.875786e-03 5.609009e-03 3.197956e-02 2.933616e-02 4.430063e-03 5.007229e-03 2.676344e-02 2.811766e-02 5.828404e-03 1.689511e-03 1.910059e-03 9.043155e-03 4.600055e-03 1.008023e-02 4.075441e-03 1.086050e-02 1.332972e-03 2.820865e-02 6.092173e-03 1.693728e-02 3.836050e-03 3.531956e-02 2.152679e-02 3.648450e-03 5.804244e-03 7.127480e-03 4.769178e-03 1.588604e-02 9.324558e-03 2.842099e-02 3.892704e-03 5.572582e-03 1.762524e-02 1.984115e-02 4.518332e-03 1.730319e-02 5.652893e-03 8.528432e-03 5.320234e-03 1.429405e-02
<GCONST> -4.351943e+02
<TRANSP> 4
 0.000000e+00 1.000000e+00 0.000000e+00 0.000000e+00
 0.000000e+00 5.000000e-01 5.000000e-01 0.000000e+00
 0.000000e+00 0.000000e+00 5.000000e-01 5.000000e-01
 0.000000e+00 0.000000e+00 0.000000e+00 0.000000e+00
<ENDHMM>
