~o
<STREAMINFO> 1 142
<VECSIZE> 142<NULLD><USER><DIAGC>
~h "start_sentence"
<BEGINHMM>
<NUMSTATES> 4
<STATE> 2
<MEAN> 142
 7.216113e-01 3.522004e-01 4.009368e-01 3.665039e-01 3.006840e-01 3.810426e-01 4.553763e-01 3.716981e-01 3.406349e-01 3.697451e-01 4.236006e-01 4.350186e-01 4.031617e-01 4.339935e-01 2.904828e-01 3.737172e-01 3.918666e-01 3.854210e-01 3.235742e-01 4.098553e-01 4.858333e-01 4.708582e-01 4.159296e-01 4.342028e-01 4.358283e-01 4.121968e-01 4.168376e-01 3.894542e-01 3.686560e-01 3.517227e-01 4.699070e-01 4.512230e-01 5.289699e-01 4.293028e-01 4.260334e-01 3.589107e-01 3.150752e-01 2.797732e-01 2.947264e-01 3.571171e-01 3.054209e-01 3.960703e-01 3.020322e-01 3.652036e-01 2.945275e-01 4.358836e-01 4.478015e-01 3.923241e-01 4.091845e-01 3.455131e-01 4.902343e-01 3.734224e-01 4.074936e-01 2.653278e-01 5.007117e-01 3.400171e-01 4.112867e-01 3.610789e-01 3.507841e-01 3.537208e-01 5.018256e-01 4.719915e-01 3.754300e-01 3.943844e-01 3.736930e-01 5.030020e-01 3.196053e-01 4.128633e-01 4.776245e-01 3.260378e-01 4.812597e-01 4.991789e-01 4.306300e-01 4.237795e-01 3.926018e-01 3.928668e-01 5.000461e-01 4.365265e-01 4.210891e-01 4.254048e-01 4.075582e-01 3.496643e-01 3.449804e-01 4.503362e-01 3.728088e-01 5.081236e-01 4.077608e-01 4.226319e-01 4.538619e-01 4.075184e-01 3.563481e-01 4.154564e-01 4.179468e-01 3.533823e-01 4.134250e-01 4.580893e-01 4.319935e-01 3.080946e-01 3.906536e-01 4.491780e-01 3.494936e-01 4.920256e-01 3.599898e-01 3.204976e-01 3.158485e-01 2.938985e-01 3.689848e-01 3.318935e-01 4.059524e-01 4.099294e-01 3.924597e-01 3.673024e-01 3.874703e-01 3.057826e-01 3.654968e-01 4.328017e-01 3.611840e-01 4.061726e-01 4.224729e-01 4.221826e-01 3.982264e-01 5.210887e-01 4.596333e-01 4.360438e-01 4.528695e-01 4.186181e-01 4.030099e-01 3.115813e-01 3.160922e-01 4.333287e-01 4.315354e-01 3.832160e-01 4.231066e-01 3.881627e-01 3.432297e-01 3.828135e-01 5.030252e-01 3.896995e-01 3.784154e-01 3.712309e-01 4.674365e-01 4.966012e-01
<VARIANCE> 142
 3.999825e-02 5.543729e-03 1.003676e-02 1.517754e-02 1.852020e-02 1.809091e-02 1.636761e-02 1.045004e-02 5.522587e-03 4.932829e-03 7.648389e-03 8.907434e-03 6.928618e-03 7.114163e-03 1.474141e-02 1.472619e-02 5.315053e-03 7.467926e-03 9.166055e-03 1.415561e-02 6.871924e-03 1.023774e-02 8.589153e-03 5.202270e-03 3.953031e-03 6.773044e-03 7.975288e-03 7.357891e-03 5.653376e-03 1.078382e-02 4.836184e-03 1.002577e-02 1.540056e-02 8.752815e-03 3.306679e-03 8.766885e-03 1.167594e-02 9.891183e-03 7.561099e-03 3.240917e-02 9.712215e-03 7.573894e-03 9.192592e-03 1.793177e-02 1.864887e-02 7.432209e-03 9.216711e-03 7.938784e-03 8.437759e-03 8.205657e-03 8.403093e-03 1.085236e-02 6.718704e-03 6.402135e-03 9.650781e-03 6.641172e-03 1.811483e-02 9.761969e-03 7.923839e-03 3.051995e-02 1.478921e-02 1.394411e-02 7.420110e-03 7.060999e-03 7.664161e-03 9.221531e-03 1.224696e-02 1.292519e-02 7.571037e-03 9.579802e-03 6.675672e-03 1.935492e-02 6.705431e-03 5.393747e-03 1.303882e-02 6.741192e-03 5.972620e-03 1.667046e-02 4.715903e-03 1.384481e-02 5.567181e-03 3.995970e-03 8.991735e-03 9.516299e-03 2.192157e-02 1.007920e-02 3.268280e-03 3.065602e-03 6.232498e-03 1.581497e-02 1.145912e-02 1.838075e-02 9.909429e-03 7.623229e-03 7.137307e-03 6.303481e-03 8.229295e-03 8.606357e-03 8.892899e-03 6.626836e-03 5.755506e-03 6.342016e-03 4.741512e-03 9.192484e-03 6.949997e-03 5.584748e-03 9.894418e-03 8.185072e-03 8.701897e-03 1.495083e-02 8.356895e-03 9.266610e-03 3.012110e-02 5.667072e-03 6.517631e-03 7.852440e-03 1.088139e-02 8.849567e-03 4.997437e-03 7.121088e-03 5.741201e-03 1.033941e-02 1.248223e-02 2.901949e-02 1.285182e-02 6.415247e-03 7.879495e-03 8.612402e-03 8.359353e-03 8.036461e-03 1.718140e-02 7.054006e-03 1.921076e-02 7.871104e-03 7.192198e-03 1.050093e-02 1.138131e-02 1.091860e-02 2.897293e-02 5.697219e-03 1.031623e-02 1.191667e-02
<GCONST> -4.054854e+02
<STATE> 3
<MEAN> 142
 5.237811e-01 3.701238e-01 3.397032e-01 3.432340e-01 3.165327e-01 2.963608e-01 3.165272e-01 3.270330e-01 3.832257e-01 4.520786e-01 4.736694e-01 4.246959e-01 3.807846e-01 4.921918e-01 3.795254e-01 3.318773e-01 4.034270e-01 4.092416e-01 3.245483e-01 3.594271e-01 4.414580e-01 4.525705e-01 3.612799e-01 4.637391e-01 4.954827e-01 3.891254e-01 4.217020e-01 3.937724e-01 4.570547e-01 4.245295e-01 4.696254e-01 3.953569e-01 3.098664e-01 4.903139e-01 4.386146e-01 3.800065e-01 3.979915e-01 4.109212e-01 4.345333e-01 3.530265e-01 4.222690e-01 4.824977e-01 3.769526e-01 3.213701e-01 2.029713e-01 3.705325e-01 4.209751e-01 4.298531e-01 4.214822e-01 3.494416e-01 4.766413e-01 4.352162e-01 4.616675e-01 3.017813e-01 3.977912e-01 4.119415e-01 4.363151e-01 3.324667e-01 3.644150e-01 3.221952e-01 3.876792e-01 4.322075e-01 3.941021e-01 4.200680e-01 4.274307e-01 4.004302e-01 4.287248e-01 3.936454e-01 3.789577e-01 4.512693e-01 4.385224e-01 3.527304e-01 3.987769e-01 4.027065e-01 2.933051e-01 3.642637e-01 4.054411e-01 4.029219e-01 4.929689e-01 4.355808e-01 4.901328e-01 3.920225e-01 4.228501e-01 4.010451e-01 3.313425e-01 3.354527e-01 3.876684e-01 4.306753e-01 4.696622e-01 3.250410e-01 3.591966e-01 2.808579e-01 4.313993e-01 3.750344e-01 4.252428e-01 4.593377e-01 4.428443e-01 3.736203e-01 4.948378e-01 4.331461e-01 4.411863e-01 4.491117e-01 3.506674e-01 4.160696e-01 3.543018e-01 3.258246e-01 3.962665e-01 4.372956e-01 3.967863e-01 3.621705e-01 3.950485e-01 3.704742e-01 3.169698e-01 3.894177e-01 3.628415e-01 3.984458e-01 3.932921e-01 4.321077e-01 4.328485e-01 3.982212e-01 4.379437e-01 4.343390e-01 4.205791e-01 3.546766e-01 3.844356e-01 3.858263e-01 4.152244e-01 4.349385e-01 4.121276e-01 3.950862e-01 3.748931e-01 4.244560e-01 3.564655e-01 4.496855e-01 4.245999e-01 4.522439e-01 3.866035e-01 4.478646e-01 3.919351e-01 3.984291e-01 4.283230e-01 3.934953e-01
<VARIANCE> 142
 1.314158e-02 1.224845e-02 1.178920e-02 7.982383e-03 1.014060e-02 2.671891e-02 6.897496e-03 1.422270e-02 8.655665e-03 7.391167e-03 1.916766e-02 1.089043e-02 1.360002e-02 1.912237e-02 1.738488e-02 1.377364e-02 1.146359e-02 1.730321e-02 1.984193e-02 1.476471e-02 1.802918e-02 2.071980e-02 1.341261e-02 1.117183e-02 6.278140e-03 1.112124e-02 1.236953e-02 1.579040e-02 1.008559e-02 1.359130e-02 4.852556e-03 7.796395e-03 9.786658e-03 1.646779e-02 3.504519e-03 1.835239e-02 1.195923e-02 2.124371e-02 1.486503e-02 1.909348e-02 1.552633e-02 1.448977e-02 1.043756e-02 1.421989e-02 8.717962e-03 1.108011e-02 1.338996e-02 1.589778e-02 1.708234e-02 1.008877e-02 5.922938e-03 2.028038e-02 9.484823e-03 7.677448e-03 8.134013e-03 1.121467e-02 2.353056e-02 1.755870e-02 1.404521e-02 1.369648e-02 1.211077e-02 5.861422e-03 6.406619e-03 7.825574e-03 1.841710e-02 1.140800e-02 2.468053e-02 1.975382e-02 6.894190e-03 1.040300e-02 5.905919e-03 1.109470e-02 7.349981e-03 7.533680e-03 1.728683e-02 1.336082e-02 6.847895e-03 2.171466e-02 9.450144e-03 1.429220e-02 1.091732e-02 1.015721e-02 2.014449e-02 1.117917e-02 8.459890e-03 1.049747e-02 7.161896e-03 6.991196e-03 4.517188e-03 7.877625e-03 1.459141e-02 1.110645e-02 1.527045e-02 1.603811e-02 9.215665e-03 1.042694e-02 8.236142e-03 1.875952e-02 1.593249e-02 9.873644e-03 5.971742e-03 1.426269e-02 8.926786e-03 1.353338e-02 1.540424e-02 1.059509e-02 1.258008e-02 9.552552e-03 1.641410e-02 2.320900e-02 8.282324e-03 1.293125e-02 9.213463e-03 1.418137e-02 9.869374e-03 1.269352e-02 1.332802e-02 1.171116e-02 1.092158e-02 1.366701e-02 6.663878e-03 1.177752e-02 9.860713e-03 2.123832e-02 1.876775e-02 7.740394e-03 1.212301e-02 2.136446e-02 2.384546e-02 1.561576e-02 1.213495e-02 1.378123e-02 1.996352e-02 1.106214e-02 2.001694e-02 1.038138e-02 1.011493e-02 1.556230e-02 2.348076e-02 1.277176e-02 1.481844e-02 8.745247e-03
<GCONST> -3.667668e+02
<TRANSP> 4
 0.000000e+00 1.000000e+00 0.000000e+00 0.000000e+00
 0.000000e+00 5.000000e-01 5.000000e-01 0.000000e+00
 0.000000e+00 0.000000e+00 5.000000e-01 5.000000e-01
 0.000000e+00 0.000000e+00 0.000000e+00 0.000000e+00
<ENDHMM>
