~o
<STREAMINFO> 1 142
<VECSIZE> 142<NULLD><USER><DIAGC>
~h "start"
<BEGINHMM>
<NUMSTATES> 4
<STATE> 2
<MEAN> 142
 6.633815e-01 3.672694e-01 3.850885e-01 3.466120e-01 2.770766e-01 3.436903e-01 3.667406e-01 3.415588e-01 3.540927e-01 4.197125e-01 4.665357e-01 4.336969e-01 3.777736e-01 4.860936e-01 3.412267e-01 3.233062e-01 3.775335e-01 4.017996e-01 3.732591e-01 4.223900e-01 4.466250e-01 4.504861e-01 4.141807e-01 4.483018e-01 4.527340e-01 3.905853e-01 4.245772e-01 4.214139e-01 4.347507e-01 4.016569e-01 4.701841e-01 4.057316e-01 4.146829e-01 4.598742e-01 4.497865e-01 3.499150e-01 3.910603e-01 3.782954e-01 3.739105e-01 3.379617e-01 3.818600e-01 4.524191e-01 3.689958e-01 4.142721e-01 2.927865e-01 4.323116e-01 4.152687e-01 4.130177e-01 3.942875e-01 3.749852e-01 4.804439e-01 4.312389e-01 4.470853e-01 3.037415e-01 4.831550e-01 3.406651e-01 4.447549e-01 3.625035e-01 3.382833e-01 3.034115e-01 4.317637e-01 4.512750e-01 3.858293e-01 4.531547e-01 3.853891e-01 4.556415e-01 3.855916e-01 3.728143e-01 3.928820e-01 3.766042e-01 4.913358e-01 4.585186e-01 4.113283e-01 4.432191e-01 3.686233e-01 4.107780e-01 4.475923e-01 4.454709e-01 4.662328e-01 4.484242e-01 4.602505e-01 3.857739e-01 4.048852e-01 3.992969e-01 3.452111e-01 3.820390e-01 4.424361e-01 4.313440e-01 4.483607e-01 3.621246e-01 3.816852e-01 3.432677e-01 4.579681e-01 4.042840e-01 4.298844e-01 4.906470e-01 4.224121e-01 3.793996e-01 4.449567e-01 4.442788e-01 4.235271e-01 4.525217e-01 3.686700e-01 3.639901e-01 3.403466e-01 3.252394e-01 4.021672e-01 4.289968e-01 3.929806e-01 4.039055e-01 4.025424e-01 3.711259e-01 3.441190e-01 3.663621e-01 3.510927e-01 4.189241e-01 3.818291e-01 4.191487e-01 4.620899e-01 4.139565e-01 4.462129e-01 5.008394e-01 4.603455e-01 3.859788e-01 4.151860e-01 4.557563e-01 4.304625e-01 3.764275e-01 4.083630e-01 4.305820e-01 4.074926e-01 4.227978e-01 3.816774e-01 4.641291e-01 3.743247e-01 3.955416e-01 4.480763e-01 4.113056e-01 3.752779e-01 3.857500e-01 4.517494e-01 4.908575e-01
<VARIANCE> 142
 4.936927e-02 4.969920e-03 9.878261e-03 9.856493e-03 1.141500e-02 2.809446e-02 2.190147e-02 1.265552e-02 3.559537e-03 5.966092e-03 4.756888e-03 6.281614e-03 9.166486e-03 1.083663e-02 1.017806e-02 1.988393e-02 5.718174e-03 1.225827e-02 1.543080e-02 1.893105e-02 1.497627e-02 1.991355e-02 4.936331e-03 1.119887e-02 3.932846e-03 6.867939e-03 4.613892e-03 2.121511e-02 1.655520e-02 1.102800e-02 3.002540e-03 1.355621e-02 1.855176e-02 2.058973e-02 2.397031e-03 1.410942e-02 9.139513e-03 7.126631e-03 1.874927e-02 1.687919e-02 1.086997e-02 9.733242e-03 9.784697e-03 2.375534e-02 2.310085e-02 5.172497e-03 1.681653e-02 4.355240e-03 8.677290e-03 1.704425e-02 7.500238e-03 4.467215e-03 2.209135e-03 7.145870e-03 1.821829e-02 1.057711e-02 2.459395e-02 7.949499e-03 7.595459e-03 1.848994e-02 2.559853e-02 9.304898e-03 5.326590e-03 5.637722e-03 9.942390e-03 1.080338e-02 5.636783e-03 1.398411e-02 8.260114e-03 8.302068e-03 6.091970e-03 1.037486e-02 1.160302e-02 7.042130e-03 3.652234e-02 1.389562e-02 9.417569e-03 2.548679e-02 8.004184e-03 9.722730e-03 8.646145e-03 9.062124e-03 7.310980e-03 7.383329e-03 1.959718e-02 1.763951e-02 6.840344e-03 3.656973e-03 2.076155e-03 1.527512e-02 2.265570e-02 2.360325e-02 1.543377e-02 2.372126e-02 1.038754e-02 1.280451e-02 4.043836e-03 1.107814e-02 2.183038e-02 6.537405e-03 1.224046e-02 1.517029e-02 5.653745e-03 7.122327e-03 3.966168e-03 5.331889e-03 1.872056e-02 1.406867e-02 9.865014e-03 2.283277e-02 8.181199e-03 1.436631e-02 1.268420e-02 1.654706e-02 1.133338e-02 5.280733e-03 1.277336e-02 1.231452e-02 8.163190e-03 1.109822e-02 5.519642e-03 2.005360e-02 1.566163e-02 1.952413e-02 2.250014e-02 5.826905e-03 1.665348e-02 1.590356e-02 3.431144e-02 9.936051e-03 6.403292e-03 1.008565e-02 1.303083e-02 9.487987e-03 4.991880e-03 1.604103e-02 1.894870e-02 3.846908e-03 1.960006e-02 8.345658e-03 1.597234e-02 8.757185e-03
<GCONST> -3.857035e+02
<STATE> 3
<MEAN> 142
 5.732763e-01 3.404517e-01 3.963277e-01 4.235339e-01 2.980400e-01 3.445771e-01 3.978991e-01 3.858121e-01 3.438041e-01 3.759238e-01 4.319611e-01 3.813290e-01 3.946942e-01 4.434626e-01 3.327782e-01 4.108748e-01 3.573865e-01 3.471959e-01 3.064241e-01 3.489504e-01 4.710384e-01 4.595390e-01 4.033613e-01 4.375687e-01 4.503357e-01 4.380828e-01 4.438245e-01 4.599947e-01 3.400061e-01 3.518727e-01 4.467317e-01 4.385642e-01 5.258555e-01 4.732938e-01 4.136710e-01 3.838766e-01 3.899412e-01 3.231158e-01 2.647450e-01 4.431441e-01 3.044815e-01 4.091924e-01 3.223498e-01 2.830585e-01 3.354001e-01 4.058838e-01 4.524803e-01 3.821900e-01 4.018108e-01 3.154069e-01 4.743473e-01 3.548006e-01 4.115429e-01 3.215748e-01 4.577285e-01 3.475781e-01 2.714243e-01 3.080965e-01 2.600027e-01 4.050642e-01 4.765584e-01 5.339391e-01 4.112236e-01 4.429624e-01 4.058851e-01 5.521424e-01 3.307716e-01 3.984725e-01 4.409473e-01 3.149739e-01 5.040705e-01 4.047724e-01 3.827645e-01 4.203292e-01 3.397196e-01 3.723966e-01 4.894638e-01 4.568177e-01 4.020918e-01 4.881235e-01 4.119750e-01 3.166156e-01 3.031101e-01 3.863629e-01 4.260047e-01 4.782987e-01 4.415194e-01 4.033293e-01 4.248132e-01 3.410429e-01 2.674074e-01 3.994053e-01 4.179409e-01 3.387077e-01 4.562162e-01 3.899607e-01 4.358035e-01 3.197494e-01 4.043549e-01 4.823475e-01 3.758146e-01 4.665676e-01 4.013444e-01 3.037696e-01 3.453123e-01 2.733060e-01 3.163810e-01 3.470041e-01 4.051441e-01 4.058146e-01 3.378168e-01 2.679257e-01 4.758427e-01 2.944433e-01 4.016065e-01 4.454150e-01 3.001190e-01 4.644628e-01 4.053680e-01 3.688682e-01 3.799679e-01 4.582584e-01 4.559277e-01 3.185339e-01 3.553813e-01 4.222607e-01 3.496063e-01 2.779186e-01 3.455253e-01 3.673275e-01 4.832844e-01 3.750000e-01 3.485249e-01 3.918479e-01 3.294524e-01 4.007653e-01 4.573400e-01 4.552804e-01 3.970132e-01 3.680756e-01 4.857316e-01 4.655178e-01
<VARIANCE> 142
 1.074409e-02 3.470908e-03 1.401747e-02 1.367792e-02 2.887272e-02 8.574313e-03 1.605934e-02 1.930012e-02 1.116755e-02 2.656566e-03 1.132254e-02 7.262527e-03 1.576303e-02 2.306370e-02 2.172876e-03 1.765338e-02 5.839494e-03 2.516253e-03 6.582554e-03 7.828902e-03 1.337447e-02 1.277999e-02 3.741702e-03 9.158392e-03 3.994661e-03 1.613853e-02 2.106022e-03 6.323706e-03 4.828773e-03 5.481724e-03 1.455846e-03 2.009442e-02 2.425376e-02 1.505207e-02 5.446674e-03 2.732357e-02 4.792017e-03 2.063544e-02 3.975476e-03 1.845929e-02 7.462083e-03 4.694968e-03 1.140058e-02 9.711489e-03 1.513107e-02 4.177259e-03 1.567923e-02 7.091385e-03 1.107511e-02 8.462071e-03 1.410915e-02 4.719669e-03 1.768204e-02 4.528677e-03 8.647093e-03 4.477764e-03 1.580434e-02 2.585350e-03 4.211789e-03 3.594051e-02 9.689510e-03 2.392167e-02 2.521867e-02 1.606189e-02 1.827762e-02 2.978107e-02 1.171121e-02 1.904573e-02 6.204023e-03 1.009465e-02 3.747072e-03 2.417638e-03 3.216406e-03 1.878628e-03 7.258916e-03 8.578247e-03 2.846475e-03 7.247048e-03 4.534034e-03 1.860633e-02 2.821906e-03 3.255429e-03 4.024227e-03 1.217467e-02 6.262231e-03 1.532958e-02 4.790029e-03 5.890505e-03 7.230963e-03 8.799532e-03 8.901543e-03 2.060430e-02 5.571030e-03 1.915374e-02 6.608918e-03 6.074056e-03 6.680710e-03 1.545626e-02 5.809314e-03 6.421612e-03 4.464388e-03 1.134950e-02 3.683592e-03 2.215329e-03 1.111789e-03 5.207901e-03 1.890864e-02 8.109818e-03 1.808258e-02 1.529025e-02 8.795192e-03 4.552259e-03 2.724621e-02 8.609369e-03 1.396597e-02 2.966642e-03 3.180042e-03 2.210722e-03 4.154981e-03 2.400499e-03 3.496929e-03 1.570169e-02 6.834866e-03 5.980569e-03 1.536362e-02 6.472583e-03 1.166934e-02 7.795526e-03 1.400911e-02 4.085005e-03 1.226435e-02 7.373751e-03 8.126522e-03 1.051984e-02 2.634440e-03 7.236496e-03 1.238121e-02 6.354084e-03 1.490533e-02 9.329862e-03 2.525748e-02 5.153426e-03
<GCONST> -4.259356e+02
<TRANSP> 4
 0.000000e+00 1.000000e+00 0.000000e+00 0.000000e+00
 0.000000e+00 5.000000e-01 5.000000e-01 0.000000e+00
 0.000000e+00 0.000000e+00 5.000000e-01 5.000000e-01
 0.000000e+00 0.000000e+00 0.000000e+00 0.000000e+00
<ENDHMM>
