~o
<STREAMINFO> 1 142
<VECSIZE> 142<NULLD><USER><DIAGC>
~h "stupid"
<BEGINHMM>
<NUMSTATES> 4
<STATE> 2
<MEAN> 142
 6.295161e-01 3.395278e-01 4.007913e-01 3.448032e-01 2.982447e-01 4.541367e-01 3.990203e-01 3.772964e-01 3.959459e-01 4.073434e-01 5.198247e-01 3.861230e-01 4.266953e-01 5.280724e-01 3.122089e-01 3.384234e-01 3.691051e-01 3.839600e-01 4.272094e-01 4.241467e-01 5.410479e-01 5.044807e-01 4.566306e-01 4.424259e-01 5.079699e-01 4.435138e-01 4.774953e-01 3.185780e-01 4.047087e-01 3.540989e-01 4.868107e-01 4.136072e-01 3.657825e-01 5.018076e-01 4.085869e-01 3.633418e-01 3.529624e-01 3.929983e-01 3.804823e-01 3.648550e-01 3.776000e-01 4.353335e-01 3.484080e-01 4.034219e-01 2.011866e-01 3.412610e-01 4.456877e-01 4.593081e-01 4.726233e-01 3.900800e-01 4.852223e-01 4.442583e-01 4.218732e-01 2.890667e-01 3.772455e-01 3.896282e-01 5.060015e-01 4.521617e-01 4.406328e-01 3.846736e-01 4.336764e-01 4.515675e-01 4.107445e-01 4.296849e-01 3.870818e-01 4.332397e-01 4.014211e-01 4.846683e-01 4.214451e-01 4.019919e-01 4.879804e-01 4.184842e-01 4.087083e-01 3.956454e-01 3.868070e-01 3.941088e-01 4.293492e-01 3.741105e-01 5.179090e-01 4.776934e-01 4.175095e-01 3.607650e-01 3.827274e-01 4.639933e-01 3.605199e-01 3.939686e-01 3.734332e-01 4.229843e-01 5.167527e-01 3.521475e-01 3.237914e-01 3.112549e-01 3.793668e-01 3.580059e-01 4.088677e-01 4.355600e-01 3.904378e-01 3.537911e-01 4.221261e-01 5.032976e-01 4.031714e-01 5.006311e-01 3.509992e-01 3.619592e-01 3.977218e-01 3.597722e-01 4.221094e-01 3.824447e-01 4.651209e-01 4.880911e-01 3.956348e-01 3.502225e-01 2.993446e-01 3.434192e-01 3.582916e-01 4.085596e-01 3.848265e-01 4.253079e-01 4.170078e-01 4.519871e-01 4.366204e-01 4.332681e-01 4.240492e-01 3.606125e-01 4.981530e-01 3.545197e-01 3.443095e-01 3.708201e-01 3.573293e-01 5.039920e-01 4.066173e-01 3.388033e-01 3.807465e-01 4.471369e-01 3.190365e-01 3.877675e-01 4.221097e-01 4.060642e-01 3.838969e-01 3.825279e-01 4.071855e-01 4.196059e-01
<VARIANCE> 142
 3.262599e-02 1.139431e-02 1.141608e-02 1.084828e-02 1.030130e-02 3.478080e-02 8.295564e-03 1.124793e-02 8.993912e-03 2.857656e-03 2.162004e-02 7.290306e-03 5.418031e-03 2.626938e-02 1.251894e-02 7.523156e-03 9.374857e-03 1.557956e-02 2.353236e-02 9.875569e-03 2.079607e-02 1.436078e-02 8.934697e-03 1.162348e-02 8.144772e-03 9.774829e-03 1.499180e-02 9.390584e-03 6.201454e-03 7.030763e-03 3.094013e-03 1.563301e-02 2.021835e-02 5.544707e-03 1.000000e-03 1.092540e-02 2.290363e-02 1.765356e-02 1.395630e-02 2.212443e-02 4.986156e-03 9.119948e-03 9.528955e-03 1.206209e-02 3.512873e-03 1.332306e-02 9.786655e-03 1.126414e-02 2.376964e-02 8.861628e-03 3.803833e-03 1.438373e-02 5.185201e-03 6.305294e-03 1.700656e-02 7.890628e-03 2.284688e-02 2.622602e-02 1.384312e-02 2.310421e-02 1.157700e-02 1.536041e-02 7.928397e-03 3.350519e-03 8.790527e-03 9.016636e-03 1.974553e-02 3.018411e-02 8.482446e-03 3.839879e-03 2.773119e-03 1.768758e-02 5.013314e-03 9.045324e-03 8.087946e-03 4.642756e-03 7.121180e-03 1.564211e-02 6.560353e-03 1.649712e-02 5.900416e-03 3.890001e-03 5.491490e-03 7.899884e-03 7.807697e-03 1.566534e-02 6.259509e-03 4.487083e-03 5.887751e-03 7.610554e-03 6.449912e-03 9.835349e-03 9.644273e-03 4.662985e-03 8.500166e-03 4.606934e-03 4.310412e-03 1.308663e-02 1.088986e-02 6.663249e-03 4.827322e-03 1.230783e-02 6.606816e-03 6.291336e-03 3.122058e-02 9.392964e-03 4.996927e-03 7.153856e-03 2.481633e-02 3.823407e-02 5.269378e-03 5.671188e-03 2.928928e-03 1.206407e-02 1.202650e-02 5.839356e-03 5.648619e-03 5.625561e-03 4.301545e-03 1.416624e-02 2.510255e-03 1.838354e-02 1.087280e-02 1.841305e-02 2.046971e-02 6.800998e-03 8.826715e-03 6.996042e-03 9.252471e-03 2.110134e-02 1.114700e-02 1.349171e-02 2.100255e-02 6.776718e-03 7.591487e-03 7.888319e-03 9.374329e-03 9.137691e-03 2.799424e-02 8.611810e-03 1.813866e-02 4.738315e-03
<GCONST> -4.004974e+02
<STATE> 3
<MEAN> 142
 5.342531e-01 3.859738e-01 3.331962e-01 2.945562e-01 3.038068e-01 3.589079e-01 3.286424e-01 2.967690e-01 4.424348e-01 4.194532e-01 4.597750e-01 5.098250e-01 4.615128e-01 4.944121e-01 3.853194e-01 2.924142e-01 3.599875e-01 4.694981e-01 3.003439e-01 3.589036e-01 3.650696e-01 3.605170e-01 3.435110e-01 3.934345e-01 4.545204e-01 4.342034e-01 3.578846e-01 4.371225e-01 4.269533e-01 4.860485e-01 4.388213e-01 3.898528e-01 3.361219e-01 4.163212e-01 4.514414e-01 3.609430e-01 3.474678e-01 4.589895e-01 3.733922e-01 3.841241e-01 4.867993e-01 4.377886e-01 3.819856e-01 3.000555e-01 2.525892e-01 4.172574e-01 4.079606e-01 4.297241e-01 3.749054e-01 3.897384e-01 4.928287e-01 4.438285e-01 4.580533e-01 3.662278e-01 4.533659e-01 3.886805e-01 3.738349e-01 2.942555e-01 3.599397e-01 3.128338e-01 4.230914e-01 4.041589e-01 4.330193e-01 4.621119e-01 5.504125e-01 3.748515e-01 4.645544e-01 3.439043e-01 3.920108e-01 4.922560e-01 4.535072e-01 4.381745e-01 3.947738e-01 4.081120e-01 3.249296e-01 4.376060e-01 4.218801e-01 4.048049e-01 4.322760e-01 3.241536e-01 5.609691e-01 3.927510e-01 4.311315e-01 3.962975e-01 3.755824e-01 3.940379e-01 4.613309e-01 5.023937e-01 4.796953e-01 3.826138e-01 4.382431e-01 3.567857e-01 5.136954e-01 4.221171e-01 4.053279e-01 5.235316e-01 4.571052e-01 4.886348e-01 4.356796e-01 4.381928e-01 4.078297e-01 3.935932e-01 4.034750e-01 4.702286e-01 3.077649e-01 2.899286e-01 4.315926e-01 4.523165e-01 4.434305e-01 3.266134e-01 4.354974e-01 4.099136e-01 3.055924e-01 3.037564e-01 3.776487e-01 5.262720e-01 4.036734e-01 3.603405e-01 4.858054e-01 3.770280e-01 4.374270e-01 4.314668e-01 3.975078e-01 4.678610e-01 3.267601e-01 3.554310e-01 4.676742e-01 5.078586e-01 4.837746e-01 3.417051e-01 3.841136e-01 4.535866e-01 5.152947e-01 4.619482e-01 4.156600e-01 4.058014e-01 4.073563e-01 4.338472e-01 4.131351e-01 3.483221e-01 4.016369e-01 4.380541e-01
<VARIANCE> 142
 1.305226e-02 8.044855e-03 6.278816e-03 4.447020e-03 4.591679e-03 2.117874e-02 7.613864e-03 2.270398e-02 1.721330e-02 5.634647e-03 2.076785e-02 8.731340e-03 1.977024e-02 1.237921e-02 1.320652e-02 1.924572e-02 7.628763e-03 2.191064e-02 1.321245e-02 1.732941e-02 1.316577e-02 1.483246e-02 7.630464e-03 6.630680e-03 3.595572e-03 2.141389e-02 1.100463e-02 1.187050e-02 6.152826e-03 7.752730e-03 1.588375e-03 5.579312e-03 1.727307e-02 1.229401e-02 4.371004e-03 2.011275e-02 6.540611e-03 3.211927e-02 9.418977e-03 3.182796e-02 1.766778e-02 4.434112e-03 1.489870e-02 1.530793e-02 7.633203e-03 8.886280e-03 1.054575e-02 2.821211e-02 1.158671e-02 1.171747e-02 4.027965e-03 3.968978e-02 1.266509e-02 7.638538e-03 1.109542e-02 8.455176e-03 1.108717e-02 1.083957e-02 8.447430e-03 1.258008e-02 2.672631e-02 5.947308e-03 6.276435e-03 6.046680e-03 2.795444e-02 5.993703e-03 3.637117e-02 1.169786e-02 4.461089e-03 1.854335e-02 5.337862e-03 2.275762e-02 5.961052e-03 4.288351e-03 1.694091e-02 2.430078e-02 1.061836e-02 2.635940e-02 5.693400e-03 7.496726e-03 1.404586e-02 7.588297e-03 2.199472e-02 4.473598e-03 7.300591e-03 1.787648e-02 2.152646e-02 7.649224e-03 3.867761e-03 9.327844e-03 1.241997e-02 2.098832e-02 1.858710e-02 1.554908e-02 1.903928e-02 1.440641e-02 6.829729e-03 2.998433e-02 1.643933e-02 9.748572e-03 7.524625e-03 9.285533e-03 9.888364e-03 1.641406e-02 1.201654e-02 8.034099e-03 1.487345e-02 1.440188e-02 1.591556e-02 1.213861e-02 7.372719e-03 7.016876e-03 8.072928e-03 8.224179e-03 2.679687e-03 2.095022e-02 2.462481e-02 1.411246e-02 7.864792e-03 8.972730e-03 6.985124e-03 5.124528e-03 1.438547e-02 4.238795e-02 1.075990e-02 2.880428e-03 1.208336e-02 3.566936e-02 2.040227e-02 8.237734e-03 2.336033e-02 1.393355e-02 1.972149e-02 2.247659e-02 1.538425e-02 8.637252e-03 1.156322e-02 9.503264e-03 3.969276e-02 8.561696e-03 6.734527e-03 1.205407e-02
<GCONST> -3.763128e+02
<TRANSP> 4
 0.000000e+00 1.000000e+00 0.000000e+00 0.000000e+00
 0.000000e+00 5.000000e-01 5.000000e-01 0.000000e+00
 0.000000e+00 0.000000e+00 5.000000e-01 5.000000e-01
 0.000000e+00 0.000000e+00 0.000000e+00 0.000000e+00
<ENDHMM>
