~o
<STREAMINFO> 1 142
<VECSIZE> 142<NULLD><USER><DIAGC>
~h "suspect"
<BEGINHMM>
<NUMSTATES> 4
<STATE> 2
<MEAN> 142
 6.089303e-01 4.033872e-01 3.365184e-01 3.809440e-01 3.594357e-01 3.201551e-01 3.333844e-01 3.261521e-01 3.340104e-01 4.316254e-01 4.467580e-01 4.063747e-01 2.976032e-01 4.692717e-01 3.802556e-01 3.248217e-01 3.564518e-01 3.628929e-01 2.676926e-01 3.469818e-01 4.832499e-01 4.965887e-01 3.588349e-01 4.593918e-01 4.866531e-01 3.342997e-01 3.981114e-01 3.453204e-01 4.504536e-01 3.507891e-01 4.567411e-01 4.478910e-01 3.720329e-01 4.665040e-01 4.514392e-01 4.062391e-01 3.986766e-01 3.376093e-01 4.385556e-01 2.775617e-01 3.724378e-01 4.740554e-01 2.913157e-01 3.534381e-01 1.475684e-01 3.583539e-01 4.821014e-01 4.396874e-01 4.479614e-01 3.249514e-01 4.721592e-01 3.570776e-01 4.291179e-01 2.353114e-01 4.534539e-01 3.927747e-01 4.627566e-01 3.580075e-01 3.343044e-01 2.846057e-01 3.618478e-01 4.311002e-01 4.157016e-01 3.840315e-01 3.659306e-01 4.229700e-01 3.268370e-01 3.825833e-01 3.981395e-01 3.859732e-01 4.387138e-01 3.863780e-01 4.173868e-01 3.681043e-01 2.581278e-01 2.804403e-01 4.692954e-01 5.638048e-01 4.933932e-01 4.586992e-01 4.633484e-01 4.684791e-01 3.948689e-01 4.669372e-01 2.577972e-01 3.987144e-01 3.924102e-01 4.346265e-01 4.878435e-01 3.436334e-01 3.487111e-01 2.958950e-01 3.852033e-01 3.239236e-01 4.615982e-01 4.861306e-01 4.366624e-01 3.011095e-01 5.275678e-01 4.073112e-01 4.107205e-01 5.002111e-01 3.119645e-01 3.537724e-01 3.549891e-01 3.470461e-01 3.601680e-01 3.911658e-01 3.825130e-01 3.859499e-01 3.520105e-01 3.424424e-01 3.281432e-01 4.448247e-01 3.377942e-01 3.507966e-01 3.313610e-01 4.575020e-01 4.478630e-01 4.689724e-01 4.972998e-01 4.738080e-01 4.791548e-01 3.365876e-01 3.933820e-01 4.362095e-01 3.793815e-01 3.650257e-01 3.183150e-01 4.151410e-01 3.840013e-01 4.652317e-01 3.246086e-01 3.917397e-01 4.480825e-01 4.814519e-01 3.579146e-01 4.625507e-01 3.875045e-01 4.629390e-01 5.046631e-01 4.143561e-01
<VARIANCE> 142
 4.316506e-02 3.407868e-03 1.298073e-02 2.491330e-03 1.579054e-02 4.007290e-02 6.486638e-03 1.145088e-02 4.124926e-03 1.096882e-02 1.813007e-02 3.141039e-03 7.075777e-03 1.603142e-02 1.014199e-02 8.468359e-03 4.443069e-03 3.802958e-03 2.232239e-02 1.462934e-02 2.306486e-02 1.066481e-02 1.804451e-02 4.506121e-03 1.090689e-02 4.121328e-03 1.506846e-02 8.956486e-03 1.544937e-02 6.878415e-03 7.668184e-03 2.654565e-03 2.260735e-02 1.423133e-02 3.165839e-03 6.662927e-03 1.517258e-02 8.537154e-03 2.368435e-02 9.367768e-03 2.114378e-02 9.846856e-03 3.709437e-03 1.413417e-02 7.429134e-03 6.008131e-03 3.553192e-03 9.274651e-03 7.407541e-03 9.104214e-03 4.147163e-03 4.024070e-03 4.125487e-03 1.599864e-03 5.453354e-03 1.196655e-02 4.608399e-02 2.142634e-02 1.955245e-02 1.245337e-02 1.623069e-02 2.878207e-03 5.460802e-03 1.223881e-03 4.575741e-03 5.554757e-03 1.232373e-02 2.256672e-02 3.091121e-03 8.194741e-03 4.861175e-03 3.186071e-02 1.230429e-03 4.798336e-03 2.698627e-02 3.137544e-03 2.952229e-03 2.131690e-02 8.070557e-03 2.093311e-02 7.538660e-03 9.191423e-03 3.688447e-03 1.334656e-02 5.014692e-03 1.854292e-02 5.034184e-03 3.856715e-03 4.125203e-03 1.962596e-02 4.299639e-03 2.389549e-02 3.800758e-03 2.507490e-03 1.569873e-03 3.122870e-03 2.787845e-03 7.840305e-03 3.487362e-02 4.274540e-03 6.499163e-03 4.450197e-03 2.626315e-03 1.224283e-02 2.757857e-02 9.148217e-03 4.419242e-03 1.466621e-02 1.391615e-02 1.239963e-02 3.939820e-03 8.186586e-03 1.285329e-02 2.131702e-02 5.894095e-03 4.446432e-03 4.892835e-03 5.723574e-03 3.351414e-03 1.202539e-02 2.560994e-03 2.326507e-03 3.685452e-03 2.461611e-02 2.799289e-02 3.411433e-03 2.766879e-03 1.642531e-02 5.333751e-03 2.759061e-02 7.060981e-03 9.840100e-03 1.834991e-02 1.041519e-02 2.605386e-02 9.456390e-03 7.411774e-03 1.503733e-02 9.083042e-03 1.236938e-02 4.664574e-03 6.552915e-03
<GCONST> -4.240421e+02
<STATE> 3
<MEAN> 142
 5.548688e-01 3.813153e-01 3.429804e-01 3.799215e-01 3.593242e-01 2.981986e-01 4.499011e-01 3.347532e-01 3.495613e-01 4.048473e-01 3.997718e-01 4.318443e-01 4.218430e-01 3.911538e-01 3.384486e-01 3.792514e-01 4.158591e-01 4.074892e-01 2.955215e-01 3.961995e-01 4.294912e-01 4.705662e-01 3.960989e-01 4.494736e-01 4.620788e-01 4.154021e-01 3.390577e-01 3.683616e-01 4.680408e-01 4.096296e-01 4.841624e-01 4.258623e-01 4.382181e-01 4.714849e-01 4.231481e-01 3.952438e-01 3.063858e-01 3.976068e-01 3.860450e-01 3.660347e-01 4.293247e-01 4.329010e-01 3.328981e-01 3.309263e-01 2.682465e-01 3.674800e-01 4.228306e-01 4.144171e-01 3.986670e-01 3.287065e-01 4.789389e-01 3.987703e-01 4.063486e-01 2.993356e-01 4.721787e-01 3.849340e-01 3.480808e-01 2.893282e-01 3.331772e-01 2.956200e-01 4.791548e-01 4.468028e-01 3.899601e-01 3.952060e-01 3.924664e-01 4.667003e-01 3.767638e-01 3.784699e-01 4.328187e-01 4.036086e-01 4.682546e-01 4.486978e-01 4.053861e-01 3.958910e-01 3.420492e-01 3.786599e-01 4.573820e-01 4.541433e-01 4.789948e-01 4.236893e-01 4.619332e-01 4.061520e-01 4.433679e-01 4.187144e-01 3.128910e-01 4.498877e-01 3.958479e-01 4.269670e-01 4.331573e-01 3.708756e-01 3.865855e-01 3.806936e-01 4.220777e-01 3.447777e-01 4.815321e-01 4.997035e-01 4.724862e-01 3.695052e-01 5.181887e-01 4.497649e-01 4.261366e-01 4.846643e-01 3.666469e-01 4.506168e-01 2.809636e-01 3.361566e-01 4.128141e-01 4.104848e-01 3.679653e-01 3.702898e-01 3.831556e-01 3.504016e-01 3.441550e-01 3.596115e-01 3.804041e-01 4.090982e-01 3.194456e-01 4.673077e-01 4.494879e-01 4.320656e-01 4.641484e-01 5.098419e-01 4.810298e-01 3.597374e-01 3.910364e-01 4.100223e-01 4.167150e-01 3.762637e-01 3.580295e-01 3.809353e-01 4.035754e-01 4.303910e-01 3.764139e-01 4.091122e-01 4.222159e-01 4.136589e-01 4.420108e-01 4.094132e-01 4.351677e-01 3.805409e-01 4.938008e-01 4.201508e-01
<VARIANCE> 142
 3.811929e-02 2.592424e-03 3.181479e-02 1.710840e-02 1.668917e-02 2.188165e-02 1.649067e-02 1.275337e-02 2.168716e-02 1.136753e-02 6.577746e-03 6.588978e-03 1.612468e-02 4.962233e-03 1.130725e-02 1.927017e-02 4.254320e-03 6.886169e-03 1.824093e-02 2.749388e-02 1.026514e-02 7.313036e-03 1.503754e-02 4.029629e-03 3.858854e-03 1.514084e-02 5.124084e-03 3.775248e-03 3.982007e-03 1.049063e-02 2.807982e-03 7.033306e-03 3.091429e-02 5.954780e-03 2.326857e-03 6.584276e-03 8.108418e-03 3.398260e-02 1.758102e-02 3.277852e-02 1.038501e-02 4.525064e-03 1.029815e-02 1.275013e-02 2.314739e-02 7.165792e-03 3.920778e-03 1.642727e-02 3.726592e-03 4.555887e-03 1.810815e-03 3.236969e-02 1.205463e-02 1.010130e-02 7.114170e-03 9.011763e-03 1.121321e-02 1.191592e-02 4.011101e-03 1.585948e-02 2.243732e-02 2.859838e-03 8.692754e-03 1.079735e-02 1.668175e-02 1.340228e-02 3.442843e-02 2.361978e-02 7.916928e-03 2.341396e-02 6.395082e-03 2.298977e-02 1.070698e-03 4.170752e-03 2.250963e-02 1.035957e-02 1.177622e-02 3.571243e-02 1.485559e-02 7.595515e-03 3.976400e-03 9.681244e-03 1.635779e-02 1.733118e-02 1.785931e-02 3.041296e-02 1.407480e-02 4.061062e-03 2.923307e-03 9.433289e-03 1.762705e-02 3.496261e-02 2.881388e-03 8.552166e-03 8.570260e-03 2.489334e-03 4.702793e-03 1.246940e-02 1.470660e-02 9.856473e-03 7.519955e-03 5.487519e-03 7.671260e-03 2.048264e-02 5.979355e-03 8.170307e-03 1.980797e-02 1.836469e-02 3.453842e-03 1.797989e-02 1.053458e-02 6.999161e-03 1.965472e-02 6.189044e-03 4.673978e-03 6.099899e-03 3.463724e-03 1.221737e-02 3.707857e-03 1.453238e-02 5.608923e-03 7.329504e-03 5.689731e-03 2.037395e-02 2.261111e-02 2.755455e-03 1.461557e-03 7.275100e-03 1.795342e-02 1.160873e-02 2.133937e-02 3.729444e-03 1.248548e-02 1.243564e-02 1.095973e-02 1.344055e-02 2.685390e-02 6.931755e-03 3.870410e-02 4.001642e-03 5.572572e-03 6.451399e-03
<GCONST> -3.992550e+02
<TRANSP> 4
 0.000000e+00 1.000000e+00 0.000000e+00 0.000000e+00
 0.000000e+00 5.000000e-01 5.000000e-01 0.000000e+00
 0.000000e+00 0.000000e+00 5.000000e-01 5.000000e-01
 0.000000e+00 0.000000e+00 0.000000e+00 0.000000e+00
<ENDHMM>
