~o
<STREAMINFO> 1 142
<VECSIZE> 142<NULLD><USER><DIAGC>
~h "sweet"
<BEGINHMM>
<NUMSTATES> 4
<STATE> 2
<MEAN> 142
 5.884956e-01 3.191042e-01 3.717003e-01 3.241442e-01 3.105940e-01 4.160160e-01 3.269261e-01 3.242669e-01 4.480060e-01 4.080640e-01 4.511648e-01 4.769832e-01 4.519543e-01 4.848377e-01 2.759506e-01 3.190435e-01 3.061699e-01 3.895144e-01 4.590383e-01 5.348755e-01 4.280259e-01 3.665546e-01 4.792691e-01 3.714396e-01 4.982479e-01 4.927525e-01 3.658074e-01 3.627398e-01 3.702305e-01 4.294248e-01 4.380632e-01 4.034728e-01 3.697232e-01 4.272551e-01 4.169198e-01 3.604415e-01 2.975051e-01 4.547671e-01 3.472238e-01 3.759356e-01 4.228906e-01 3.803668e-01 4.205392e-01 3.962698e-01 2.322790e-01 3.879042e-01 3.770033e-01 4.246227e-01 3.112875e-01 3.977620e-01 5.237252e-01 5.546639e-01 4.907845e-01 3.574151e-01 4.268404e-01 3.807257e-01 4.291466e-01 4.089147e-01 4.054077e-01 3.067391e-01 4.095641e-01 4.653795e-01 4.501224e-01 4.467350e-01 4.995881e-01 3.671741e-01 5.091173e-01 4.043445e-01 4.592229e-01 4.464818e-01 5.012844e-01 5.022428e-01 3.560513e-01 4.558997e-01 4.217355e-01 4.548343e-01 4.753833e-01 3.908499e-01 5.174102e-01 3.806978e-01 4.948899e-01 3.148177e-01 3.813231e-01 3.665484e-01 3.648080e-01 3.513603e-01 4.285468e-01 4.647276e-01 4.517978e-01 3.271789e-01 4.287835e-01 2.800651e-01 4.763225e-01 4.050046e-01 3.852153e-01 5.731928e-01 4.283734e-01 4.726111e-01 4.301353e-01 5.391721e-01 4.640572e-01 4.049085e-01 4.183657e-01 4.396810e-01 2.599981e-01 3.093387e-01 4.720105e-01 4.348977e-01 3.827037e-01 3.196035e-01 4.249184e-01 3.718702e-01 3.826600e-01 3.159361e-01 3.632109e-01 4.431383e-01 4.235887e-01 3.859967e-01 4.602292e-01 4.315745e-01 4.104484e-01 4.117261e-01 4.392447e-01 3.585927e-01 4.073293e-01 3.402483e-01 4.563284e-01 4.813795e-01 4.544699e-01 4.680748e-01 4.239792e-01 3.691419e-01 5.022085e-01 5.503630e-01 3.547117e-01 3.911912e-01 3.489968e-01 3.906555e-01 3.985903e-01 3.295708e-01 4.081712e-01 4.498589e-01
<VARIANCE> 142
 3.035809e-02 5.593581e-03 1.166150e-02 5.222887e-03 1.398761e-02 1.734828e-02 1.075761e-02 3.552619e-03 2.193872e-02 6.344677e-03 1.450707e-02 1.344019e-02 7.555631e-03 8.438398e-03 1.459006e-02 6.870688e-03 2.382261e-03 3.739072e-03 1.788202e-02 1.380727e-02 1.195557e-02 1.300410e-02 1.490407e-02 5.444646e-03 2.954275e-03 6.763248e-03 3.968867e-03 2.486932e-03 8.804293e-03 7.992467e-03 1.793939e-03 5.260500e-03 1.681671e-02 1.025166e-02 2.572762e-03 9.035395e-03 1.463354e-02 3.249250e-02 1.711051e-02 1.143198e-02 1.691633e-02 2.691807e-03 1.527052e-02 1.959135e-02 7.759419e-03 1.969662e-02 2.632410e-03 1.188357e-02 6.289358e-03 1.473245e-02 7.371319e-03 3.507606e-02 6.162690e-03 6.565948e-03 1.397813e-02 4.496095e-03 5.746588e-03 6.070730e-03 1.162894e-02 8.964630e-03 6.234196e-03 3.913158e-03 8.139821e-03 8.833282e-03 2.108639e-02 8.416204e-03 3.713453e-02 6.992201e-03 7.377065e-03 1.827395e-02 1.422811e-03 1.367190e-02 8.820678e-03 2.043751e-03 4.630855e-03 1.058901e-02 5.460128e-03 1.160086e-02 8.389845e-03 1.299354e-02 5.407315e-03 1.000000e-03 3.917465e-03 7.357405e-03 7.660893e-03 3.583386e-02 5.790198e-03 4.968279e-03 2.666304e-03 4.021509e-03 9.079528e-03 9.720707e-03 2.071686e-02 4.937432e-03 1.036597e-02 4.331184e-03 6.862912e-03 1.573559e-02 1.354696e-02 2.168076e-02 1.168845e-02 1.182101e-02 1.138596e-02 2.447833e-02 4.777118e-03 1.186939e-02 1.779503e-02 2.351576e-02 6.960267e-03 5.381922e-03 8.780301e-03 1.722160e-03 1.157371e-02 1.038439e-02 5.706770e-03 2.163246e-03 6.830423e-03 2.813488e-03 1.000000e-03 1.095480e-02 4.532932e-03 9.677841e-03 9.751858e-03 2.286069e-02 8.558695e-03 3.239215e-03 8.577174e-03 2.228492e-02 8.282268e-03 5.981863e-03 8.000623e-03 6.100669e-03 5.548904e-03 1.537123e-02 1.194570e-02 7.351426e-03 9.466572e-03 4.043103e-03 2.154466e-02 3.279534e-03 1.133355e-02 8.817226e-03
<GCONST> -4.218150e+02
<STATE> 3
<MEAN> 142
 4.693668e-01 3.493246e-01 4.567966e-01 4.478146e-01 3.862469e-01 3.300972e-01 4.632613e-01 4.069749e-01 4.069482e-01 4.226571e-01 4.642046e-01 4.431463e-01 3.994616e-01 4.213121e-01 3.862830e-01 4.994329e-01 4.180180e-01 3.066445e-01 3.352344e-01 3.812978e-01 5.549733e-01 5.439071e-01 4.033809e-01 5.099234e-01 4.828554e-01 4.791720e-01 4.042590e-01 3.742163e-01 3.576578e-01 4.203602e-01 4.564314e-01 4.773923e-01 5.325747e-01 5.523148e-01 3.986844e-01 5.126774e-01 4.262540e-01 2.942142e-01 3.768517e-01 5.476148e-01 3.343990e-01 4.286027e-01 3.948068e-01 3.295926e-01 3.214379e-01 4.198371e-01 4.758049e-01 4.599178e-01 4.644960e-01 3.239907e-01 5.278863e-01 3.817743e-01 4.597100e-01 3.227898e-01 4.685126e-01 4.006651e-01 3.097384e-01 3.705478e-01 2.793593e-01 4.356558e-01 4.745727e-01 5.611292e-01 4.040936e-01 4.211260e-01 4.084829e-01 5.870316e-01 3.619467e-01 4.489342e-01 4.681323e-01 3.558342e-01 4.920474e-01 4.005722e-01 3.689237e-01 4.745244e-01 3.373239e-01 3.795433e-01 4.935474e-01 4.896783e-01 4.398005e-01 5.700775e-01 4.267494e-01 3.207537e-01 3.347417e-01 3.924503e-01 4.508864e-01 4.922439e-01 4.445133e-01 4.105354e-01 4.362834e-01 3.701340e-01 3.313785e-01 3.681281e-01 4.127654e-01 3.218935e-01 4.700912e-01 4.302987e-01 4.791073e-01 2.783583e-01 4.467002e-01 5.458828e-01 3.695998e-01 5.170742e-01 4.156273e-01 3.650561e-01 3.567695e-01 3.117090e-01 2.871968e-01 3.724798e-01 3.432360e-01 4.660589e-01 3.668162e-01 3.301344e-01 5.380749e-01 3.977541e-01 4.112344e-01 4.738548e-01 3.617690e-01 4.711561e-01 4.227194e-01 4.091125e-01 4.150468e-01 5.027663e-01 4.830486e-01 3.303107e-01 4.182945e-01 4.188165e-01 3.837263e-01 3.183096e-01 3.690069e-01 4.047932e-01 5.460231e-01 4.227563e-01 3.233541e-01 4.519818e-01 3.842061e-01 4.350220e-01 5.020345e-01 4.749054e-01 5.006561e-01 4.421011e-01 5.105825e-01 4.533343e-01
<VARIANCE> 142
 1.023489e-02 1.000000e-03 1.387078e-02 5.005992e-03 2.188475e-02 1.173160e-02 3.270689e-02 7.876486e-03 1.082376e-02 2.828635e-03 8.469468e-03 8.011785e-03 9.261956e-03 5.030371e-03 6.257552e-03 8.214808e-03 1.559731e-03 1.169382e-03 9.869600e-03 7.551580e-03 1.090466e-02 9.342629e-03 6.081081e-03 7.504883e-03 4.668579e-03 1.088031e-02 2.466474e-03 6.667492e-03 2.846164e-03 5.525541e-03 2.163487e-03 1.561194e-02 1.726641e-02 7.131696e-03 3.154362e-03 2.007902e-02 8.782467e-03 6.694063e-03 1.522735e-02 2.340469e-02 7.521357e-03 3.467076e-03 1.386539e-02 3.419771e-03 2.211628e-02 5.945797e-03 2.976120e-03 4.726666e-03 5.509212e-03 7.519346e-03 1.493977e-02 7.086544e-03 3.195019e-03 7.424733e-03 1.503681e-02 3.150104e-03 1.020105e-02 6.765519e-03 5.561128e-03 1.533584e-02 1.142018e-02 1.640816e-02 1.680953e-02 1.365525e-02 8.605844e-03 1.157065e-02 8.662119e-03 1.240360e-02 3.692269e-03 7.381282e-03 1.000000e-03 2.384296e-03 2.110493e-03 3.814602e-03 2.424871e-03 5.241254e-03 6.234233e-03 2.961065e-03 6.176414e-03 1.338958e-02 3.254458e-03 2.250488e-03 5.485275e-03 2.738550e-03 1.227205e-02 1.386664e-02 1.085713e-03 4.626197e-03 6.633543e-03 1.029454e-02 3.940290e-03 4.973868e-03 8.582555e-03 5.566658e-03 4.934682e-03 5.732122e-03 6.708094e-03 8.544572e-03 6.986379e-03 7.612365e-03 3.219655e-03 3.787633e-03 1.207527e-02 8.175765e-03 7.275593e-03 3.955967e-03 8.920054e-03 2.964412e-03 3.543143e-03 1.053865e-02 3.609204e-03 7.613893e-03 4.668735e-02 1.026947e-02 1.069578e-02 3.813225e-03 9.020141e-03 4.285768e-03 2.064511e-03 2.643101e-03 4.151496e-03 5.852164e-03 6.343177e-03 5.156697e-03 1.245803e-02 2.716962e-03 1.329066e-02 1.104889e-02 4.672063e-03 3.466697e-03 2.179354e-02 2.879165e-03 8.253217e-03 3.169517e-03 4.004437e-03 5.296952e-03 2.045813e-02 1.802772e-03 3.676187e-02 5.334355e-03 1.153587e-02 1.263261e-02
<GCONST> -4.546755e+02
<TRANSP> 4
 0.000000e+00 1.000000e+00 0.000000e+00 0.000000e+00
 0.000000e+00 5.000000e-01 5.000000e-01 0.000000e+00
 0.000000e+00 0.000000e+00 5.000000e-01 5.000000e-01
 0.000000e+00 0.000000e+00 0.000000e+00 0.000000e+00
<ENDHMM>
