~o
<STREAMINFO> 1 142
<VECSIZE> 142<NULLD><USER><DIAGC>
~h "teach"
<BEGINHMM>
<NUMSTATES> 4
<STATE> 2
<MEAN> 142
 5.389830e-01 3.503355e-01 3.292560e-01 3.520881e-01 3.056075e-01 3.243432e-01 3.301608e-01 3.774408e-01 3.468696e-01 4.461988e-01 3.969312e-01 3.994558e-01 3.776956e-01 4.283897e-01 4.347102e-01 3.971007e-01 4.506457e-01 4.032905e-01 3.067290e-01 3.270247e-01 4.235604e-01 4.903545e-01 3.560771e-01 4.464305e-01 4.690470e-01 3.989393e-01 4.086832e-01 3.856148e-01 4.006121e-01 3.932626e-01 4.875556e-01 3.903513e-01 3.405159e-01 5.450758e-01 4.221710e-01 4.753809e-01 4.045234e-01 3.973027e-01 4.136721e-01 3.916624e-01 4.516095e-01 4.859705e-01 3.816848e-01 3.740128e-01 1.991866e-01 3.583331e-01 3.593158e-01 4.291003e-01 4.703641e-01 3.057793e-01 4.442231e-01 4.083330e-01 4.713360e-01 2.961583e-01 3.541810e-01 3.914335e-01 3.932793e-01 3.557736e-01 3.648539e-01 3.374111e-01 4.389359e-01 4.241927e-01 3.657690e-01 4.126586e-01 4.093110e-01 4.163080e-01 4.476533e-01 3.968804e-01 3.775870e-01 4.467316e-01 4.378568e-01 3.559038e-01 4.363493e-01 3.785056e-01 3.191403e-01 3.824999e-01 3.647350e-01 3.093458e-01 4.723766e-01 4.811747e-01 4.556797e-01 4.048767e-01 4.646651e-01 4.261448e-01 3.075612e-01 3.541106e-01 3.406730e-01 3.639887e-01 4.824768e-01 3.888755e-01 3.091167e-01 3.460373e-01 3.940552e-01 3.194793e-01 3.719140e-01 4.111331e-01 4.436773e-01 3.498958e-01 4.604378e-01 4.357164e-01 4.020310e-01 4.304705e-01 3.021253e-01 4.064719e-01 3.373900e-01 2.896750e-01 3.891069e-01 3.697409e-01 3.716958e-01 3.927976e-01 3.932723e-01 3.728847e-01 2.950827e-01 3.872384e-01 3.341865e-01 3.579421e-01 4.009809e-01 3.804043e-01 3.970885e-01 3.191250e-01 4.378453e-01 3.917122e-01 3.435403e-01 3.697948e-01 3.981932e-01 3.931381e-01 3.954824e-01 4.265990e-01 3.700050e-01 3.944029e-01 3.475164e-01 3.864634e-01 3.227285e-01 3.919359e-01 4.031399e-01 3.970259e-01 4.399247e-01 4.945457e-01 4.431026e-01 3.869324e-01 3.899058e-01 3.518013e-01
<VARIANCE> 142
 2.104102e-02 3.523922e-03 1.285547e-02 4.383400e-03 5.711816e-03 4.269942e-02 7.788110e-03 1.212839e-02 2.334407e-03 3.140114e-03 8.675897e-03 6.234254e-03 1.143742e-02 6.641855e-03 2.549208e-02 1.279670e-02 1.022660e-02 3.280052e-02 3.195666e-02 9.792994e-03 1.145460e-02 1.322467e-02 2.042006e-02 8.288626e-03 5.411093e-03 5.199248e-03 5.212823e-03 8.083106e-03 1.562496e-02 6.405989e-03 6.021072e-03 1.031992e-02 1.545686e-02 3.294994e-02 1.000000e-03 2.092589e-02 1.108632e-02 1.539763e-02 1.661430e-02 1.436196e-02 1.803286e-02 1.429236e-02 1.573859e-02 1.150965e-02 5.609521e-03 5.883024e-03 5.197755e-03 1.566742e-02 2.601996e-02 1.076678e-02 2.874888e-03 1.492183e-02 7.614228e-03 3.021696e-03 1.003889e-02 7.231461e-03 9.695485e-03 3.241856e-02 1.047507e-02 1.361191e-02 8.607393e-03 1.997017e-03 3.563584e-03 1.876544e-03 1.134676e-02 3.536027e-03 1.604144e-02 2.371173e-02 1.335207e-02 8.095652e-03 5.947602e-03 1.317725e-02 7.606262e-03 1.881417e-03 1.750612e-02 1.283975e-02 1.466893e-02 8.209102e-03 6.394989e-03 7.925241e-03 7.300895e-03 1.140602e-02 4.824341e-02 9.910139e-03 1.234545e-02 1.226912e-02 3.215510e-03 2.771898e-03 6.154820e-03 8.226710e-03 8.108184e-03 2.065556e-02 8.514594e-03 4.258235e-03 3.409375e-03 1.035467e-02 5.884225e-03 1.233292e-02 7.164931e-03 1.776807e-02 3.278081e-03 9.754334e-03 3.314037e-03 9.492391e-03 5.490069e-03 1.187846e-02 1.051085e-02 4.813924e-03 1.159024e-02 3.056088e-02 4.699502e-03 4.457983e-03 4.688733e-03 5.077226e-03 5.408157e-03 7.374135e-03 1.201078e-02 1.001929e-02 4.070414e-03 1.003514e-02 8.738589e-03 1.021665e-02 1.243176e-02 1.853463e-02 1.430442e-02 5.851507e-03 6.467281e-03 1.998493e-02 8.827893e-03 1.202694e-02 1.089687e-02 4.107497e-03 1.110437e-02 5.177550e-03 1.093984e-02 1.526558e-03 1.853794e-02 1.880184e-02 3.128396e-02 6.979938e-03 1.032075e-02 7.122570e-03
<GCONST> -4.091310e+02
<STATE> 3
<MEAN> 142
 8.186699e-01 3.632226e-01 4.027863e-01 3.434769e-01 2.657897e-01 3.977950e-01 4.468361e-01 3.790003e-01 3.149282e-01 3.802563e-01 4.031461e-01 4.419246e-01 4.046284e-01 4.119421e-01 2.567807e-01 3.176479e-01 3.974878e-01 4.557105e-01 3.246724e-01 4.051344e-01 4.821847e-01 4.698718e-01 4.614395e-01 4.354905e-01 4.235724e-01 3.879046e-01 4.174187e-01 4.034678e-01 4.172905e-01 3.352376e-01 4.455267e-01 4.542126e-01 5.315652e-01 4.290687e-01 4.307428e-01 3.773282e-01 2.652858e-01 3.156299e-01 3.038808e-01 2.772121e-01 3.286207e-01 4.474124e-01 3.254842e-01 3.864762e-01 2.543219e-01 4.479662e-01 4.669439e-01 3.754260e-01 4.278406e-01 3.304928e-01 4.987015e-01 3.938883e-01 4.222690e-01 2.373027e-01 5.296310e-01 3.460865e-01 4.324663e-01 3.608156e-01 3.873947e-01 3.005379e-01 5.369569e-01 4.590227e-01 3.578951e-01 3.962512e-01 3.660066e-01 5.272358e-01 3.176150e-01 3.898846e-01 4.639699e-01 3.439035e-01 4.900688e-01 5.479878e-01 4.530357e-01 4.119586e-01 4.308624e-01 3.758731e-01 4.799369e-01 4.601291e-01 4.180330e-01 4.255577e-01 4.037402e-01 3.509265e-01 3.865688e-01 5.000163e-01 2.905332e-01 5.281155e-01 4.020145e-01 4.484231e-01 4.610795e-01 4.073128e-01 3.741130e-01 4.141448e-01 4.345496e-01 3.666292e-01 4.076183e-01 4.630165e-01 4.493959e-01 3.522150e-01 3.845047e-01 4.186506e-01 3.474603e-01 5.097138e-01 3.738548e-01 3.797446e-01 2.917622e-01 2.883871e-01 4.013144e-01 3.366631e-01 3.811806e-01 3.761398e-01 4.346826e-01 3.744112e-01 3.186282e-01 3.021166e-01 4.219955e-01 4.522708e-01 4.023886e-01 3.959742e-01 4.477930e-01 3.933853e-01 4.000834e-01 5.593782e-01 4.848237e-01 5.019960e-01 4.503686e-01 4.569284e-01 4.327544e-01 3.413745e-01 3.432087e-01 4.299487e-01 3.894012e-01 4.113653e-01 4.570048e-01 4.033103e-01 3.369991e-01 3.760906e-01 4.984986e-01 3.831894e-01 3.007146e-01 3.695886e-01 5.267602e-01 5.002155e-01
<VARIANCE> 142
 3.323744e-02 1.000000e-03 6.551545e-03 4.537919e-03 5.074443e-03 1.159230e-02 4.918799e-03 7.338712e-03 3.462851e-03 2.386164e-03 4.483476e-03 5.399968e-03 2.180324e-03 3.260060e-03 1.244112e-02 3.980340e-03 2.501501e-03 7.935428e-03 4.257804e-03 1.031111e-02 2.359255e-03 5.054941e-03 8.345193e-03 7.164528e-03 2.157713e-03 2.745552e-03 1.805898e-03 3.237781e-03 9.458539e-03 8.894934e-03 1.539024e-03 5.632642e-03 1.182890e-02 1.134893e-02 2.418486e-03 2.576224e-03 6.586659e-03 1.320100e-02 1.098193e-02 1.176887e-02 5.437527e-03 1.294396e-02 7.027456e-03 1.481198e-02 3.770590e-03 3.568148e-03 6.604864e-03 2.584596e-03 5.896090e-03 5.460519e-03 4.303182e-03 8.995164e-03 3.966171e-03 3.881664e-03 7.043735e-03 5.584597e-03 2.052538e-02 5.682594e-03 3.324401e-03 6.776235e-03 1.191880e-02 8.292214e-03 1.655497e-03 1.133358e-03 3.468177e-03 1.005398e-02 1.148518e-02 2.537999e-03 8.480022e-03 1.044808e-02 4.724634e-03 2.182705e-02 3.803591e-03 4.464699e-03 1.345411e-02 4.636659e-03 5.667425e-03 1.793939e-02 1.405879e-03 1.248258e-02 2.880199e-03 3.645715e-03 8.320657e-03 2.963521e-03 8.930897e-03 1.344625e-02 1.985513e-03 3.227543e-03 4.832729e-03 1.085167e-02 3.632119e-03 2.107425e-02 8.017810e-03 2.856600e-03 5.381681e-03 4.981120e-03 3.883878e-03 5.413880e-03 6.141983e-03 3.135199e-03 3.896973e-03 2.909700e-03 2.295792e-03 1.364522e-02 4.012290e-03 4.403887e-03 5.777878e-03 7.915218e-03 6.275513e-03 3.265209e-03 3.416202e-03 3.487076e-03 1.064053e-02 6.711513e-03 3.802163e-03 8.058182e-03 8.486395e-03 1.415221e-02 1.476931e-03 6.467004e-03 3.208726e-03 8.346297e-03 1.152366e-02 2.417746e-02 2.510485e-03 3.682579e-03 3.656511e-03 4.641848e-03 5.051197e-03 3.875573e-03 8.943007e-03 4.296635e-03 1.255580e-02 7.935006e-03 5.180218e-03 6.497425e-03 5.404762e-03 6.137781e-03 3.643081e-03 2.668195e-03 8.686403e-03 7.540224e-03
<GCONST> -4.788120e+02
<TRANSP> 4
 0.000000e+00 1.000000e+00 0.000000e+00 0.000000e+00
 0.000000e+00 5.000000e-01 5.000000e-01 0.000000e+00
 0.000000e+00 0.000000e+00 5.000000e-01 5.000000e-01
 0.000000e+00 0.000000e+00 0.000000e+00 0.000000e+00
<ENDHMM>
