~o
<STREAMINFO> 1 142
<VECSIZE> 142<NULLD><USER><DIAGC>
~h "telephone"
<BEGINHMM>
<NUMSTATES> 4
<STATE> 2
<MEAN> 142
 5.981319e-01 3.405260e-01 3.571904e-01 3.529537e-01 3.541260e-01 3.807694e-01 4.643826e-01 3.361861e-01 3.856779e-01 3.709612e-01 4.007335e-01 4.466748e-01 3.968634e-01 4.224167e-01 3.612190e-01 3.620900e-01 3.879476e-01 3.732676e-01 2.912924e-01 4.090590e-01 4.514802e-01 3.975060e-01 3.651709e-01 4.158959e-01 4.226157e-01 3.900399e-01 3.874632e-01 3.943968e-01 3.864609e-01 4.335583e-01 4.679133e-01 3.438899e-01 4.117917e-01 3.947816e-01 4.457027e-01 3.616922e-01 3.030141e-01 3.373469e-01 3.483977e-01 4.257268e-01 3.826903e-01 3.945528e-01 3.425553e-01 3.320125e-01 3.173097e-01 3.689610e-01 4.219396e-01 4.042398e-01 4.066525e-01 3.315687e-01 4.944371e-01 3.856251e-01 3.750953e-01 3.279686e-01 4.481127e-01 3.652699e-01 4.030413e-01 3.346108e-01 3.845667e-01 3.583555e-01 5.161968e-01 4.531000e-01 3.679492e-01 3.697891e-01 4.058214e-01 4.097114e-01 3.286364e-01 4.177680e-01 4.259191e-01 4.013128e-01 4.658574e-01 4.305437e-01 3.756879e-01 3.972356e-01 3.353465e-01 3.627151e-01 4.300875e-01 3.584806e-01 3.906496e-01 3.825296e-01 4.941631e-01 3.550229e-01 3.771012e-01 4.180934e-01 4.117974e-01 4.482765e-01 3.792159e-01 4.200532e-01 4.725340e-01 4.105005e-01 3.589697e-01 4.245075e-01 4.436367e-01 3.888999e-01 4.021199e-01 4.752117e-01 4.586868e-01 3.123382e-01 4.072679e-01 4.064949e-01 3.929428e-01 3.909670e-01 3.752102e-01 4.160454e-01 3.339420e-01 2.677560e-01 3.502566e-01 3.794836e-01 3.937449e-01 3.784364e-01 3.803297e-01 4.046481e-01 3.796805e-01 3.188880e-01 3.140362e-01 4.106040e-01 3.732531e-01 3.706759e-01 4.252631e-01 3.657390e-01 3.798937e-01 3.954266e-01 3.977142e-01 4.812297e-01 3.800281e-01 3.765485e-01 3.996188e-01 3.994683e-01 3.143238e-01 3.798865e-01 4.331035e-01 4.274500e-01 4.162070e-01 4.230935e-01 3.844658e-01 3.946724e-01 5.477107e-01 3.987029e-01 4.481830e-01 3.397305e-01 4.103777e-01 4.179730e-01
<VARIANCE> 142
 4.403173e-02 5.950795e-03 1.166973e-02 6.914117e-03 1.461436e-02 1.570770e-02 3.545320e-02 2.590589e-02 1.026004e-02 3.644961e-03 7.679484e-03 4.897461e-03 7.868833e-03 6.252389e-03 1.559362e-02 3.314271e-02 6.731642e-03 1.670798e-02 5.609996e-03 1.293921e-02 1.075048e-02 1.346364e-02 1.125579e-02 7.510976e-03 3.277151e-03 3.978137e-03 6.195658e-03 2.926015e-03 5.342580e-03 1.322560e-02 2.263587e-03 8.403162e-03 2.346718e-02 6.653789e-03 2.162275e-03 4.888348e-03 6.063187e-03 1.441399e-02 4.849212e-03 5.109747e-02 2.710517e-02 2.098276e-03 5.552487e-03 2.053527e-02 1.249698e-02 7.342208e-03 1.890755e-02 1.626497e-02 1.389479e-02 5.939184e-03 5.745170e-03 1.439845e-02 5.278843e-03 9.901235e-03 8.563953e-03 8.425877e-03 1.666215e-02 1.591673e-02 3.305270e-03 2.652007e-02 2.859266e-02 2.094588e-03 4.277411e-03 3.983900e-03 1.449925e-02 1.364391e-02 1.512363e-02 1.775097e-02 5.253982e-03 9.866701e-03 2.583589e-03 2.657315e-02 1.189502e-02 6.670584e-03 4.617625e-03 8.931126e-03 6.573033e-03 1.932464e-02 3.119378e-03 1.848710e-02 1.208987e-02 2.147017e-03 1.247666e-02 2.609610e-03 1.682615e-02 1.499732e-02 6.118642e-03 1.202776e-03 5.076252e-03 8.053270e-03 1.547191e-02 2.105394e-02 1.112143e-02 5.375624e-03 4.858193e-03 3.566090e-03 4.942287e-03 1.775012e-02 9.646868e-03 9.682814e-03 6.850002e-03 7.557320e-03 7.276461e-03 1.041474e-02 1.383714e-02 6.868695e-03 1.023170e-02 9.308207e-03 9.088039e-03 1.690414e-02 5.091915e-03 7.244811e-03 2.306967e-02 4.732895e-03 6.016231e-03 3.687814e-03 8.110438e-03 6.993456e-03 2.406259e-03 1.553557e-02 5.270022e-03 1.480980e-02 1.792101e-02 3.358328e-02 1.002542e-02 6.957254e-03 8.153572e-03 1.523755e-02 8.234257e-03 5.130237e-03 2.784212e-02 5.260375e-03 1.476964e-02 6.493466e-03 1.115549e-02 8.647140e-03 1.519831e-02 1.117914e-02 6.250089e-02 4.735328e-03 7.673754e-03 9.045495e-03
<GCONST> -4.087622e+02
<STATE> 3
<MEAN> 142
 5.922003e-01 3.433061e-01 4.145387e-01 3.713322e-01 3.384621e-01 3.931243e-01 4.013888e-01 3.301850e-01 4.258688e-01 4.173323e-01 5.670852e-01 3.855695e-01 3.907215e-01 5.814967e-01 3.564224e-01 3.305964e-01 3.407452e-01 3.675330e-01 3.918725e-01 3.673457e-01 5.293737e-01 5.065844e-01 4.487391e-01 4.645250e-01 5.241983e-01 4.049905e-01 5.020944e-01 3.553346e-01 4.290161e-01 3.450339e-01 5.142313e-01 3.498984e-01 4.273229e-01 4.541313e-01 5.135432e-01 3.192661e-01 4.210307e-01 3.415779e-01 3.443571e-01 3.420161e-01 3.334080e-01 4.043931e-01 3.479067e-01 3.251682e-01 2.651887e-01 3.699856e-01 4.884833e-01 4.261960e-01 4.603460e-01 4.136580e-01 4.507162e-01 3.423804e-01 4.427097e-01 3.019754e-01 4.103705e-01 3.869468e-01 4.953388e-01 4.122316e-01 3.947506e-01 4.181192e-01 4.809231e-01 3.969106e-01 3.572766e-01 4.035411e-01 3.840154e-01 4.251587e-01 3.513058e-01 5.182296e-01 4.181287e-01 3.569449e-01 4.703898e-01 3.932819e-01 4.226755e-01 4.810797e-01 3.695987e-01 3.668823e-01 4.424514e-01 3.824556e-01 4.782381e-01 4.776109e-01 3.951781e-01 3.243279e-01 3.588535e-01 4.362653e-01 3.732462e-01 3.872003e-01 4.201905e-01 4.223902e-01 5.105371e-01 3.573489e-01 2.869370e-01 3.765647e-01 3.802474e-01 3.452448e-01 4.267800e-01 4.180724e-01 4.408726e-01 3.210164e-01 4.700916e-01 4.571116e-01 4.073789e-01 4.707858e-01 3.722637e-01 3.059415e-01 4.218488e-01 3.868524e-01 3.591224e-01 3.784462e-01 5.065863e-01 4.345179e-01 3.468870e-01 3.298335e-01 3.714300e-01 3.301444e-01 3.207185e-01 3.875226e-01 3.521326e-01 4.890372e-01 3.921117e-01 4.594716e-01 4.144780e-01 4.595879e-01 4.269831e-01 3.345093e-01 4.478973e-01 4.061310e-01 3.444777e-01 3.235077e-01 3.126472e-01 4.568439e-01 4.252252e-01 3.490172e-01 3.509918e-01 4.301262e-01 3.469394e-01 4.391084e-01 4.606230e-01 3.817677e-01 3.589844e-01 3.766528e-01 3.878663e-01 5.094840e-01
<VARIANCE> 142
 1.498854e-02 3.232961e-03 1.281935e-02 2.807917e-02 2.197500e-02 5.970074e-03 1.318630e-02 1.083538e-02 5.415387e-03 3.237600e-03 2.061773e-02 1.730776e-02 1.758126e-02 2.454856e-02 1.131687e-02 1.419033e-02 7.507470e-03 9.236294e-03 1.278641e-02 1.660805e-02 3.949201e-02 3.343425e-02 7.983285e-03 1.532569e-02 2.334822e-02 3.085850e-03 9.248520e-03 3.980977e-03 1.295100e-02 5.510597e-03 5.741700e-03 4.073817e-03 2.217371e-02 1.791567e-02 3.390044e-03 2.440565e-02 1.826403e-02 3.187516e-02 9.039257e-03 1.851738e-02 7.702247e-03 5.253516e-03 1.550687e-02 2.075204e-02 1.595585e-02 3.978658e-03 4.991548e-02 7.640626e-03 3.998330e-02 4.610319e-03 6.631178e-03 1.130106e-02 1.048265e-02 7.662281e-03 3.874179e-03 8.582772e-03 2.609965e-02 1.959292e-02 3.043669e-02 5.328497e-02 1.050546e-02 5.087039e-03 1.887176e-02 1.082031e-02 1.673874e-02 1.280172e-02 1.437286e-02 3.832461e-02 7.021022e-03 8.325053e-03 4.856848e-03 5.717106e-03 1.648541e-02 1.642765e-02 1.414788e-02 4.307882e-03 3.653311e-03 7.349768e-03 1.130340e-02 2.238344e-02 4.789858e-03 2.203507e-03 4.580953e-03 2.726184e-02 6.561424e-03 7.182405e-03 7.606414e-03 6.267407e-03 7.483982e-03 1.421182e-02 1.588121e-02 1.724862e-02 7.736709e-03 1.989978e-02 7.795698e-03 8.298165e-03 8.915056e-03 1.745589e-02 1.290801e-02 3.895839e-03 5.896328e-03 1.405646e-02 2.294748e-03 4.267352e-03 3.104764e-02 1.622799e-02 1.758216e-02 6.578318e-03 1.114572e-02 2.441321e-02 7.649145e-03 7.460853e-03 2.639625e-02 2.188167e-02 2.105868e-03 5.084270e-03 3.162440e-03 1.155673e-02 6.076679e-03 1.591340e-02 3.818037e-03 2.222441e-02 3.564017e-03 1.696628e-02 3.217285e-02 5.385066e-03 5.106701e-03 5.460358e-03 9.507762e-03 1.800181e-02 9.090831e-03 1.158242e-02 1.257886e-02 9.078030e-03 1.240578e-02 4.632727e-02 1.574310e-02 9.384219e-03 1.973705e-02 1.383381e-02 1.224871e-02 1.941899e-02
<GCONST> -3.825562e+02
<TRANSP> 4
 0.000000e+00 1.000000e+00 0.000000e+00 0.000000e+00
 0.000000e+00 5.000000e-01 5.000000e-01 0.000000e+00
 0.000000e+00 0.000000e+00 5.000000e-01 5.000000e-01
 0.000000e+00 0.000000e+00 0.000000e+00 0.000000e+00
<ENDHMM>
