~o
<STREAMINFO> 1 142
<VECSIZE> 142<NULLD><USER><DIAGC>
~h "tell"
<BEGINHMM>
<NUMSTATES> 4
<STATE> 2
<MEAN> 142
 5.125897e-01 4.015375e-01 3.442429e-01 4.709314e-01 4.581307e-01 2.603774e-01 3.400530e-01 3.081584e-01 3.988646e-01 4.705809e-01 4.377387e-01 3.632794e-01 3.052160e-01 4.172760e-01 3.998448e-01 3.819625e-01 4.075879e-01 4.184944e-01 3.022938e-01 2.787623e-01 4.724316e-01 5.167525e-01 3.448694e-01 5.195057e-01 4.903423e-01 3.687312e-01 4.646614e-01 3.581112e-01 4.425541e-01 4.008681e-01 4.583953e-01 4.616957e-01 3.942413e-01 5.244148e-01 4.659878e-01 3.837219e-01 4.449118e-01 3.471116e-01 4.458603e-01 3.613893e-01 4.243577e-01 5.284035e-01 4.117987e-01 2.519210e-01 2.360193e-01 4.281075e-01 5.214166e-01 3.990102e-01 4.506424e-01 3.313543e-01 5.209246e-01 3.302474e-01 4.481693e-01 3.330997e-01 4.653370e-01 4.054486e-01 4.442610e-01 3.133321e-01 3.678095e-01 4.001126e-01 3.946024e-01 5.102060e-01 3.956322e-01 3.866456e-01 4.025216e-01 4.992788e-01 3.650923e-01 4.595438e-01 4.328182e-01 3.845475e-01 3.942196e-01 3.335702e-01 4.782390e-01 3.774768e-01 2.623741e-01 3.594422e-01 4.498996e-01 5.378183e-01 4.696514e-01 4.669826e-01 4.913815e-01 4.096938e-01 3.903337e-01 4.687964e-01 3.711055e-01 3.743676e-01 4.301102e-01 4.325568e-01 4.621185e-01 3.426185e-01 3.389286e-01 3.327591e-01 4.338135e-01 3.247059e-01 5.035868e-01 4.530149e-01 4.862949e-01 2.958424e-01 5.750754e-01 4.065613e-01 4.734238e-01 4.649131e-01 4.129353e-01 3.946617e-01 4.115171e-01 3.677742e-01 3.911755e-01 3.745171e-01 3.746580e-01 3.434486e-01 3.468033e-01 3.627766e-01 4.435591e-01 4.820195e-01 3.992898e-01 4.195032e-01 3.702450e-01 5.426136e-01 4.412243e-01 3.809371e-01 4.690221e-01 5.201389e-01 4.473493e-01 3.982306e-01 3.759463e-01 3.965776e-01 3.766182e-01 3.806192e-01 3.564580e-01 3.828815e-01 3.977313e-01 4.584331e-01 3.516327e-01 4.222252e-01 4.480917e-01 5.534334e-01 3.954621e-01 4.420716e-01 3.983637e-01 4.951079e-01 5.221797e-01 3.686880e-01
<VARIANCE> 142
 9.771463e-03 1.764680e-02 4.520813e-03 1.860922e-02 2.535208e-02 1.821289e-02 5.472200e-03 1.117883e-02 8.515835e-03 1.022030e-02 7.946031e-03 5.206715e-03 1.326287e-02 9.611269e-03 7.263591e-03 1.271465e-02 1.226879e-02 6.822241e-03 6.849862e-03 1.791645e-02 4.781291e-03 2.430001e-02 3.070752e-03 7.144256e-03 2.186472e-03 1.000000e-03 8.793438e-03 8.187531e-03 7.625312e-03 4.971378e-03 4.468901e-03 2.030242e-03 1.447589e-02 1.861089e-02 5.993383e-03 2.034838e-02 1.508893e-02 4.190566e-02 2.459292e-02 1.855823e-02 1.405101e-02 1.502877e-02 9.636375e-03 8.076330e-03 1.923501e-02 9.088285e-03 1.144969e-02 1.198126e-02 1.015099e-02 8.542992e-03 1.319316e-02 8.138981e-03 2.363500e-03 1.453060e-03 4.295529e-03 2.289397e-03 4.790141e-02 7.360737e-03 1.119520e-02 3.341146e-02 3.741047e-03 3.955290e-03 9.492531e-03 9.929383e-03 4.120469e-03 3.289926e-02 9.096277e-03 2.011038e-02 7.581717e-03 5.398815e-03 3.948058e-03 9.119922e-03 8.475922e-03 8.546826e-03 1.210977e-02 5.638039e-03 2.184357e-03 2.135709e-02 2.894796e-03 1.154959e-02 1.354739e-02 1.380824e-02 1.045392e-02 6.051719e-03 1.197992e-02 9.351591e-03 8.229243e-03 1.151104e-02 7.833248e-03 5.837730e-03 1.884434e-02 1.999063e-02 1.211568e-02 9.254700e-03 1.322769e-03 1.175577e-02 4.587575e-03 9.468725e-03 3.408337e-02 1.189928e-02 1.761566e-02 6.636432e-03 1.018144e-02 9.873077e-03 2.838396e-02 1.090968e-02 2.524663e-02 6.724516e-03 1.464208e-02 1.286648e-02 6.717296e-03 3.184391e-03 1.646092e-02 2.714756e-02 2.050739e-03 2.047404e-03 4.483188e-03 1.514819e-02 7.516840e-03 1.240547e-02 9.502703e-03 8.669070e-03 6.461424e-03 6.011636e-03 1.257040e-02 2.041452e-03 8.329996e-03 2.461688e-02 1.475860e-02 9.717360e-03 1.909309e-02 8.625117e-03 6.982809e-03 1.253016e-02 1.476062e-02 2.181078e-02 1.022192e-02 1.104740e-02 2.419088e-02 1.236252e-02 1.560954e-02 4.049355e-03
<GCONST> -4.048174e+02
<STATE> 3
<MEAN> 142
 7.036663e-01 3.500419e-01 4.411993e-01 3.421808e-01 2.767388e-01 3.734572e-01 4.225137e-01 3.875296e-01 3.865778e-01 3.646650e-01 5.016489e-01 4.738049e-01 4.387417e-01 4.835127e-01 3.117245e-01 3.385416e-01 3.731117e-01 4.057735e-01 3.725212e-01 4.779556e-01 4.327662e-01 4.013506e-01 4.292436e-01 3.955580e-01 4.717597e-01 4.212658e-01 4.001568e-01 4.391831e-01 3.771841e-01 3.767973e-01 4.990328e-01 4.143839e-01 4.853069e-01 4.117838e-01 4.267670e-01 3.537485e-01 3.550792e-01 3.450488e-01 2.862346e-01 3.919842e-01 3.426846e-01 3.566147e-01 3.131872e-01 4.192129e-01 3.445706e-01 4.294239e-01 4.574927e-01 3.915879e-01 3.906001e-01 3.945507e-01 4.689693e-01 4.407288e-01 4.381624e-01 3.113097e-01 5.211424e-01 3.358910e-01 4.292943e-01 3.786290e-01 3.876025e-01 3.288407e-01 4.680329e-01 4.678501e-01 4.103787e-01 4.297211e-01 4.173993e-01 4.716788e-01 4.033532e-01 4.191937e-01 4.841820e-01 3.892231e-01 4.955977e-01 5.057670e-01 4.111384e-01 4.149567e-01 3.901719e-01 4.546602e-01 4.907798e-01 4.228902e-01 4.370790e-01 3.831324e-01 4.423924e-01 3.787200e-01 3.654381e-01 4.287413e-01 4.021387e-01 4.546892e-01 3.986582e-01 4.358253e-01 4.216730e-01 4.329876e-01 4.385617e-01 3.683250e-01 4.089602e-01 4.287239e-01 4.191331e-01 4.639076e-01 4.663364e-01 3.681456e-01 3.575446e-01 4.478019e-01 3.843927e-01 4.033285e-01 4.374748e-01 3.483301e-01 3.324198e-01 3.476185e-01 4.130384e-01 3.943603e-01 4.180923e-01 4.491989e-01 4.130484e-01 4.295542e-01 3.892675e-01 2.887980e-01 3.919836e-01 4.760653e-01 3.526679e-01 3.535098e-01 4.535228e-01 4.852128e-01 4.429481e-01 4.915802e-01 4.776858e-01 4.494367e-01 4.842383e-01 4.288140e-01 4.447924e-01 3.736545e-01 4.118474e-01 4.490691e-01 4.315466e-01 3.749139e-01 4.701720e-01 4.301388e-01 3.669931e-01 4.176396e-01 4.600281e-01 3.889763e-01 4.189902e-01 3.412024e-01 4.215665e-01 5.102000e-01
<VARIANCE> 142
 3.610389e-02 6.069818e-03 8.800725e-03 1.030659e-02 9.726284e-03 2.640579e-02 3.474016e-02 1.663742e-02 4.892550e-03 3.592928e-03 1.345554e-02 5.024563e-03 1.135915e-02 9.448357e-03 2.535798e-02 3.443289e-02 3.766443e-03 6.406356e-03 1.355366e-02 2.931109e-02 1.256214e-02 2.346104e-02 3.480589e-03 6.336375e-03 5.832894e-03 1.701627e-03 8.493219e-03 1.865366e-02 2.001921e-02 2.006010e-02 8.955489e-03 3.039426e-03 1.692924e-02 4.971706e-03 2.872945e-03 2.353992e-02 7.224060e-03 2.391580e-02 1.633830e-02 4.987606e-02 2.416051e-02 9.362701e-03 1.135524e-02 2.291792e-02 3.037662e-02 1.640995e-03 4.732370e-03 1.361758e-02 1.540041e-02 1.541945e-02 4.675796e-03 1.205756e-02 3.433720e-03 5.155160e-03 4.930347e-03 5.536314e-03 2.016835e-02 1.271409e-02 2.779522e-03 2.120096e-02 2.092099e-02 4.315360e-03 5.078769e-03 7.278799e-03 5.710699e-03 1.398037e-02 1.391135e-02 1.014234e-02 1.383629e-02 1.421260e-02 4.751849e-03 1.062778e-02 6.929828e-03 4.743231e-03 1.944121e-02 6.330016e-03 5.602339e-03 1.599166e-02 4.121426e-03 1.271030e-02 1.219902e-02 8.203066e-03 2.644621e-02 2.136554e-03 3.166961e-02 1.624961e-02 1.003548e-03 2.095994e-03 5.475381e-03 1.754302e-02 2.075780e-02 1.497314e-02 8.731575e-03 2.284910e-02 3.758871e-03 4.109892e-03 1.391817e-02 1.563952e-02 1.646946e-02 3.316502e-03 6.563743e-03 1.396963e-02 7.789009e-03 7.381613e-03 7.693067e-03 4.021175e-03 8.337817e-03 1.638261e-02 4.818413e-03 2.499684e-02 7.958448e-03 1.283831e-02 1.043138e-02 9.489512e-03 5.736996e-03 1.024822e-02 1.447193e-02 7.105751e-03 1.123886e-02 9.046368e-03 9.706803e-03 1.218638e-02 1.864938e-02 7.725522e-03 2.755866e-02 1.130201e-02 1.130864e-02 1.522010e-02 4.388823e-02 1.653228e-02 2.093122e-02 1.322244e-02 5.763594e-03 3.970864e-03 1.526581e-02 1.730118e-02 1.740054e-02 1.852899e-02 7.146352e-02 7.721867e-03 1.445433e-02 1.091466e-02
<GCONST> -3.904023e+02
<TRANSP> 4
 0.000000e+00 1.000000e+00 0.000000e+00 0.000000e+00
 0.000000e+00 5.000000e-01 5.000000e-01 0.000000e+00
 0.000000e+00 0.000000e+00 5.000000e-01 5.000000e-01
 0.000000e+00 0.000000e+00 0.000000e+00 0.000000e+00
<ENDHMM>
