~o
<STREAMINFO> 1 142
<VECSIZE> 142<NULLD><USER><DIAGC>
~h "theory"
<BEGINHMM>
<NUMSTATES> 4
<STATE> 2
<MEAN> 142
 5.673530e-01 3.432027e-01 3.606425e-01 3.482116e-01 3.350877e-01 3.143879e-01 3.226119e-01 3.607379e-01 3.580880e-01 4.265459e-01 4.304988e-01 3.345899e-01 3.287336e-01 4.562283e-01 3.491307e-01 3.662739e-01 4.392792e-01 4.142988e-01 3.368962e-01 3.500073e-01 4.819569e-01 4.237107e-01 3.759698e-01 4.332549e-01 4.703713e-01 3.725249e-01 4.171956e-01 4.043843e-01 3.841733e-01 3.895543e-01 5.077264e-01 4.110870e-01 3.675582e-01 4.811743e-01 3.885014e-01 4.419484e-01 4.242003e-01 3.012289e-01 3.662144e-01 3.422042e-01 4.133817e-01 4.669105e-01 3.650872e-01 3.247503e-01 2.213118e-01 3.663445e-01 4.179425e-01 4.699638e-01 4.324735e-01 2.542714e-01 5.193603e-01 4.086664e-01 4.081604e-01 2.914185e-01 4.050747e-01 4.085225e-01 3.762844e-01 3.790556e-01 3.749489e-01 3.255775e-01 3.397222e-01 4.981271e-01 3.667645e-01 4.229664e-01 4.962376e-01 4.218082e-01 3.895140e-01 4.106552e-01 4.029243e-01 3.731918e-01 4.296089e-01 3.216745e-01 3.864155e-01 3.439015e-01 2.968908e-01 3.571009e-01 4.511541e-01 3.873704e-01 5.093321e-01 4.808135e-01 4.742650e-01 3.425388e-01 3.730309e-01 4.019381e-01 3.861488e-01 3.694581e-01 3.445619e-01 3.557424e-01 4.664329e-01 3.016987e-01 2.717134e-01 2.592342e-01 4.531541e-01 2.711414e-01 4.599559e-01 5.326741e-01 4.830277e-01 3.567552e-01 4.929177e-01 4.692742e-01 4.245223e-01 4.109538e-01 3.064725e-01 3.415408e-01 3.991910e-01 2.769873e-01 3.068297e-01 3.346531e-01 3.795431e-01 3.676689e-01 3.011978e-01 3.224071e-01 4.022303e-01 4.002270e-01 3.779131e-01 3.870664e-01 3.261879e-01 3.996992e-01 4.213627e-01 3.677469e-01 4.030378e-01 4.161870e-01 3.717299e-01 3.753967e-01 4.210169e-01 3.547767e-01 3.583539e-01 4.236448e-01 3.681441e-01 4.314559e-01 4.320432e-01 4.403079e-01 3.807850e-01 4.343353e-01 4.796624e-01 4.589829e-01 3.930889e-01 4.951186e-01 4.196122e-01 4.183097e-01 4.231887e-01 3.735516e-01
<VARIANCE> 142
 3.740090e-03 5.098066e-03 3.110397e-02 1.154658e-02 8.690642e-03 1.965198e-02 1.299591e-03 2.316524e-02 2.551685e-03 3.706820e-03 1.295451e-02 4.850626e-03 1.225564e-02 4.941214e-03 3.270647e-02 5.900772e-03 4.123271e-03 2.047100e-02 2.318911e-02 1.159280e-02 7.782176e-03 2.057925e-02 1.170919e-02 8.012519e-03 1.375139e-02 9.657832e-03 6.564281e-03 5.834398e-03 1.318902e-02 2.438085e-03 4.170921e-03 1.843501e-02 1.040814e-02 1.066925e-02 1.079537e-03 1.412378e-02 1.723971e-02 9.336722e-03 1.013908e-02 5.804652e-03 4.683763e-03 5.830422e-03 1.226286e-02 9.486726e-03 8.689814e-03 6.153639e-03 2.875473e-03 1.132379e-02 2.942058e-02 8.078213e-03 1.899069e-02 1.183941e-02 3.343985e-03 1.326002e-03 1.256725e-02 4.352123e-03 1.575419e-02 2.550946e-02 1.457314e-02 2.715842e-02 2.314530e-03 2.620425e-02 1.434579e-02 1.890495e-02 1.301366e-02 5.799308e-03 2.452108e-02 1.415978e-02 1.514599e-03 6.048740e-03 4.544776e-03 3.813297e-03 1.000000e-03 8.508549e-03 1.321615e-02 7.878326e-03 2.510281e-03 1.068903e-02 6.161238e-03 1.862628e-02 1.102215e-02 8.616718e-03 1.808230e-02 6.227173e-03 4.221688e-03 8.112472e-03 1.915173e-03 1.067858e-03 3.029829e-03 9.282651e-03 4.359472e-03 2.586398e-03 2.541620e-02 1.000000e-03 1.936043e-03 1.230233e-02 1.347383e-02 1.447814e-02 3.017304e-03 1.209098e-02 5.184516e-03 9.037113e-03 1.306022e-03 1.081907e-03 1.120951e-02 8.143829e-03 7.885271e-03 3.865716e-03 1.552503e-02 4.482538e-02 5.148638e-03 1.665327e-03 2.338183e-02 8.412623e-03 2.927999e-03 2.666965e-03 1.387645e-03 4.844288e-03 1.000000e-03 1.006907e-02 1.981091e-03 1.024676e-02 1.420481e-02 1.564354e-02 2.333608e-02 1.273226e-03 1.267895e-02 2.735220e-02 8.389612e-03 2.397904e-02 8.771520e-03 2.596052e-02 9.351704e-03 1.853066e-02 4.075995e-02 1.224980e-02 1.404558e-03 3.561551e-02 6.334779e-03 5.995495e-03 1.849537e-02 1.000000e-03
<GCONST> -4.334048e+02
<STATE> 3
<MEAN> 142
 6.114508e-01 3.987586e-01 3.407581e-01 3.674302e-01 2.736110e-01 2.095861e-01 2.643425e-01 2.964050e-01 3.167970e-01 4.639768e-01 4.285204e-01 3.733892e-01 2.977420e-01 4.402176e-01 3.400163e-01 3.634158e-01 3.570346e-01 3.414004e-01 2.904448e-01 3.043237e-01 4.203464e-01 4.986961e-01 3.214312e-01 4.885613e-01 4.598414e-01 3.742349e-01 4.272353e-01 3.368434e-01 4.117019e-01 2.804389e-01 4.228091e-01 4.869849e-01 3.557081e-01 5.599859e-01 4.543895e-01 3.797033e-01 3.439610e-01 3.240669e-01 3.750930e-01 3.290014e-01 2.882751e-01 4.883326e-01 3.256731e-01 2.558660e-01 1.300292e-01 4.250111e-01 4.496655e-01 3.956186e-01 3.898661e-01 3.273712e-01 4.428770e-01 3.481291e-01 4.656065e-01 2.224454e-01 4.495449e-01 3.874934e-01 4.060501e-01 2.935795e-01 3.514895e-01 2.687710e-01 3.243341e-01 3.751134e-01 4.227745e-01 3.854942e-01 3.738660e-01 4.464493e-01 3.448162e-01 3.881228e-01 4.172111e-01 3.699957e-01 3.942315e-01 3.764872e-01 5.009688e-01 4.123111e-01 2.480240e-01 2.840878e-01 4.552823e-01 4.079041e-01 5.295139e-01 4.532052e-01 4.214796e-01 3.771909e-01 3.680723e-01 4.110620e-01 2.846654e-01 4.034868e-01 3.821684e-01 4.071372e-01 4.654121e-01 2.738853e-01 3.556479e-01 3.064526e-01 3.550020e-01 3.037702e-01 4.580994e-01 4.208103e-01 4.421194e-01 2.715676e-01 4.413917e-01 4.306808e-01 4.212749e-01 5.806987e-01 3.443854e-01 3.205729e-01 2.900343e-01 3.343551e-01 3.314909e-01 3.256586e-01 3.421251e-01 2.996094e-01 4.049737e-01 3.087913e-01 3.015456e-01 3.756716e-01 3.466845e-01 3.215566e-01 3.536751e-01 4.580874e-01 3.950361e-01 3.493777e-01 4.002140e-01 5.123399e-01 4.507697e-01 3.206102e-01 3.667667e-01 4.031722e-01 4.157612e-01 3.175343e-01 3.449909e-01 3.949667e-01 3.573973e-01 3.645795e-01 3.258918e-01 3.905887e-01 3.663343e-01 4.565631e-01 3.679662e-01 4.084066e-01 3.226680e-01 5.003908e-01 4.047655e-01 3.784406e-01
<VARIANCE> 142
 3.150875e-02 3.079022e-03 5.187904e-03 1.391125e-03 7.318538e-03 4.490379e-03 1.258311e-03 6.582029e-03 1.000000e-03 1.357514e-02 6.997083e-03 2.763448e-03 4.751632e-03 5.467348e-03 1.640288e-02 1.145283e-03 4.001232e-03 4.078320e-03 5.596932e-03 6.945912e-03 1.499701e-03 8.517876e-03 1.968533e-03 7.661813e-03 5.058472e-03 1.000414e-02 2.837708e-03 3.388817e-03 1.294207e-02 4.979308e-03 1.739369e-03 6.168345e-03 1.038107e-02 1.946538e-02 2.552450e-03 1.420840e-02 5.400196e-03 1.578921e-02 1.824125e-02 5.928393e-03 1.223946e-02 1.023818e-02 1.004905e-02 2.712124e-03 2.532698e-03 3.313502e-03 3.878780e-03 1.152197e-02 3.151833e-03 2.876530e-03 8.927847e-03 6.383071e-03 1.624585e-02 5.696890e-03 1.802457e-02 1.044599e-02 4.746886e-03 4.561204e-03 1.270671e-02 6.098181e-03 1.000000e-03 1.349043e-02 5.003396e-03 3.376937e-03 3.173422e-03 3.969862e-03 1.838319e-02 6.351225e-03 1.089008e-03 7.770408e-03 3.795247e-03 1.734972e-02 4.422305e-03 7.814002e-03 3.124551e-03 3.360203e-03 6.660919e-03 5.674509e-03 8.080765e-03 1.894910e-02 1.094331e-02 1.496163e-03 1.847026e-02 2.217386e-03 2.293013e-03 1.661742e-02 1.000000e-03 1.000000e-03 2.883417e-03 1.817223e-03 3.065192e-03 1.000000e-03 5.212834e-03 1.000000e-03 1.378972e-03 2.887391e-03 1.244202e-02 2.545390e-03 1.198149e-02 4.967617e-03 1.337853e-02 1.861257e-02 1.000000e-03 1.546243e-02 2.804559e-03 4.673291e-03 3.402851e-03 6.820736e-03 2.217959e-03 5.044866e-03 1.086482e-02 1.920679e-03 4.400725e-03 4.484610e-03 1.000000e-03 3.394146e-03 8.292869e-03 7.276477e-03 1.000000e-03 7.546681e-03 4.718999e-03 3.578187e-03 3.627864e-03 5.828639e-03 6.094068e-03 4.759853e-03 3.379678e-03 2.754954e-02 1.124248e-02 5.171422e-03 1.708723e-03 8.501888e-03 1.172712e-02 3.641031e-03 7.889842e-03 1.069509e-02 1.220018e-02 1.092329e-02 6.010646e-03 1.169617e-02 5.155487e-03 8.465664e-03
<GCONST> -4.875508e+02
<TRANSP> 4
 0.000000e+00 1.000000e+00 0.000000e+00 0.000000e+00
 0.000000e+00 5.000000e-01 5.000000e-01 0.000000e+00
 0.000000e+00 0.000000e+00 5.000000e-01 5.000000e-01
 0.000000e+00 0.000000e+00 0.000000e+00 0.000000e+00
<ENDHMM>
