~o
<STREAMINFO> 1 142
<VECSIZE> 142<NULLD><USER><DIAGC>
~h "throw"
<BEGINHMM>
<NUMSTATES> 4
<STATE> 2
<MEAN> 142
 6.385788e-01 3.417321e-01 4.156084e-01 3.452339e-01 3.502954e-01 4.645684e-01 4.021073e-01 3.492307e-01 3.337010e-01 4.053602e-01 4.626020e-01 3.936482e-01 3.763597e-01 4.858694e-01 4.217840e-01 3.689302e-01 3.780150e-01 3.708152e-01 3.401268e-01 3.972280e-01 5.046743e-01 4.666951e-01 3.723660e-01 3.850690e-01 4.701377e-01 3.735350e-01 4.597784e-01 4.013704e-01 3.807209e-01 3.729358e-01 4.594163e-01 4.088108e-01 3.885912e-01 4.591250e-01 4.445443e-01 3.961868e-01 4.187892e-01 2.988119e-01 3.597621e-01 3.633642e-01 3.858387e-01 3.926807e-01 3.245871e-01 3.779081e-01 2.694104e-01 3.903428e-01 4.358914e-01 4.533435e-01 4.861023e-01 3.462256e-01 4.872848e-01 3.665286e-01 4.384580e-01 2.260476e-01 4.323288e-01 3.248625e-01 5.103081e-01 3.751146e-01 4.076645e-01 3.546980e-01 4.354713e-01 4.341115e-01 3.492314e-01 3.658820e-01 4.011611e-01 4.349285e-01 3.858013e-01 4.682392e-01 4.711787e-01 3.796610e-01 4.502677e-01 4.076257e-01 4.272698e-01 3.839610e-01 3.730999e-01 3.731888e-01 4.613754e-01 4.052464e-01 4.468336e-01 4.213472e-01 4.350985e-01 4.036573e-01 4.083403e-01 4.805526e-01 3.974375e-01 4.455017e-01 3.698850e-01 4.147261e-01 4.874397e-01 4.187886e-01 2.871523e-01 4.122240e-01 4.356876e-01 3.372189e-01 4.423084e-01 4.662479e-01 5.147668e-01 3.240657e-01 4.523907e-01 4.347944e-01 3.914703e-01 4.634511e-01 3.411409e-01 3.459047e-01 4.076818e-01 2.762568e-01 3.793733e-01 3.553158e-01 4.610610e-01 4.942243e-01 3.395066e-01 3.546582e-01 3.925628e-01 4.093076e-01 3.694220e-01 3.926552e-01 3.467393e-01 4.241043e-01 4.213524e-01 4.662825e-01 4.502832e-01 4.480955e-01 4.147252e-01 4.470667e-01 4.491276e-01 3.859907e-01 4.280176e-01 3.518193e-01 3.103000e-01 4.489939e-01 4.593975e-01 4.352790e-01 3.752551e-01 4.268866e-01 4.561646e-01 4.698851e-01 4.582895e-01 4.480224e-01 4.189629e-01 4.022508e-01 3.751448e-01 4.292471e-01
<VARIANCE> 142
 1.911133e-02 8.160807e-03 8.205356e-03 6.931875e-03 1.494234e-02 3.084983e-02 3.319535e-03 7.736580e-03 4.024832e-03 9.295405e-03 1.054959e-02 1.440837e-02 4.396378e-03 1.204763e-02 3.187979e-02 2.350521e-02 9.204706e-03 2.424139e-02 3.425159e-02 4.093654e-03 1.094882e-02 9.859405e-03 1.586184e-02 3.569375e-03 8.441850e-03 3.164754e-03 1.903947e-02 1.438006e-02 6.093709e-03 1.568038e-02 1.922922e-03 1.177868e-02 1.779664e-02 9.471997e-03 2.038969e-03 1.490696e-02 2.607773e-02 1.179767e-02 2.486310e-02 1.836765e-02 1.926344e-02 1.013796e-02 9.423302e-03 1.830417e-02 2.508758e-02 1.003273e-02 6.143083e-03 1.559970e-02 2.175875e-02 3.348340e-03 2.554769e-03 1.489480e-02 8.987303e-03 4.726001e-03 6.373199e-03 1.108285e-02 4.287313e-02 3.365700e-02 2.067864e-02 7.407146e-03 5.084532e-03 2.778423e-03 3.614909e-03 3.271700e-03 6.628855e-03 5.619480e-03 3.242878e-02 2.199073e-02 7.318898e-03 1.278886e-02 4.156931e-03 3.508978e-02 6.915197e-03 3.918943e-03 9.166656e-03 1.779543e-03 3.157753e-03 2.951156e-02 9.575774e-03 1.635218e-02 1.222643e-02 8.200498e-03 2.214128e-02 1.154676e-02 1.088183e-02 1.017907e-02 5.310964e-03 3.431412e-03 3.599587e-03 1.647900e-02 2.007369e-02 2.201313e-02 2.779457e-02 8.125452e-03 8.245243e-03 8.182922e-03 2.266518e-02 1.670620e-02 1.102715e-02 1.018289e-02 6.204998e-03 4.606330e-03 3.910493e-03 1.446433e-02 1.560827e-02 4.848178e-03 5.093202e-03 1.043839e-02 2.018999e-02 3.723683e-02 3.798449e-03 8.033564e-03 4.991376e-02 1.750342e-02 1.918126e-02 7.007646e-03 7.397124e-03 7.716578e-03 7.788624e-03 9.387857e-03 9.026631e-03 1.474300e-02 1.497584e-02 5.052950e-02 2.028283e-02 1.103389e-02 1.533796e-02 2.095637e-02 1.437433e-02 1.802110e-02 1.172705e-02 2.201902e-02 2.941846e-02 1.172963e-02 5.483102e-02 1.284596e-02 5.447442e-03 5.238417e-02 2.452792e-02 1.375815e-02 8.995868e-03 1.128493e-02
<GCONST> -3.806403e+02
<STATE> 3
<MEAN> 142
 5.315444e-01 3.255240e-01 3.206954e-01 3.019466e-01 3.183053e-01 2.910027e-01 2.996842e-01 3.331572e-01 3.540927e-01 4.759378e-01 4.591927e-01 4.381288e-01 4.568129e-01 5.065781e-01 4.032378e-01 3.055666e-01 4.133834e-01 3.740914e-01 2.757735e-01 3.857993e-01 3.885048e-01 3.502813e-01 3.132164e-01 4.263597e-01 4.447066e-01 3.982551e-01 3.594929e-01 4.286445e-01 4.075127e-01 5.021226e-01 4.941429e-01 3.608676e-01 3.105420e-01 4.537795e-01 4.625444e-01 3.849237e-01 3.958842e-01 4.811136e-01 4.547502e-01 3.814058e-01 4.982820e-01 4.512688e-01 3.340532e-01 3.404860e-01 2.524766e-01 3.839301e-01 3.676562e-01 4.590558e-01 3.515027e-01 2.872372e-01 4.544440e-01 5.058283e-01 5.096263e-01 3.319950e-01 3.579148e-01 3.213772e-01 3.853363e-01 2.745007e-01 2.989581e-01 2.234793e-01 4.237027e-01 4.884306e-01 4.186662e-01 4.193407e-01 4.468580e-01 3.411936e-01 4.944493e-01 3.778331e-01 3.898883e-01 4.903555e-01 4.999228e-01 3.354599e-01 4.492474e-01 4.061311e-01 2.844962e-01 3.875026e-01 4.732602e-01 3.511841e-01 4.494449e-01 3.478420e-01 4.874181e-01 3.324074e-01 4.853850e-01 3.362373e-01 3.267568e-01 3.307161e-01 4.249202e-01 4.456064e-01 4.361199e-01 3.521075e-01 3.051921e-01 3.122477e-01 4.679331e-01 3.970578e-01 3.992441e-01 4.489169e-01 4.596055e-01 4.119894e-01 5.102744e-01 3.902198e-01 4.371917e-01 3.881246e-01 3.301029e-01 4.148116e-01 3.275174e-01 3.027138e-01 4.270686e-01 4.789188e-01 4.204914e-01 2.886686e-01 3.854985e-01 3.247310e-01 3.126157e-01 3.465755e-01 3.595985e-01 4.191104e-01 3.240128e-01 4.393677e-01 4.493317e-01 3.484253e-01 3.954835e-01 3.957869e-01 4.304063e-01 3.635944e-01 3.634090e-01 3.541966e-01 4.036142e-01 4.400577e-01 4.510724e-01 3.562207e-01 3.314639e-01 4.688561e-01 3.951887e-01 4.381209e-01 4.615554e-01 4.531346e-01 3.166553e-01 4.259439e-01 4.177204e-01 3.434500e-01 4.244874e-01 4.036311e-01
<VARIANCE> 142
 8.703924e-03 2.117126e-03 4.021978e-03 2.187972e-03 9.691758e-03 1.338248e-02 2.243055e-03 6.574217e-03 3.342461e-03 2.199080e-02 2.124802e-02 6.397735e-03 4.805394e-03 2.067476e-02 2.862323e-02 1.339839e-02 9.863815e-03 1.226757e-02 6.644381e-03 5.694932e-03 5.922413e-03 7.961875e-03 5.265074e-03 4.597508e-03 3.034974e-03 9.345548e-03 6.888391e-03 8.896152e-03 8.826725e-03 1.050852e-02 2.552945e-03 4.651926e-03 1.204089e-02 1.561597e-02 2.833173e-03 1.349050e-02 1.049619e-02 2.401325e-02 1.793903e-02 8.823125e-03 1.308771e-02 1.342698e-02 6.615007e-03 1.359753e-02 7.891250e-03 9.170871e-03 1.032458e-02 1.861985e-02 1.001680e-02 5.125445e-03 1.000000e-03 3.050076e-02 1.588550e-02 3.543722e-03 1.896713e-02 2.224447e-03 1.380329e-02 6.499168e-03 6.620004e-03 3.046446e-03 5.406515e-03 2.488014e-03 3.511178e-03 5.051348e-03 5.973012e-03 5.183213e-03 1.903560e-02 8.434082e-03 4.093655e-03 1.665004e-02 5.301952e-03 5.180343e-03 2.534918e-03 4.327103e-03 6.628831e-03 9.328484e-03 3.007233e-03 5.809069e-03 6.245675e-03 1.282852e-02 2.069859e-03 6.221991e-03 2.849235e-02 8.185304e-03 2.212763e-03 7.976500e-03 1.343538e-02 7.811428e-03 2.384305e-03 5.450833e-03 4.444239e-03 9.216423e-03 6.342952e-03 3.253298e-02 2.452820e-03 3.637215e-03 2.699016e-03 9.146750e-03 1.668672e-02 3.335860e-03 3.662264e-03 6.981550e-03 1.351423e-02 8.579783e-03 4.025262e-03 6.351341e-03 1.302437e-02 1.247067e-02 1.483024e-02 6.201122e-03 8.142930e-03 8.561464e-03 7.091491e-03 1.025492e-02 6.785682e-03 1.179210e-02 4.331276e-03 1.121949e-02 9.050669e-03 5.815430e-03 4.523436e-03 9.406805e-03 4.708921e-03 1.022065e-02 5.105156e-03 2.309970e-03 9.042770e-03 9.811419e-03 1.234288e-02 8.291157e-03 8.051158e-03 6.159850e-03 1.434070e-02 5.773730e-03 1.433273e-02 5.544287e-03 6.844435e-03 1.325578e-02 2.351295e-02 5.937201e-03 1.324445e-02 1.381806e-02
<GCONST> -4.362716e+02
<TRANSP> 4
 0.000000e+00 1.000000e+00 0.000000e+00 0.000000e+00
 0.000000e+00 5.000000e-01 5.000000e-01 0.000000e+00
 0.000000e+00 0.000000e+00 5.000000e-01 5.000000e-01
 0.000000e+00 0.000000e+00 0.000000e+00 0.000000e+00
<ENDHMM>
