~o
<STREAMINFO> 1 142
<VECSIZE> 142<NULLD><USER><DIAGC>
~h "toilet"
<BEGINHMM>
<NUMSTATES> 4
<STATE> 2
<MEAN> 142
 7.235776e-01 3.530127e-01 3.428228e-01 3.136730e-01 2.418105e-01 4.010974e-01 3.801156e-01 4.307009e-01 3.744692e-01 4.036030e-01 4.960864e-01 4.585676e-01 4.581067e-01 4.960357e-01 2.741827e-01 3.618551e-01 3.975073e-01 4.110317e-01 3.211530e-01 4.732473e-01 4.282804e-01 4.067496e-01 4.397379e-01 4.061440e-01 4.209827e-01 4.770693e-01 4.138002e-01 4.108098e-01 3.835500e-01 3.991536e-01 4.963994e-01 4.482985e-01 4.232279e-01 3.836600e-01 4.239872e-01 3.184822e-01 2.925324e-01 3.663182e-01 2.988567e-01 3.220407e-01 3.804499e-01 3.856946e-01 3.092844e-01 4.614812e-01 2.719741e-01 4.325624e-01 3.504230e-01 4.313456e-01 3.342183e-01 3.557477e-01 4.308861e-01 4.627005e-01 4.879561e-01 2.795491e-01 4.586319e-01 3.846430e-01 4.720396e-01 3.755555e-01 3.554156e-01 2.730122e-01 4.966169e-01 4.804322e-01 3.982895e-01 4.949687e-01 4.461577e-01 4.225899e-01 3.881695e-01 3.787876e-01 4.288093e-01 3.812887e-01 5.121279e-01 4.825456e-01 4.082464e-01 4.242275e-01 4.327008e-01 4.397939e-01 4.444816e-01 3.800476e-01 4.333072e-01 3.878209e-01 4.372256e-01 3.238567e-01 3.809747e-01 3.801862e-01 3.419920e-01 4.254322e-01 4.201093e-01 4.537282e-01 4.293758e-01 3.819582e-01 3.690157e-01 3.861696e-01 4.535910e-01 3.778114e-01 3.485104e-01 5.463820e-01 4.213818e-01 4.069452e-01 3.702836e-01 4.367169e-01 3.861080e-01 4.087850e-01 3.527204e-01 3.625902e-01 3.262286e-01 2.819049e-01 4.314663e-01 3.476762e-01 4.414357e-01 3.577323e-01 4.216686e-01 3.766608e-01 3.162955e-01 2.693447e-01 3.532835e-01 4.575087e-01 3.988015e-01 3.460406e-01 4.764635e-01 3.951687e-01 3.992061e-01 4.917237e-01 4.360549e-01 3.950456e-01 4.604848e-01 4.243438e-01 4.108883e-01 3.920420e-01 4.049737e-01 4.480734e-01 4.017344e-01 3.662562e-01 4.909857e-01 4.719729e-01 3.251007e-01 3.458062e-01 4.685048e-01 3.600341e-01 3.576274e-01 3.203081e-01 4.149509e-01 4.799497e-01
<VARIANCE> 142
 4.489840e-02 4.527160e-03 1.298475e-02 7.743844e-03 4.931356e-03 1.514551e-02 1.933735e-02 9.528806e-03 7.695369e-03 6.429429e-03 1.673893e-02 1.786384e-03 1.066762e-02 9.880347e-03 1.335708e-02 1.560928e-02 6.488293e-03 2.844423e-03 3.825631e-03 1.102177e-02 7.502172e-03 1.470804e-02 4.863662e-03 4.866529e-03 1.000000e-03 1.328837e-02 5.518781e-03 1.369393e-02 5.369302e-03 1.798528e-02 4.957065e-03 1.304358e-02 2.631447e-02 4.106381e-03 2.455740e-03 7.863933e-03 1.516881e-02 2.746879e-02 9.255066e-03 1.889775e-02 2.077967e-02 6.142615e-03 1.084143e-02 6.755082e-03 2.139591e-02 1.041870e-02 6.402841e-03 1.319922e-02 4.997164e-03 7.780509e-03 2.656210e-03 2.237115e-02 1.068439e-02 1.071102e-02 1.303400e-02 7.672144e-03 1.304345e-02 7.767779e-03 7.638947e-03 1.395250e-02 1.666324e-02 1.878922e-02 7.245386e-03 1.159342e-02 1.885737e-02 8.652171e-03 4.114120e-02 4.863137e-03 1.369389e-02 2.057631e-02 5.182686e-03 1.715378e-02 6.374331e-03 6.954365e-03 6.647291e-03 1.160374e-02 1.044358e-02 1.554219e-02 7.696812e-03 2.455903e-03 9.202217e-03 3.058088e-03 8.759259e-03 1.260487e-02 1.958326e-02 1.410957e-02 3.286158e-03 5.184936e-03 1.910860e-03 1.585619e-02 2.431193e-03 1.225768e-02 1.193691e-02 1.806244e-02 3.134300e-03 5.969718e-03 5.548366e-03 8.263269e-03 9.091616e-03 9.536777e-03 6.302161e-03 1.376332e-02 2.645460e-03 1.492572e-02 3.962880e-03 3.671561e-03 7.808947e-03 1.977086e-02 1.188720e-02 2.326077e-02 4.399997e-03 7.405755e-03 1.506954e-02 3.462529e-03 3.471568e-03 5.165020e-03 4.308422e-03 4.279215e-03 7.267929e-03 3.693486e-03 2.102491e-03 5.269464e-03 9.409476e-03 1.372284e-02 2.444603e-02 6.345429e-03 9.160359e-03 1.663751e-02 1.548912e-02 1.636589e-02 5.361921e-03 6.644686e-03 1.138366e-02 1.436510e-02 3.716345e-03 7.219814e-03 1.085121e-02 2.606334e-03 2.970062e-02 4.023896e-03 1.715116e-02 1.219238e-02
<GCONST> -4.157230e+02
<STATE> 3
<MEAN> 142
 4.827854e-01 3.401663e-01 3.749215e-01 4.566319e-01 4.598253e-01 4.640755e-01 4.559013e-01 4.574785e-01 3.661752e-01 4.108389e-01 4.093659e-01 4.124210e-01 4.525454e-01 4.584988e-01 4.655271e-01 5.182779e-01 4.083302e-01 3.251899e-01 3.059787e-01 4.475185e-01 4.705195e-01 4.491620e-01 4.335851e-01 4.412675e-01 4.697011e-01 5.314985e-01 4.109268e-01 4.759732e-01 3.438149e-01 4.759032e-01 5.027454e-01 4.694543e-01 4.890904e-01 4.910807e-01 4.323976e-01 4.433595e-01 3.964884e-01 3.874140e-01 3.466944e-01 5.560986e-01 4.612727e-01 3.960806e-01 3.295229e-01 4.214698e-01 3.706970e-01 4.646943e-01 4.334646e-01 4.762065e-01 4.313787e-01 2.943013e-01 4.549091e-01 4.533521e-01 5.030687e-01 3.367339e-01 4.672338e-01 3.577889e-01 3.638392e-01 3.635727e-01 3.211094e-01 4.033113e-01 5.168132e-01 6.313838e-01 4.643225e-01 4.378222e-01 4.298848e-01 4.772887e-01 4.256725e-01 4.981561e-01 5.295923e-01 4.081435e-01 5.023518e-01 3.931407e-01 3.887767e-01 4.227954e-01 4.159341e-01 4.488945e-01 5.505044e-01 4.556625e-01 4.424412e-01 4.346127e-01 4.488067e-01 3.750780e-01 3.937784e-01 3.959270e-01 4.972747e-01 4.668159e-01 4.408022e-01 4.117933e-01 4.650257e-01 4.420924e-01 2.926456e-01 4.985198e-01 4.745160e-01 3.917963e-01 4.594038e-01 4.770185e-01 5.431281e-01 3.827374e-01 4.568807e-01 5.799578e-01 4.237887e-01 4.453475e-01 3.420553e-01 3.898065e-01 3.553094e-01 3.296821e-01 4.365389e-01 4.161341e-01 4.391065e-01 5.033489e-01 3.908100e-01 2.835714e-01 5.499305e-01 3.643059e-01 4.791728e-01 4.443543e-01 3.153493e-01 4.863365e-01 4.024620e-01 3.832893e-01 4.381557e-01 4.473050e-01 4.735735e-01 3.764799e-01 4.702246e-01 4.030012e-01 3.631859e-01 3.600351e-01 3.887652e-01 4.624566e-01 5.306586e-01 4.646510e-01 3.980187e-01 4.636160e-01 4.592786e-01 4.732404e-01 4.851288e-01 4.805978e-01 5.396932e-01 3.861046e-01 5.334112e-01 4.355965e-01
<VARIANCE> 142
 1.870889e-02 7.568344e-03 2.302418e-02 1.283441e-02 2.430188e-02 4.054114e-02 2.357799e-02 2.155568e-02 3.700478e-03 8.830065e-03 6.019249e-03 8.677579e-03 4.098580e-03 9.614020e-03 1.083181e-02 1.439497e-02 1.505484e-03 7.826876e-03 2.560768e-02 8.861816e-03 1.081179e-02 1.420493e-02 2.317770e-02 1.695023e-03 1.768520e-03 8.919266e-03 1.539178e-02 5.566422e-03 2.307271e-03 1.563578e-02 9.890621e-03 3.269166e-02 2.680046e-02 1.205820e-02 7.295933e-03 2.155871e-02 1.061101e-02 1.436350e-02 5.857361e-03 3.433458e-02 1.575109e-02 1.739168e-02 1.620609e-02 1.468407e-02 2.177234e-02 1.789559e-02 9.547886e-03 9.720613e-03 4.637974e-03 8.864093e-03 1.000000e-03 3.109466e-02 1.376068e-02 5.580013e-03 1.368181e-02 5.120988e-03 1.399524e-02 2.701631e-02 1.728091e-02 3.253658e-02 1.527273e-02 2.406527e-02 1.627067e-02 1.440830e-02 8.353728e-03 1.669748e-02 3.279071e-02 2.171076e-02 1.441752e-02 1.968455e-02 3.664592e-03 1.125632e-02 4.043545e-03 1.114683e-02 2.888796e-02 5.831603e-03 6.926697e-03 2.091801e-02 5.353230e-03 1.364864e-02 1.046987e-02 5.496769e-03 9.316904e-03 1.375099e-02 2.077770e-02 1.826356e-02 7.954632e-03 3.238822e-03 1.190756e-02 1.166245e-02 4.464128e-03 1.736649e-02 1.569702e-02 5.138209e-03 4.765479e-03 3.421601e-03 8.529416e-03 6.817486e-03 5.583725e-03 1.414017e-02 3.059098e-03 4.700401e-03 7.866984e-03 3.042070e-03 2.127367e-03 7.546397e-03 7.531477e-03 6.103634e-03 2.555136e-02 4.548342e-02 2.684298e-03 6.100152e-03 5.262522e-02 3.817586e-03 1.305343e-02 2.579231e-03 6.970250e-03 7.431201e-03 5.689284e-03 9.545643e-03 8.225846e-03 1.229395e-02 8.054415e-03 8.491830e-03 2.850298e-02 6.674243e-03 7.781732e-03 7.479391e-03 5.496079e-03 1.351140e-02 1.817366e-02 6.538542e-03 4.162831e-03 5.183854e-03 5.262937e-03 6.195359e-03 7.791573e-03 9.403955e-03 1.740021e-02 4.099804e-03 2.206016e-02 1.572047e-02
<GCONST> -3.953666e+02
<TRANSP> 4
 0.000000e+00 1.000000e+00 0.000000e+00 0.000000e+00
 0.000000e+00 5.000000e-01 5.000000e-01 0.000000e+00
 0.000000e+00 0.000000e+00 5.000000e-01 5.000000e-01
 0.000000e+00 0.000000e+00 0.000000e+00 0.000000e+00
<ENDHMM>
