~o
<STREAMINFO> 1 142
<VECSIZE> 142<NULLD><USER><DIAGC>
~h "turn"
<BEGINHMM>
<NUMSTATES> 4
<STATE> 2
<MEAN> 142
 5.665507e-01 3.609897e-01 4.004630e-01 3.422309e-01 2.847371e-01 3.758852e-01 3.488582e-01 4.172202e-01 3.608697e-01 4.904220e-01 5.503557e-01 4.076743e-01 3.611327e-01 5.554097e-01 4.418868e-01 3.697492e-01 3.974891e-01 3.676225e-01 3.941157e-01 4.043524e-01 5.530769e-01 5.458809e-01 3.778069e-01 4.996456e-01 5.378107e-01 3.710268e-01 5.036436e-01 3.601401e-01 4.335923e-01 3.777494e-01 4.820409e-01 3.810360e-01 3.183160e-01 5.307545e-01 4.273938e-01 3.684144e-01 4.771817e-01 3.567387e-01 4.483324e-01 3.339595e-01 3.694990e-01 4.539670e-01 3.347576e-01 3.912905e-01 2.205453e-01 3.708707e-01 4.641057e-01 4.767978e-01 5.287391e-01 3.877894e-01 4.539571e-01 4.124584e-01 5.114296e-01 2.324344e-01 4.093524e-01 4.028352e-01 5.757317e-01 4.497836e-01 4.121343e-01 3.925302e-01 3.927251e-01 3.959697e-01 3.628314e-01 3.912000e-01 3.732497e-01 3.684613e-01 4.363467e-01 4.703015e-01 3.714440e-01 4.196874e-01 4.158314e-01 3.852133e-01 4.219597e-01 5.122678e-01 3.127311e-01 3.141962e-01 3.924873e-01 3.587944e-01 5.158867e-01 4.788057e-01 4.568887e-01 4.049000e-01 4.139135e-01 4.497966e-01 3.594304e-01 3.516434e-01 3.614380e-01 4.116407e-01 4.929254e-01 3.627754e-01 3.005756e-01 3.291562e-01 3.997977e-01 3.384441e-01 4.145982e-01 4.028210e-01 4.341936e-01 3.145664e-01 4.689775e-01 4.069436e-01 4.450564e-01 5.579206e-01 3.328598e-01 3.489351e-01 4.488691e-01 3.612549e-01 3.996701e-01 3.618360e-01 4.694116e-01 4.484020e-01 3.835906e-01 3.701689e-01 2.941516e-01 4.120525e-01 3.270880e-01 3.345996e-01 4.023390e-01 4.340921e-01 3.816873e-01 4.636484e-01 4.225103e-01 4.467609e-01 3.567600e-01 3.344395e-01 4.723868e-01 3.907858e-01 4.010649e-01 3.427749e-01 2.982598e-01 4.901280e-01 4.111523e-01 4.156895e-01 2.720320e-01 4.138365e-01 4.091212e-01 4.691026e-01 4.257834e-01 4.413369e-01 4.012876e-01 4.710028e-01 4.023043e-01 3.748229e-01
<VARIANCE> 142
 1.375287e-02 1.942280e-02 1.083610e-02 4.082809e-03 3.928562e-03 3.605014e-02 9.969879e-03 1.435615e-02 5.716246e-03 3.856994e-03 2.783497e-02 5.302715e-03 6.549918e-03 2.986491e-02 9.751448e-03 6.502138e-03 1.115371e-02 1.333819e-02 3.265071e-02 1.264739e-02 1.653873e-02 2.382523e-02 1.937607e-02 1.018771e-02 1.359310e-02 6.027594e-03 1.630813e-02 1.078480e-02 9.252109e-03 1.334332e-02 3.450493e-03 8.630065e-03 5.624541e-03 1.391969e-02 3.826281e-03 1.283774e-02 5.436521e-03 1.329827e-02 9.546695e-03 8.357033e-03 1.314135e-02 6.532507e-03 4.888330e-03 1.526991e-02 5.192614e-03 1.770142e-02 1.470789e-02 6.572859e-03 2.208770e-02 5.915591e-03 5.683660e-03 6.237498e-03 8.811614e-03 5.486477e-03 3.143938e-03 1.256512e-02 4.628970e-02 2.310333e-02 2.257173e-02 1.488691e-02 5.040455e-03 1.852107e-03 5.335317e-03 4.187841e-03 9.994928e-03 3.010464e-03 1.353511e-02 2.805834e-02 8.561037e-03 7.744183e-03 2.336572e-03 5.749329e-03 1.995234e-03 5.703114e-03 8.724181e-03 6.497655e-03 4.777810e-03 1.145029e-02 1.041344e-02 8.484031e-03 1.006014e-02 4.987362e-03 1.392814e-02 1.514522e-02 6.656637e-03 3.515065e-03 3.433969e-03 5.694489e-03 5.601382e-03 6.289828e-03 8.946097e-03 9.432455e-03 2.017870e-02 6.069643e-03 4.376640e-03 9.962525e-03 6.850783e-03 1.309757e-02 5.454693e-03 1.157254e-02 7.240553e-03 1.350994e-02 8.188045e-03 6.093100e-03 1.572067e-02 1.087876e-02 5.267062e-03 2.977333e-03 2.422720e-02 4.156660e-02 2.886974e-03 1.042917e-02 4.857679e-03 8.834193e-03 8.054702e-03 7.041316e-03 3.089984e-03 5.307750e-03 1.037484e-02 2.330706e-02 3.497281e-03 1.650663e-02 7.647187e-03 1.999261e-02 3.025874e-02 8.157430e-03 1.010257e-02 1.574684e-02 8.276755e-03 1.838623e-02 7.998904e-03 2.832948e-02 1.253693e-02 2.877375e-03 2.571904e-02 6.797285e-03 1.803694e-03 1.299496e-02 1.069112e-02 1.617339e-02 9.070252e-03 5.400684e-03
<GCONST> -4.085891e+02
<STATE> 3
<MEAN> 142
 6.030468e-01 3.631704e-01 3.188473e-01 3.610932e-01 3.172769e-01 4.927969e-01 4.701498e-01 4.125811e-01 4.549887e-01 4.067975e-01 4.199804e-01 5.029042e-01 5.124723e-01 4.875319e-01 4.329581e-01 4.641109e-01 4.184204e-01 4.212491e-01 3.501918e-01 4.773232e-01 4.741800e-01 4.198026e-01 4.345025e-01 4.183106e-01 4.435067e-01 5.493098e-01 3.765858e-01 3.663822e-01 3.953495e-01 5.340287e-01 4.846458e-01 4.488911e-01 4.534530e-01 4.441092e-01 3.999193e-01 4.050758e-01 3.070015e-01 4.687615e-01 3.691751e-01 4.527389e-01 4.418842e-01 3.967174e-01 3.446650e-01 4.053744e-01 3.041751e-01 4.217913e-01 3.854153e-01 5.283025e-01 4.554771e-01 3.722951e-01 5.580193e-01 5.170749e-01 4.905813e-01 3.914770e-01 4.685551e-01 3.878592e-01 3.974294e-01 3.697142e-01 3.913239e-01 3.720177e-01 5.866955e-01 4.018718e-01 4.069597e-01 4.557769e-01 4.876016e-01 4.545151e-01 5.309942e-01 4.367870e-01 4.502859e-01 4.493447e-01 4.650772e-01 5.093679e-01 4.391671e-01 4.374545e-01 4.357167e-01 4.987909e-01 4.859820e-01 3.690289e-01 4.716306e-01 3.819532e-01 4.733190e-01 3.478256e-01 4.769152e-01 3.818905e-01 4.213315e-01 5.064183e-01 4.803468e-01 4.767554e-01 4.696106e-01 4.441424e-01 4.177518e-01 4.703130e-01 5.032575e-01 3.940143e-01 3.722994e-01 5.100763e-01 4.548407e-01 4.361747e-01 4.474306e-01 4.780287e-01 3.376719e-01 4.373764e-01 3.985944e-01 4.462229e-01 3.287278e-01 3.149373e-01 4.619785e-01 4.131137e-01 4.601553e-01 4.024521e-01 4.480285e-01 4.450769e-01 3.668603e-01 3.236920e-01 3.578157e-01 5.085832e-01 4.033560e-01 3.786222e-01 4.398437e-01 3.816125e-01 4.041326e-01 4.331062e-01 4.030430e-01 4.777819e-01 4.436607e-01 3.299482e-01 4.296510e-01 4.227012e-01 3.571209e-01 4.248559e-01 4.802093e-01 3.928699e-01 5.100541e-01 4.658148e-01 3.982925e-01 3.858561e-01 5.179037e-01 4.414179e-01 5.074990e-01 3.690034e-01 4.392137e-01 4.482030e-01
<VARIANCE> 142
 3.045790e-02 1.288836e-02 1.838383e-02 1.435746e-02 6.092422e-03 1.434562e-02 2.201475e-02 1.270678e-02 1.377062e-02 9.034810e-03 4.566213e-03 1.194391e-02 2.114695e-02 5.062216e-03 3.193112e-02 1.700318e-02 5.394177e-03 8.437859e-03 7.143002e-03 1.148599e-02 7.238981e-03 1.137717e-02 6.448204e-03 4.205055e-03 3.498870e-03 2.486999e-02 1.606519e-02 2.530644e-03 7.323548e-03 1.447148e-02 4.135950e-03 5.726804e-03 3.491701e-02 7.476100e-03 3.012071e-03 9.805235e-03 7.096528e-03 7.995264e-02 4.252936e-03 2.221395e-02 5.060262e-02 3.371226e-03 4.927326e-03 2.021672e-02 1.315964e-02 1.624067e-02 6.613690e-03 2.897816e-02 9.859322e-03 2.225074e-03 2.746706e-03 6.319746e-02 2.756265e-02 9.812514e-03 4.787475e-03 7.697235e-03 1.042463e-02 6.352226e-03 4.725761e-03 1.753736e-02 1.217601e-02 5.449097e-03 8.929839e-03 1.321198e-02 2.372433e-02 1.784276e-02 5.932260e-02 9.473166e-03 1.687895e-02 3.654145e-02 2.958108e-03 2.679010e-02 7.319174e-03 6.114631e-03 9.655448e-03 3.503774e-02 9.232485e-03 1.693797e-02 1.044043e-02 2.598836e-02 2.885265e-03 1.902568e-03 2.961570e-02 6.472837e-03 2.412379e-02 2.172747e-02 8.350719e-03 2.325538e-03 1.685164e-03 9.889659e-03 1.050336e-02 1.195033e-02 5.387104e-03 8.273548e-03 9.553054e-03 8.230077e-03 5.131090e-03 3.663410e-02 6.184137e-03 9.117838e-03 7.061489e-03 6.103625e-03 4.400211e-03 8.717624e-03 8.115132e-03 5.086814e-03 1.896771e-02 1.818685e-02 1.318668e-02 1.005952e-02 7.967895e-03 1.105518e-02 2.219454e-02 8.519014e-03 5.747773e-03 1.796740e-02 3.389940e-03 5.987744e-03 3.356234e-03 4.003047e-03 7.427444e-03 1.191635e-02 6.956861e-03 4.748601e-02 7.143294e-03 9.936013e-03 7.112692e-03 2.189542e-02 1.200265e-02 3.178842e-03 1.974739e-02 4.042339e-03 1.303147e-02 1.859489e-02 1.238407e-02 5.882397e-03 4.692329e-03 1.133412e-02 2.311813e-02 7.317710e-03 4.345753e-03 1.374709e-02
<GCONST> -3.941760e+02
<TRANSP> 4
 0.000000e+00 1.000000e+00 0.000000e+00 0.000000e+00
 0.000000e+00 5.000000e-01 5.000000e-01 0.000000e+00
 0.000000e+00 0.000000e+00 5.000000e-01 5.000000e-01
 0.000000e+00 0.000000e+00 0.000000e+00 0.000000e+00
<ENDHMM>
