~o
<STREAMINFO> 1 142
<VECSIZE> 142<NULLD><USER><DIAGC>
~h "twin"
<BEGINHMM>
<NUMSTATES> 4
<STATE> 2
<MEAN> 142
 5.644007e-01 4.576206e-01 3.522922e-01 3.472223e-01 2.702376e-01 2.443048e-01 2.969839e-01 2.796966e-01 3.630653e-01 4.118469e-01 4.550661e-01 4.988331e-01 3.906310e-01 4.785079e-01 2.963066e-01 2.637025e-01 4.663729e-01 5.318633e-01 3.192652e-01 3.277878e-01 3.961839e-01 3.956033e-01 3.394998e-01 4.732067e-01 4.534664e-01 3.959742e-01 4.346789e-01 4.953223e-01 5.491323e-01 4.548597e-01 4.371612e-01 4.286358e-01 3.991978e-01 4.227705e-01 4.412559e-01 3.838052e-01 3.554663e-01 3.400690e-01 4.410001e-01 2.919008e-01 4.198952e-01 5.658944e-01 4.290036e-01 2.531404e-01 2.548075e-01 4.677440e-01 4.148416e-01 3.176930e-01 3.314730e-01 3.905331e-01 4.483564e-01 3.825635e-01 4.105562e-01 3.336968e-01 5.049588e-01 4.965075e-01 3.483809e-01 2.672143e-01 3.186133e-01 2.987457e-01 3.192630e-01 4.644737e-01 4.330075e-01 4.567113e-01 4.526378e-01 4.844826e-01 3.323162e-01 2.734234e-01 4.113608e-01 4.205921e-01 4.245823e-01 4.018234e-01 4.001657e-01 3.626322e-01 2.579585e-01 3.824109e-01 4.192295e-01 4.598595e-01 4.465627e-01 4.032055e-01 5.068581e-01 4.467181e-01 4.398574e-01 3.652495e-01 3.229811e-01 3.818913e-01 4.091667e-01 4.464645e-01 4.388424e-01 3.274970e-01 4.732790e-01 2.715439e-01 4.773833e-01 4.462066e-01 4.741285e-01 4.651698e-01 4.521359e-01 4.034148e-01 4.243659e-01 4.071204e-01 3.983112e-01 4.654179e-01 3.649782e-01 4.392796e-01 2.754321e-01 2.663758e-01 4.146246e-01 4.344952e-01 3.497274e-01 2.595114e-01 4.544436e-01 4.474322e-01 3.380718e-01 3.639994e-01 4.198636e-01 4.774916e-01 4.623723e-01 4.120057e-01 5.313129e-01 4.199598e-01 4.496497e-01 5.154232e-01 5.170622e-01 4.364321e-01 3.380835e-01 4.814236e-01 4.839494e-01 4.828391e-01 5.502962e-01 3.135525e-01 3.117701e-01 4.568714e-01 4.057404e-01 4.269560e-01 4.481893e-01 4.313874e-01 4.201356e-01 4.340072e-01 3.176863e-01 3.876049e-01 5.035541e-01 4.098963e-01
<VARIANCE> 142
 3.067679e-02 1.584340e-02 1.013352e-02 9.314802e-03 5.076634e-03 9.000131e-03 9.319883e-03 1.407843e-02 1.795159e-03 4.161794e-03 2.010453e-02 1.107283e-02 2.998235e-03 9.561647e-03 1.611244e-02 6.543486e-03 8.732437e-03 8.413545e-03 2.010907e-02 8.851248e-03 1.021689e-02 1.774701e-02 1.029836e-02 8.832198e-03 1.074274e-03 6.003141e-03 6.342143e-03 2.335615e-02 9.235840e-03 1.406373e-02 2.953468e-03 5.580845e-03 1.497059e-02 2.786527e-03 2.411095e-03 4.092421e-03 1.818683e-02 8.907188e-03 9.944906e-03 7.232700e-03 2.037165e-02 1.099713e-02 1.980739e-02 4.757067e-03 1.000943e-02 8.212099e-03 1.010924e-02 3.857766e-03 1.296025e-02 1.551135e-02 3.240406e-03 1.289558e-02 7.765170e-03 1.264125e-02 6.809493e-03 6.520365e-03 1.047007e-02 4.682513e-03 4.364168e-03 1.362603e-02 2.123879e-02 2.707291e-03 1.583778e-02 7.418109e-03 1.427431e-02 9.675307e-03 1.723081e-02 8.855316e-03 8.899980e-03 9.119687e-03 7.294537e-03 1.436606e-02 7.407113e-03 4.812507e-03 2.219432e-02 5.246960e-03 3.612549e-03 1.496092e-02 1.242595e-02 1.141744e-02 6.520022e-03 1.055124e-02 1.526449e-02 8.289722e-03 9.656161e-03 1.116337e-02 5.855093e-03 5.923672e-03 3.502001e-03 8.073851e-03 1.705896e-02 1.000119e-02 4.275171e-03 2.733071e-02 9.471519e-03 3.072695e-03 3.429468e-03 1.510791e-02 6.020198e-03 5.401834e-03 3.195494e-03 1.276374e-02 6.063838e-03 1.684572e-02 5.858155e-03 4.933357e-03 1.536867e-02 8.378425e-03 5.556476e-03 1.119412e-02 7.768457e-03 1.860698e-02 6.343539e-03 4.699983e-03 5.270724e-03 1.783364e-02 2.213957e-02 2.370918e-02 1.746071e-02 2.604631e-03 4.847312e-03 3.752719e-03 4.577168e-03 2.479020e-02 7.480792e-03 4.138917e-03 7.619281e-03 7.922485e-03 3.429794e-02 1.101744e-02 8.600278e-03 9.841454e-03 1.263951e-02 3.277133e-03 1.649027e-02 5.410706e-03 7.938466e-03 7.288264e-03 1.040934e-02 3.710440e-03 1.093061e-02 6.792541e-03
<GCONST> -4.166417e+02
<STATE> 3
<MEAN> 142
 5.939898e-01 3.554823e-01 3.876324e-01 3.905469e-01 3.057202e-01 3.234803e-01 3.398313e-01 3.393127e-01 3.456447e-01 3.945847e-01 4.523907e-01 3.782747e-01 3.351752e-01 4.318097e-01 3.196467e-01 3.462354e-01 4.199416e-01 4.253880e-01 3.549950e-01 3.047212e-01 4.286728e-01 5.033399e-01 3.962965e-01 4.637472e-01 4.984459e-01 3.681297e-01 4.544140e-01 3.529004e-01 4.200416e-01 3.687613e-01 5.156335e-01 4.032322e-01 4.316233e-01 5.092093e-01 4.346532e-01 3.445196e-01 3.947927e-01 3.173148e-01 3.475122e-01 3.767360e-01 3.631643e-01 4.292560e-01 3.709055e-01 2.882629e-01 2.218876e-01 3.622625e-01 4.732977e-01 3.958101e-01 4.220387e-01 3.891506e-01 5.015855e-01 3.563917e-01 4.335823e-01 3.004945e-01 4.398752e-01 3.755483e-01 4.327475e-01 3.383310e-01 3.734244e-01 4.223936e-01 3.980490e-01 4.262355e-01 3.556864e-01 3.662105e-01 3.309249e-01 4.842196e-01 3.854499e-01 4.265680e-01 4.162864e-01 3.449677e-01 4.128218e-01 4.220576e-01 4.382876e-01 4.257114e-01 3.031076e-01 3.748980e-01 4.487919e-01 4.040908e-01 4.686967e-01 4.420927e-01 4.278591e-01 3.547008e-01 4.431780e-01 4.292284e-01 3.673550e-01 4.090396e-01 4.271224e-01 4.194334e-01 4.866174e-01 3.570364e-01 3.291102e-01 3.282873e-01 3.873443e-01 3.102314e-01 4.164248e-01 4.366789e-01 4.152884e-01 3.250205e-01 4.127751e-01 4.313399e-01 3.698364e-01 4.785454e-01 3.556470e-01 3.562149e-01 3.580073e-01 3.061855e-01 3.609991e-01 4.137784e-01 4.015906e-01 3.931306e-01 3.875973e-01 3.630165e-01 3.451566e-01 3.234305e-01 3.464513e-01 4.213256e-01 4.094819e-01 4.085837e-01 4.462317e-01 4.667394e-01 3.889926e-01 4.906037e-01 4.151545e-01 3.591326e-01 3.830958e-01 4.018338e-01 3.906769e-01 3.228047e-01 3.480403e-01 3.988687e-01 3.786809e-01 3.897764e-01 3.029982e-01 4.096912e-01 3.852221e-01 3.831021e-01 4.644175e-01 4.415640e-01 3.573060e-01 3.948337e-01 4.132634e-01 4.208204e-01
<VARIANCE> 142
 1.896039e-02 6.264844e-03 2.317595e-02 2.457738e-02 1.954272e-02 1.886820e-02 1.526774e-02 1.593013e-02 5.942913e-03 6.067844e-03 1.656599e-02 1.612197e-02 5.832188e-03 1.459219e-02 4.431513e-02 9.847430e-03 1.216017e-02 2.156949e-02 1.905367e-02 1.023108e-02 2.289907e-02 1.811282e-02 1.281696e-02 6.235163e-03 2.746999e-03 5.220493e-03 1.691060e-02 1.357321e-02 1.020942e-02 1.095507e-02 1.312228e-02 9.367034e-03 1.687912e-02 5.627256e-03 1.808392e-03 2.553633e-02 2.813376e-02 3.181705e-02 2.575093e-02 2.232143e-02 1.761207e-02 2.089493e-02 1.042865e-02 8.449598e-03 8.912674e-03 3.456436e-03 1.847395e-02 1.487143e-02 1.232101e-02 1.132485e-02 7.098674e-03 2.821220e-02 1.217823e-02 7.627254e-03 8.833751e-03 8.111243e-03 1.041928e-02 1.200750e-02 8.447085e-03 7.065454e-02 1.016142e-02 4.281797e-03 8.759958e-03 7.472372e-03 5.970832e-03 5.644672e-03 2.885209e-02 2.284705e-02 1.348744e-02 9.207015e-03 2.793564e-03 8.877595e-03 1.267602e-02 6.044096e-03 2.206071e-02 1.276677e-02 5.913412e-03 8.584862e-03 5.012277e-03 1.487068e-02 9.386989e-03 7.360802e-03 4.664990e-02 1.187990e-02 1.071959e-02 1.649567e-02 2.298493e-03 2.947209e-03 7.283789e-03 1.229711e-02 1.658738e-02 1.575086e-02 6.271526e-03 1.301654e-02 1.176314e-02 7.301848e-03 8.605109e-03 1.947839e-02 1.404805e-02 8.753465e-03 7.389082e-03 1.695462e-02 3.993264e-03 9.961751e-03 1.384675e-02 3.714003e-03 1.926212e-02 1.049753e-02 1.615787e-02 1.632509e-02 7.024338e-03 3.022371e-03 1.450884e-02 1.439475e-02 3.649981e-03 8.560540e-03 9.066492e-03 6.528181e-03 8.199199e-03 6.457009e-03 8.579091e-03 4.481807e-03 9.129191e-03 1.224819e-02 7.234905e-03 4.866959e-03 5.325958e-03 1.868305e-02 7.663895e-03 1.752780e-02 7.287962e-03 7.734585e-03 1.234031e-02 9.346367e-03 1.649589e-02 2.012002e-02 3.986869e-03 1.972169e-02 2.165627e-02 6.994250e-03 9.985732e-03 1.579241e-02
<GCONST> -3.832030e+02
<TRANSP> 4
 0.000000e+00 1.000000e+00 0.000000e+00 0.000000e+00
 0.000000e+00 5.000000e-01 5.000000e-01 0.000000e+00
 0.000000e+00 0.000000e+00 5.000000e-01 5.000000e-01
 0.000000e+00 0.000000e+00 0.000000e+00 0.000000e+00
<ENDHMM>
