~o
<STREAMINFO> 1 142
<VECSIZE> 142<NULLD><USER><DIAGC>
~h "ugly"
<BEGINHMM>
<NUMSTATES> 4
<STATE> 2
<MEAN> 142
 6.730783e-01 3.045484e-01 3.626303e-01 3.466980e-01 2.581107e-01 3.869364e-01 3.879432e-01 4.124257e-01 3.503461e-01 3.963676e-01 4.398272e-01 3.885749e-01 4.416379e-01 4.939461e-01 3.270047e-01 3.628362e-01 3.899291e-01 3.863924e-01 3.404444e-01 4.177757e-01 4.791812e-01 4.538036e-01 3.917791e-01 4.413107e-01 4.614081e-01 4.507964e-01 4.155863e-01 3.511054e-01 3.797863e-01 3.640023e-01 5.009258e-01 4.435907e-01 3.915132e-01 4.343883e-01 4.050874e-01 3.880975e-01 3.174738e-01 3.809135e-01 3.331977e-01 3.579400e-01 3.376046e-01 3.975650e-01 2.968251e-01 4.009583e-01 2.373540e-01 3.594930e-01 4.435328e-01 4.400123e-01 4.555397e-01 3.589958e-01 4.932721e-01 4.623376e-01 4.475836e-01 2.900690e-01 4.650589e-01 3.339649e-01 5.093223e-01 3.649570e-01 4.132809e-01 3.365268e-01 4.623680e-01 4.321518e-01 3.858182e-01 4.115244e-01 3.858152e-01 4.340296e-01 4.569758e-01 4.137048e-01 4.241504e-01 4.026833e-01 4.604429e-01 4.623977e-01 4.259973e-01 4.120764e-01 3.823530e-01 4.114220e-01 4.608584e-01 4.031135e-01 4.641322e-01 4.038361e-01 4.380741e-01 3.440683e-01 3.864468e-01 4.421254e-01 3.302122e-01 4.437496e-01 4.113488e-01 3.854378e-01 4.768938e-01 3.585023e-01 3.419399e-01 3.798778e-01 4.143969e-01 3.646618e-01 3.835299e-01 4.755545e-01 3.957513e-01 3.524050e-01 4.324943e-01 4.604624e-01 3.873745e-01 4.665820e-01 3.520678e-01 3.402057e-01 3.421172e-01 3.340245e-01 4.355567e-01 4.006022e-01 4.271785e-01 4.084321e-01 4.045303e-01 3.487715e-01 3.160271e-01 3.287365e-01 3.450899e-01 3.899856e-01 3.656209e-01 4.051580e-01 3.907405e-01 4.235702e-01 4.132518e-01 4.746996e-01 4.235988e-01 4.129758e-01 4.418224e-01 3.531538e-01 3.613496e-01 3.684392e-01 3.077235e-01 4.449915e-01 4.021673e-01 3.912974e-01 3.989918e-01 4.336237e-01 3.696592e-01 4.082306e-01 4.511684e-01 4.252708e-01 3.992597e-01 3.428923e-01 4.424281e-01 4.550722e-01
<VARIANCE> 142
 4.487824e-02 4.976768e-03 1.163455e-02 3.996317e-03 9.727067e-03 8.297745e-03 8.347422e-03 1.625941e-02 8.681037e-03 1.268415e-02 8.920936e-03 6.609745e-03 1.546472e-02 8.597598e-03 2.619884e-02 8.770568e-03 7.803113e-03 4.683851e-03 4.163034e-03 1.085501e-02 1.626376e-02 1.784685e-02 9.374562e-03 1.040209e-02 4.829467e-03 1.317451e-02 1.190472e-02 1.016677e-02 2.354064e-03 2.275800e-02 5.221519e-03 7.288135e-03 2.572443e-02 7.874277e-03 1.913988e-03 1.080817e-02 9.453988e-03 3.721346e-02 9.575823e-03 5.526899e-02 2.865068e-02 2.801251e-03 3.437169e-03 1.961081e-02 8.675077e-03 3.599633e-03 1.273442e-02 1.878844e-02 1.108505e-02 7.113894e-03 3.635725e-03 3.267789e-02 1.308875e-02 7.486891e-03 1.051694e-02 5.464698e-03 1.154601e-02 8.328931e-03 8.511532e-03 1.599818e-02 1.178542e-02 8.914963e-03 3.875353e-03 7.323070e-03 1.330364e-02 4.392907e-03 4.249300e-02 1.535690e-02 1.077960e-02 2.701071e-02 5.993567e-03 1.769581e-02 6.630622e-03 6.830824e-03 6.176729e-03 1.238773e-02 8.677588e-03 9.711809e-03 5.570241e-03 6.225020e-03 1.053461e-02 3.121566e-03 1.534237e-02 7.997895e-03 1.184333e-02 1.289890e-02 4.403038e-03 3.629692e-03 6.352259e-03 8.010451e-03 1.615226e-02 8.175166e-03 1.349558e-02 1.029264e-02 3.705436e-03 9.883364e-03 5.551285e-03 2.608560e-02 9.941342e-03 2.741515e-03 8.632401e-03 1.651048e-02 5.080483e-03 1.323854e-02 1.043793e-02 5.278913e-03 1.353103e-02 1.151098e-02 7.829296e-03 1.319513e-02 8.895819e-03 8.856210e-03 9.370461e-03 7.877164e-03 4.183618e-03 8.449011e-03 5.964246e-03 6.067280e-03 6.904245e-03 1.917072e-02 5.518125e-03 1.376685e-02 1.387675e-02 1.479828e-02 1.584029e-02 9.673060e-03 8.269575e-03 1.957816e-02 1.468465e-02 7.577426e-03 9.370297e-03 7.988762e-03 3.356586e-02 7.715500e-03 6.680078e-03 4.996649e-03 6.546517e-03 6.371042e-03 3.950306e-02 2.616337e-03 7.463494e-03 1.008525e-02
<GCONST> -4.019111e+02
<STATE> 3
<MEAN> 142
 6.862236e-01 3.260723e-01 3.995532e-01 3.512396e-01 3.180248e-01 4.389738e-01 3.959312e-01 3.445174e-01 3.389841e-01 4.074251e-01 4.516835e-01 4.106166e-01 3.765833e-01 4.927077e-01 3.168194e-01 3.202547e-01 3.392496e-01 3.792294e-01 3.763551e-01 4.173931e-01 4.765503e-01 4.799574e-01 4.436867e-01 4.038072e-01 4.869270e-01 3.893522e-01 4.360020e-01 3.814046e-01 3.892462e-01 3.511820e-01 4.569891e-01 4.256492e-01 4.083988e-01 4.069429e-01 3.991787e-01 3.794325e-01 3.639164e-01 3.553445e-01 3.311919e-01 3.394613e-01 3.721862e-01 4.102766e-01 3.166254e-01 3.906793e-01 2.277903e-01 4.060120e-01 4.539578e-01 4.006953e-01 4.275737e-01 3.459873e-01 4.825081e-01 3.734876e-01 4.295627e-01 2.542537e-01 4.903595e-01 3.472695e-01 4.955435e-01 3.780674e-01 3.957374e-01 3.548059e-01 4.291179e-01 4.469032e-01 3.848632e-01 4.206174e-01 3.914669e-01 4.237073e-01 3.591068e-01 4.112715e-01 4.667881e-01 3.751082e-01 4.708965e-01 4.885975e-01 3.872560e-01 4.038453e-01 3.751433e-01 3.479161e-01 4.789976e-01 4.400318e-01 4.682924e-01 4.156400e-01 4.461190e-01 4.053603e-01 3.725953e-01 4.894407e-01 3.155076e-01 4.710257e-01 3.943408e-01 4.099638e-01 4.486178e-01 4.090495e-01 3.446486e-01 3.667816e-01 4.235871e-01 3.457998e-01 3.967064e-01 4.933372e-01 4.057568e-01 3.420402e-01 4.310018e-01 4.385060e-01 3.888380e-01 4.956268e-01 3.551820e-01 3.665332e-01 3.536338e-01 3.199027e-01 4.093352e-01 3.349257e-01 4.102682e-01 4.465974e-01 3.939709e-01 3.514042e-01 3.320705e-01 3.196369e-01 3.654773e-01 3.893847e-01 3.511845e-01 4.146287e-01 4.328234e-01 4.571288e-01 4.495900e-01 4.884976e-01 4.601857e-01 4.433211e-01 4.493943e-01 4.072174e-01 3.946155e-01 3.474614e-01 3.539750e-01 4.577462e-01 3.953125e-01 3.802657e-01 4.115522e-01 3.823919e-01 3.733183e-01 4.299749e-01 4.270225e-01 3.789131e-01 3.796386e-01 3.332188e-01 4.386884e-01 4.685943e-01
<VARIANCE> 142
 4.811487e-02 7.379517e-03 1.123588e-02 3.708096e-03 8.206753e-03 2.664426e-02 8.403851e-03 2.360939e-02 4.459032e-03 4.049264e-03 9.400732e-03 1.037716e-02 5.922800e-03 1.154438e-02 2.076674e-02 2.309404e-02 5.035305e-03 6.524200e-03 1.912428e-02 1.073620e-02 1.174080e-02 1.518189e-02 1.219274e-02 4.611573e-03 8.781894e-03 4.550612e-03 1.021541e-02 1.615547e-02 8.726528e-03 1.522394e-02 2.023895e-03 1.083167e-02 2.259548e-02 9.124300e-03 1.293380e-03 1.901525e-02 1.549482e-02 2.084996e-02 1.426772e-02 5.074426e-02 2.115627e-02 3.521062e-03 1.154162e-02 2.626103e-02 4.195873e-03 1.004569e-02 5.606619e-03 1.482848e-02 2.287881e-02 1.030800e-02 3.316066e-03 1.513117e-02 3.576482e-03 5.216946e-03 4.687550e-03 8.429586e-03 2.300862e-02 1.808236e-02 6.219784e-03 1.867722e-02 1.552644e-02 8.018654e-03 4.101050e-03 4.726886e-03 9.210484e-03 4.072558e-03 1.986512e-02 2.395880e-02 8.148507e-03 1.407994e-02 6.176494e-03 2.158538e-02 5.444144e-03 3.799208e-03 1.011419e-02 9.130464e-03 1.001330e-02 2.006461e-02 4.704093e-03 1.362094e-02 9.731488e-03 6.458524e-03 1.512906e-02 1.054807e-02 1.349080e-02 2.764750e-02 1.389677e-03 3.190437e-03 3.496981e-03 1.023462e-02 1.766986e-02 2.144172e-02 5.372094e-03 1.997408e-02 1.151263e-02 3.275567e-03 7.187093e-03 1.150153e-02 1.580287e-02 4.761018e-03 7.870428e-03 5.886245e-03 1.472646e-03 7.255936e-03 1.878004e-02 2.854779e-03 7.108338e-03 1.653909e-02 1.287243e-02 3.771857e-02 4.980791e-03 7.161809e-03 4.507815e-03 6.633442e-03 6.589076e-03 3.254896e-03 1.027526e-02 1.242324e-02 1.373690e-02 5.994113e-03 3.600748e-03 1.191018e-02 1.332308e-02 1.327555e-02 1.876345e-02 6.552359e-03 8.190713e-03 1.375346e-02 3.574720e-02 1.313908e-02 1.460159e-02 8.544090e-03 2.839220e-02 4.194524e-03 1.013930e-02 7.267224e-03 1.338746e-02 7.959961e-03 3.929081e-02 2.710468e-03 1.460389e-02 4.010393e-03
<GCONST> -4.013396e+02
<TRANSP> 4
 0.000000e+00 1.000000e+00 0.000000e+00 0.000000e+00
 0.000000e+00 5.000000e-01 5.000000e-01 0.000000e+00
 0.000000e+00 0.000000e+00 5.000000e-01 5.000000e-01
 0.000000e+00 0.000000e+00 0.000000e+00 0.000000e+00
<ENDHMM>
