~o
<STREAMINFO> 1 142
<VECSIZE> 142<NULLD><USER><DIAGC>
~h "uncle"
<BEGINHMM>
<NUMSTATES> 4
<STATE> 2
<MEAN> 142
 6.011465e-01 3.303508e-01 2.844439e-01 3.087488e-01 2.958689e-01 1.716427e-01 3.076268e-01 3.666560e-01 3.654766e-01 4.457469e-01 4.600949e-01 3.689794e-01 3.686229e-01 4.525193e-01 3.276080e-01 3.395344e-01 3.918899e-01 3.889344e-01 2.321766e-01 3.812760e-01 4.202317e-01 4.899253e-01 3.791824e-01 4.805615e-01 4.817270e-01 3.823411e-01 3.860888e-01 2.800578e-01 4.419924e-01 2.789174e-01 4.151042e-01 4.354348e-01 3.316838e-01 5.370781e-01 4.220779e-01 3.575693e-01 3.324484e-01 3.320654e-01 4.154454e-01 2.884764e-01 3.124128e-01 5.036233e-01 2.982785e-01 2.954288e-01 8.609606e-02 3.580241e-01 4.714675e-01 4.525101e-01 4.163546e-01 2.846310e-01 4.311731e-01 4.480341e-01 4.408610e-01 2.501396e-01 3.913232e-01 3.015256e-01 4.144177e-01 2.751686e-01 3.159141e-01 2.601620e-01 3.375728e-01 4.673116e-01 4.638827e-01 3.941272e-01 3.810501e-01 4.448791e-01 4.046675e-01 3.806542e-01 3.584113e-01 3.727180e-01 3.872489e-01 3.047845e-01 3.872228e-01 3.815477e-01 2.390839e-01 3.355871e-01 4.226293e-01 3.917034e-01 5.114093e-01 4.619544e-01 4.016623e-01 4.146329e-01 3.612571e-01 3.820450e-01 2.855455e-01 3.555789e-01 3.869202e-01 4.091578e-01 4.580700e-01 1.831059e-01 2.637833e-01 1.963388e-01 3.072394e-01 2.609230e-01 4.198888e-01 4.242040e-01 4.258153e-01 2.973983e-01 5.245447e-01 4.881990e-01 3.937108e-01 4.924120e-01 2.782497e-01 3.267686e-01 2.878938e-01 4.088703e-01 3.724341e-01 3.877495e-01 3.417509e-01 3.717802e-01 2.961631e-01 2.448040e-01 2.892599e-01 4.093531e-01 2.658414e-01 3.722030e-01 2.815564e-01 4.911893e-01 3.622638e-01 4.391491e-01 4.458477e-01 4.696100e-01 4.215056e-01 2.088084e-01 4.582830e-01 3.549133e-01 2.950986e-01 3.645590e-01 2.692764e-01 4.092137e-01 3.848361e-01 3.457177e-01 2.464757e-01 4.459854e-01 3.758412e-01 4.683165e-01 3.613094e-01 4.009076e-01 3.298747e-01 4.342263e-01 4.925810e-01 4.010476e-01
<VARIANCE> 142
 5.918485e-03 3.308433e-03 8.059422e-03 1.342823e-02 4.367283e-02 3.662950e-03 2.056137e-03 8.103543e-03 1.181799e-03 1.499029e-02 1.106414e-02 1.792616e-03 9.177927e-03 1.096127e-02 1.511522e-02 7.922073e-03 4.895086e-03 5.056262e-03 5.041542e-03 7.770333e-03 2.208061e-03 7.055753e-03 7.208641e-03 9.653846e-03 7.676469e-03 5.306291e-03 1.271680e-02 5.377696e-03 9.320133e-03 6.153167e-03 3.211575e-03 1.356359e-02 4.542460e-03 7.700120e-03 7.831840e-03 1.416657e-02 1.059515e-02 1.032236e-02 3.056568e-02 1.492171e-02 1.304151e-02 1.436104e-02 1.115901e-02 6.314654e-03 4.013678e-03 1.000000e-03 1.662109e-02 8.996821e-03 1.648329e-02 4.306967e-03 6.188561e-03 3.786107e-03 1.452793e-03 1.924853e-03 1.901030e-03 1.316642e-03 2.597933e-02 1.707947e-03 1.330363e-02 7.834569e-03 1.830945e-03 4.419937e-02 1.169765e-02 6.449630e-03 1.315695e-02 1.420271e-03 7.133786e-03 2.040120e-02 2.183347e-03 1.200303e-02 2.436719e-03 9.570870e-03 5.958331e-03 3.091604e-03 9.726357e-03 9.959597e-03 4.042778e-03 1.864552e-02 7.041754e-03 1.499942e-02 9.672821e-03 1.782604e-02 1.545114e-02 5.735853e-03 5.505177e-03 5.859222e-03 2.719350e-03 5.865879e-03 1.795425e-03 6.505857e-03 3.020933e-03 6.271225e-03 7.222591e-03 1.694018e-03 3.600028e-03 1.036427e-02 6.249275e-03 3.408810e-03 5.264242e-02 2.001365e-03 7.423178e-03 1.339746e-03 1.619713e-03 2.011796e-02 1.613386e-03 2.388223e-02 4.782100e-03 1.165550e-02 4.578661e-03 1.689611e-02 1.545423e-03 2.349044e-03 2.235563e-03 3.827152e-02 1.554917e-03 1.468150e-03 4.709892e-03 2.105686e-02 2.312181e-03 1.875256e-03 6.938126e-03 6.033260e-03 1.604738e-03 9.344425e-03 1.304561e-02 3.556400e-03 3.210779e-03 1.379797e-02 8.515653e-03 1.101809e-02 3.949720e-03 1.206556e-02 5.260950e-03 2.894392e-03 1.231437e-02 2.255363e-02 5.500653e-03 8.715888e-03 1.625947e-02 1.143911e-02 1.145130e-02 4.933643e-03
<GCONST> -4.577170e+02
<STATE> 3
<MEAN> 142
 5.781029e-01 2.931169e-01 2.213466e-01 2.874151e-01 2.495933e-01 3.159902e-01 3.304023e-01 3.814604e-01 3.633445e-01 4.108905e-01 3.459376e-01 4.454094e-01 3.626810e-01 3.938415e-01 4.479294e-01 3.504881e-01 5.340646e-01 4.585867e-01 2.482159e-01 3.641799e-01 4.033114e-01 3.813959e-01 3.494644e-01 4.054095e-01 4.178703e-01 4.029955e-01 3.645473e-01 3.981749e-01 4.532014e-01 4.309558e-01 5.338979e-01 3.754575e-01 3.487235e-01 4.882732e-01 4.325340e-01 4.030446e-01 3.128076e-01 4.269831e-01 3.963306e-01 4.579410e-01 3.769329e-01 4.769409e-01 2.977688e-01 3.405971e-01 2.468744e-01 3.506970e-01 3.309001e-01 4.381142e-01 3.676648e-01 2.660206e-01 4.344347e-01 4.563914e-01 4.807312e-01 3.220033e-01 4.213505e-01 3.587750e-01 3.689070e-01 2.902320e-01 3.642624e-01 3.039767e-01 3.995410e-01 4.005871e-01 3.690821e-01 4.123658e-01 3.970025e-01 4.122216e-01 4.815785e-01 3.883124e-01 3.739204e-01 4.521419e-01 4.191573e-01 3.768901e-01 4.165854e-01 3.847065e-01 2.381911e-01 3.612410e-01 3.656209e-01 2.683708e-01 4.875001e-01 3.520068e-01 4.672380e-01 3.504976e-01 4.768475e-01 3.437444e-01 3.817401e-01 3.687449e-01 4.042985e-01 3.884514e-01 4.795970e-01 3.896209e-01 3.488538e-01 3.868859e-01 4.167581e-01 3.392821e-01 3.679644e-01 4.745513e-01 4.543577e-01 3.485233e-01 4.424895e-01 4.212926e-01 3.898669e-01 3.864260e-01 2.920856e-01 3.407876e-01 3.030640e-01 3.041227e-01 3.637430e-01 4.153902e-01 3.093660e-01 3.681293e-01 3.556080e-01 3.706892e-01 3.091157e-01 3.232168e-01 3.197290e-01 3.779729e-01 3.554527e-01 3.396177e-01 3.963433e-01 3.512331e-01 3.311019e-01 4.003399e-01 3.297288e-01 4.455580e-01 3.859572e-01 3.626321e-01 3.932428e-01 3.824024e-01 3.369738e-01 3.786282e-01 3.885320e-01 3.560897e-01 3.513407e-01 3.871876e-01 4.107611e-01 3.388168e-01 4.893752e-01 4.397626e-01 4.418627e-01 3.271279e-01 3.887081e-01 3.961806e-01
<VARIANCE> 142
 2.500509e-02 9.719064e-03 1.114650e-02 2.365410e-03 5.189749e-03 1.844201e-02 7.766081e-03 1.839492e-02 1.044361e-03 8.923921e-03 1.687937e-03 4.509920e-03 4.693350e-03 8.743840e-03 3.328143e-02 9.889417e-03 1.281668e-02 3.274247e-02 5.622840e-03 7.135277e-03 2.818645e-03 3.939171e-03 5.570648e-03 8.211054e-03 2.474313e-03 9.284048e-03 5.905716e-03 6.273752e-03 1.361804e-02 2.809642e-02 3.161127e-03 1.403630e-03 1.610708e-02 1.913534e-02 7.195421e-03 2.784830e-02 5.900896e-03 2.662617e-02 2.580495e-02 6.059376e-02 1.042371e-02 2.824076e-02 6.099944e-03 7.959154e-03 5.461300e-03 2.008942e-03 4.801630e-03 1.765387e-02 7.796257e-03 4.826603e-03 2.087727e-03 1.382441e-02 1.408831e-02 6.358519e-03 1.537871e-02 9.811509e-03 8.040959e-03 4.639914e-03 5.903529e-03 6.065515e-03 6.761346e-03 5.176840e-03 1.868765e-03 3.542691e-03 3.773664e-03 3.725328e-03 9.673906e-03 7.534288e-03 1.746960e-02 6.951007e-03 2.233179e-03 3.942950e-02 1.118718e-02 7.155198e-03 6.499929e-03 3.801542e-03 1.147554e-02 4.840457e-03 3.736568e-03 1.224402e-02 7.402251e-03 5.812211e-03 5.461616e-02 7.324828e-03 8.126126e-03 1.302920e-02 2.506696e-03 8.132274e-03 1.493520e-03 1.583427e-02 1.295022e-02 2.808487e-02 1.382961e-02 1.041331e-02 1.917907e-03 5.049093e-03 1.000478e-02 1.282178e-02 1.472171e-02 6.501439e-03 7.200428e-03 2.225009e-03 2.664518e-03 9.102055e-03 4.294462e-03 4.035694e-03 5.218212e-03 1.854385e-02 5.075443e-03 2.035588e-02 4.622233e-03 2.675319e-03 8.253973e-03 2.108496e-02 4.042026e-03 3.947366e-03 9.952807e-03 5.445499e-03 1.733600e-03 7.579886e-03 5.254874e-03 5.329275e-03 3.955945e-03 1.157614e-02 6.309064e-03 2.656561e-03 6.192115e-03 1.718140e-02 1.641193e-02 2.083652e-03 2.023996e-02 6.678582e-03 1.062279e-02 9.550439e-03 1.710533e-02 4.345079e-03 8.821756e-03 2.712082e-02 4.879673e-02 6.644868e-03 2.808292e-03 6.816429e-03
<GCONST> -4.326826e+02
<TRANSP> 4
 0.000000e+00 1.000000e+00 0.000000e+00 0.000000e+00
 0.000000e+00 5.000000e-01 5.000000e-01 0.000000e+00
 0.000000e+00 0.000000e+00 5.000000e-01 5.000000e-01
 0.000000e+00 0.000000e+00 0.000000e+00 0.000000e+00
<ENDHMM>
