~o
<STREAMINFO> 1 142
<VECSIZE> 142<NULLD><USER><DIAGC>
~h "understand"
<BEGINHMM>
<NUMSTATES> 4
<STATE> 2
<MEAN> 142
 6.268716e-01 3.238700e-01 4.025402e-01 3.060024e-01 3.036358e-01 4.877528e-01 4.461517e-01 3.772438e-01 3.981895e-01 4.115119e-01 4.425254e-01 4.327879e-01 4.300602e-01 4.837676e-01 3.780079e-01 3.507189e-01 3.976843e-01 4.094365e-01 3.609708e-01 4.392968e-01 5.360481e-01 4.827107e-01 4.538563e-01 4.138085e-01 4.836076e-01 4.237896e-01 4.092775e-01 3.610961e-01 3.938150e-01 4.184519e-01 4.910472e-01 4.068900e-01 4.206586e-01 4.891821e-01 4.180080e-01 3.966981e-01 3.557189e-01 3.874894e-01 3.735187e-01 3.904631e-01 3.939286e-01 3.874243e-01 3.438297e-01 4.312008e-01 2.524047e-01 3.947545e-01 4.202067e-01 5.009463e-01 4.826653e-01 3.914529e-01 5.499262e-01 4.515373e-01 4.638525e-01 2.608616e-01 4.414021e-01 3.683797e-01 4.749240e-01 4.277834e-01 3.806889e-01 3.675094e-01 5.035244e-01 4.216232e-01 3.691809e-01 4.114502e-01 4.048997e-01 4.330026e-01 4.422506e-01 4.494733e-01 4.355994e-01 4.373252e-01 4.999247e-01 4.729616e-01 4.104888e-01 4.331475e-01 3.941042e-01 4.216555e-01 4.360069e-01 4.221885e-01 4.894947e-01 4.581670e-01 4.233531e-01 3.527379e-01 4.189512e-01 4.434931e-01 4.129979e-01 4.189069e-01 4.100797e-01 4.286160e-01 4.858181e-01 4.188229e-01 3.722671e-01 3.673626e-01 4.380831e-01 3.760771e-01 3.824124e-01 4.887802e-01 4.012161e-01 3.591304e-01 4.496856e-01 4.957141e-01 4.003279e-01 4.595802e-01 3.484678e-01 3.960076e-01 3.699670e-01 2.957615e-01 4.308964e-01 4.041974e-01 4.191528e-01 4.470637e-01 3.902162e-01 3.809347e-01 3.662941e-01 3.506075e-01 3.670611e-01 4.244770e-01 4.043154e-01 3.991348e-01 4.015062e-01 4.382633e-01 3.940847e-01 4.907271e-01 3.688811e-01 4.418373e-01 5.177592e-01 3.514389e-01 4.144947e-01 3.736906e-01 3.544011e-01 4.969119e-01 4.320492e-01 4.065929e-01 3.848959e-01 4.093775e-01 4.020327e-01 4.050488e-01 5.118585e-01 4.533403e-01 4.375142e-01 3.784183e-01 3.825575e-01 4.729952e-01
<VARIANCE> 142
 3.302459e-02 5.010518e-03 8.950073e-03 4.890676e-03 1.619271e-02 1.714137e-02 1.727312e-02 8.584059e-03 1.689088e-02 4.688604e-03 1.368718e-02 9.949288e-03 9.994563e-03 1.199312e-02 3.269323e-02 9.174380e-03 8.605567e-03 1.895698e-02 3.239484e-02 1.131902e-02 1.309760e-02 1.318415e-02 1.714648e-02 6.402014e-03 8.568689e-03 5.182848e-03 6.970007e-03 1.398836e-02 7.600049e-03 1.480923e-02 7.121769e-03 4.614534e-03 3.163289e-02 9.826244e-03 2.219645e-03 9.892402e-03 1.075036e-02 3.665714e-02 1.399408e-02 1.983619e-02 2.260212e-02 8.837190e-03 2.317762e-02 2.117482e-02 1.692369e-02 1.117430e-02 9.480610e-03 1.222431e-02 1.583918e-02 1.174193e-02 8.239288e-03 3.277542e-02 1.215652e-02 8.184544e-03 5.476027e-03 1.097688e-02 2.283901e-02 2.187082e-02 1.164635e-02 1.739519e-02 8.575311e-03 7.154399e-03 3.861409e-03 4.764777e-03 1.425422e-02 9.756276e-03 3.765250e-02 1.529764e-02 6.996038e-03 2.505367e-02 9.625874e-03 2.204776e-02 1.059499e-02 6.514581e-03 8.872298e-03 8.475271e-03 5.382921e-03 2.406150e-02 1.460792e-02 1.496062e-02 7.384633e-03 4.466057e-03 3.499469e-02 8.476755e-03 8.737891e-03 1.918550e-02 4.513815e-03 8.628944e-03 2.050296e-03 1.321416e-02 1.801093e-02 2.301877e-02 1.008701e-02 9.038581e-03 8.802935e-03 7.189943e-03 8.061187e-03 1.544339e-02 1.207987e-02 1.679594e-02 1.530452e-02 6.167663e-03 8.010251e-03 2.931353e-02 1.570495e-02 3.432684e-03 1.049875e-02 1.919063e-02 1.048466e-02 3.063217e-02 1.455874e-02 7.454653e-03 2.730086e-02 2.934123e-03 6.230622e-03 1.312490e-02 1.813714e-02 1.102543e-02 7.726996e-03 1.517661e-02 2.801142e-03 1.901208e-02 1.196484e-02 3.869926e-02 1.344556e-02 3.688895e-03 8.417388e-03 1.864062e-02 9.625369e-03 1.037761e-02 1.826714e-02 9.994308e-03 1.687955e-02 1.511833e-02 1.387941e-02 7.820152e-03 1.295585e-02 1.738952e-02 2.490998e-02 2.457633e-03 6.803142e-03 1.355217e-02
<GCONST> -3.747088e+02
<STATE> 3
<MEAN> 142
 5.368668e-01 3.738230e-01 3.266185e-01 3.373826e-01 3.219467e-01 2.809528e-01 3.253092e-01 2.959100e-01 3.798458e-01 4.145911e-01 4.356545e-01 4.367321e-01 4.111043e-01 4.822350e-01 3.844875e-01 3.582774e-01 3.946087e-01 3.714389e-01 3.122745e-01 3.678462e-01 4.414934e-01 4.167325e-01 3.512558e-01 4.397971e-01 4.754405e-01 3.720510e-01 3.759699e-01 4.458949e-01 4.424220e-01 4.059634e-01 4.434751e-01 3.828616e-01 3.146665e-01 4.501785e-01 4.112325e-01 3.919403e-01 3.802771e-01 4.254303e-01 4.114384e-01 3.664543e-01 4.499302e-01 4.646610e-01 3.341970e-01 3.115237e-01 2.144378e-01 3.775689e-01 4.272170e-01 4.447720e-01 4.337018e-01 3.393370e-01 4.960765e-01 4.401609e-01 4.494090e-01 3.172511e-01 4.140044e-01 3.499958e-01 3.944453e-01 3.315448e-01 3.528511e-01 3.110898e-01 3.837162e-01 4.119822e-01 3.972710e-01 4.214098e-01 4.429411e-01 4.149252e-01 4.585076e-01 3.684185e-01 3.705504e-01 4.503222e-01 4.376657e-01 3.368927e-01 4.000425e-01 3.887806e-01 2.623845e-01 3.596373e-01 3.876052e-01 4.182189e-01 4.790371e-01 4.208756e-01 4.919662e-01 4.236691e-01 4.158553e-01 3.822887e-01 3.470719e-01 3.661756e-01 3.717285e-01 4.426229e-01 4.428132e-01 3.086294e-01 3.705086e-01 2.571248e-01 4.232625e-01 3.732474e-01 4.278315e-01 4.643110e-01 4.373541e-01 3.685428e-01 4.780066e-01 4.102631e-01 4.246198e-01 4.132385e-01 3.244788e-01 3.849438e-01 3.495301e-01 3.097875e-01 4.202892e-01 4.490065e-01 3.779151e-01 3.691714e-01 3.713329e-01 3.863337e-01 2.973075e-01 3.897533e-01 3.390970e-01 3.804968e-01 3.649416e-01 4.139369e-01 4.487975e-01 3.675317e-01 4.505800e-01 3.986083e-01 4.211574e-01 3.353942e-01 3.696605e-01 3.778352e-01 4.219700e-01 4.265786e-01 4.445456e-01 3.548658e-01 3.971597e-01 4.396290e-01 3.972277e-01 4.338418e-01 4.684765e-01 4.609798e-01 3.874638e-01 4.859812e-01 4.351871e-01 3.991432e-01 4.302823e-01 4.272282e-01
<VARIANCE> 142
 1.143363e-02 1.049855e-02 9.139615e-03 1.002808e-02 1.659014e-02 1.718855e-02 8.667537e-03 1.866670e-02 4.234836e-03 8.471870e-03 1.726112e-02 6.128543e-03 2.225146e-02 1.908388e-02 1.538126e-02 1.336902e-02 7.783622e-03 9.513004e-03 2.168690e-02 2.244281e-02 1.615944e-02 1.436152e-02 1.816010e-02 6.793357e-03 1.946706e-03 1.650185e-02 9.110929e-03 1.557660e-02 1.287571e-02 1.675508e-02 4.947624e-03 4.658570e-03 9.187535e-03 6.889947e-03 3.093539e-03 6.422501e-03 7.963066e-03 2.266069e-02 1.619555e-02 3.660922e-02 1.451381e-02 1.121458e-02 6.484390e-03 1.506872e-02 5.370193e-03 6.454810e-03 1.231708e-02 1.748390e-02 1.246091e-02 1.375620e-02 5.952172e-03 3.044349e-02 1.644479e-02 7.069242e-03 4.626001e-03 1.382378e-02 2.160378e-02 8.892924e-03 8.465767e-03 1.283149e-02 1.324280e-02 3.958792e-03 6.312422e-03 8.095888e-03 1.151558e-02 5.526527e-03 3.962796e-02 1.739901e-02 3.540919e-03 1.435668e-02 4.049086e-03 1.048885e-02 3.303092e-03 3.945954e-03 2.016298e-02 1.610206e-02 3.935315e-03 2.317174e-02 8.551772e-03 1.581337e-02 5.028962e-03 7.372167e-03 1.040179e-02 1.159092e-02 6.427310e-03 6.040591e-03 4.243275e-03 3.428683e-03 2.608599e-03 4.610077e-03 9.711741e-03 7.365363e-03 1.213598e-02 1.729390e-02 1.538079e-02 7.547121e-03 5.851682e-03 1.913832e-02 1.462057e-02 8.229525e-03 6.259951e-03 1.314660e-02 8.651999e-03 8.698826e-03 8.586916e-03 9.664183e-03 1.126232e-02 7.045969e-03 1.597744e-02 1.278588e-02 7.545187e-03 7.775055e-03 8.064926e-03 1.285560e-02 9.005137e-03 1.282977e-02 6.261195e-03 5.728425e-03 1.071503e-02 1.446432e-02 7.550167e-03 8.554787e-03 8.794565e-03 1.724533e-02 1.474045e-02 5.967300e-03 6.631208e-03 7.887063e-03 2.039770e-02 9.182741e-03 1.746245e-02 1.531746e-02 8.956051e-03 7.864255e-03 1.835638e-02 9.298162e-03 6.494301e-03 1.146351e-02 3.406505e-02 5.312690e-03 9.175505e-03 7.562498e-03
<GCONST> -3.943985e+02
<TRANSP> 4
 0.000000e+00 1.000000e+00 0.000000e+00 0.000000e+00
 0.000000e+00 5.000000e-01 5.000000e-01 0.000000e+00
 0.000000e+00 0.000000e+00 5.000000e-01 5.000000e-01
 0.000000e+00 0.000000e+00 0.000000e+00 0.000000e+00
<ENDHMM>
