~o
<STREAMINFO> 1 142
<VECSIZE> 142<NULLD><USER><DIAGC>
~h "upset"
<BEGINHMM>
<NUMSTATES> 4
<STATE> 2
<MEAN> 142
 5.122383e-01 3.785510e-01 3.066140e-01 3.845175e-01 3.311117e-01 2.341948e-01 2.938556e-01 2.547016e-01 3.264790e-01 4.580590e-01 4.060748e-01 3.719458e-01 2.930724e-01 4.354896e-01 3.161354e-01 3.322974e-01 4.533456e-01 3.565585e-01 2.984356e-01 2.728551e-01 4.613453e-01 4.592969e-01 3.263208e-01 4.922355e-01 4.720797e-01 3.201278e-01 4.503841e-01 3.967563e-01 4.540417e-01 3.725184e-01 4.494119e-01 4.231244e-01 3.356468e-01 5.012876e-01 4.419726e-01 3.931908e-01 3.704246e-01 3.298526e-01 4.574612e-01 2.639159e-01 4.131327e-01 5.206727e-01 3.911929e-01 2.761520e-01 1.999664e-01 3.703489e-01 4.321953e-01 3.250411e-01 3.977658e-01 3.152860e-01 5.016732e-01 3.179877e-01 3.572820e-01 2.865091e-01 4.202830e-01 3.956344e-01 3.553242e-01 2.707976e-01 3.202439e-01 3.188463e-01 3.269972e-01 4.561214e-01 3.563688e-01 4.328011e-01 3.817059e-01 4.477851e-01 3.270963e-01 3.162696e-01 3.730925e-01 4.015817e-01 3.841325e-01 3.351635e-01 4.149006e-01 3.549393e-01 2.221090e-01 3.054621e-01 3.944682e-01 3.886398e-01 4.734653e-01 4.559438e-01 4.739858e-01 4.063088e-01 4.316073e-01 4.067786e-01 2.923462e-01 3.667753e-01 3.533068e-01 3.743683e-01 4.817552e-01 3.274685e-01 3.501743e-01 2.868507e-01 3.829561e-01 3.508050e-01 4.557570e-01 4.199142e-01 4.101574e-01 3.358270e-01 4.944147e-01 3.718843e-01 3.955527e-01 4.652726e-01 3.088002e-01 4.206033e-01 3.112242e-01 2.897114e-01 3.364714e-01 4.027643e-01 3.106485e-01 3.198442e-01 3.700840e-01 3.661000e-01 3.215274e-01 4.112818e-01 3.456289e-01 3.435035e-01 4.091464e-01 4.447282e-01 4.008791e-01 3.535590e-01 4.402231e-01 4.431180e-01 4.109880e-01 3.510969e-01 3.225046e-01 4.178120e-01 3.991032e-01 3.969108e-01 4.190760e-01 3.307706e-01 2.946872e-01 4.311163e-01 3.121853e-01 3.513576e-01 4.024538e-01 4.531090e-01 3.871138e-01 4.083044e-01 3.476032e-01 4.177674e-01 4.909764e-01 3.557490e-01
<VARIANCE> 142
 1.359499e-02 6.206935e-03 1.795700e-02 1.397596e-02 1.329601e-02 1.747757e-02 2.057960e-03 1.589933e-02 5.314788e-03 4.448137e-03 1.447566e-02 8.956200e-03 6.368583e-03 2.811345e-02 1.122185e-02 9.143330e-03 8.394411e-03 5.713651e-03 1.973750e-02 9.732407e-03 1.900252e-02 1.576686e-02 5.768878e-03 7.220037e-03 5.044334e-03 4.635470e-03 8.969595e-03 1.705903e-02 6.744085e-03 8.878455e-03 2.182066e-03 7.217742e-03 1.025558e-02 2.146772e-02 2.414397e-03 1.314006e-02 1.108770e-02 1.253864e-02 8.846123e-03 6.759009e-03 9.274183e-03 5.008541e-03 1.060066e-02 7.598660e-03 5.949831e-03 6.854246e-03 1.530835e-02 1.105983e-02 1.008696e-02 1.776683e-02 9.105436e-03 8.191344e-03 7.342090e-03 3.464730e-03 1.423385e-02 6.611383e-03 2.039099e-02 1.481424e-02 3.872080e-03 5.367371e-03 4.820903e-03 5.717012e-03 3.487410e-03 5.094251e-03 1.397098e-02 2.275558e-02 1.315946e-02 2.179070e-02 7.330403e-03 6.364916e-03 8.171007e-03 6.237758e-03 2.514798e-03 1.190254e-02 8.879459e-03 2.632465e-03 7.380635e-03 2.637990e-02 8.955332e-03 1.020618e-02 5.906931e-03 6.286222e-03 1.759023e-02 9.330794e-03 4.990298e-03 1.309359e-02 9.893959e-03 3.702456e-03 2.412929e-03 5.545941e-03 1.848207e-02 5.937709e-03 6.952591e-03 1.575236e-02 2.963431e-03 5.792216e-03 3.517913e-03 1.209684e-02 2.051802e-02 6.869956e-03 1.049218e-02 1.237589e-02 6.164287e-03 8.360429e-03 1.210431e-02 8.462955e-03 1.467149e-02 9.266414e-03 1.374634e-02 1.869648e-02 4.432172e-03 1.415475e-02 2.063263e-02 2.344552e-02 6.933849e-03 5.651967e-03 7.080909e-03 1.489686e-02 1.069993e-02 1.316575e-02 3.574846e-03 7.551278e-03 9.548180e-03 1.533116e-02 2.115468e-02 3.831172e-03 7.893333e-03 1.165683e-02 2.010610e-02 1.693800e-02 1.057823e-02 7.712125e-03 1.299120e-02 1.039258e-02 5.621401e-03 1.710709e-02 6.892556e-03 4.127936e-03 7.313593e-03 7.655389e-03 2.284687e-02 7.241787e-03
<GCONST> -4.099867e+02
<STATE> 3
<MEAN> 142
 7.915974e-01 3.433579e-01 3.755508e-01 3.278622e-01 2.002898e-01 3.397070e-01 3.592680e-01 3.779491e-01 3.283412e-01 3.817666e-01 4.236819e-01 4.327729e-01 3.547138e-01 4.485839e-01 2.290169e-01 3.444158e-01 4.039128e-01 3.714206e-01 3.120963e-01 3.971216e-01 4.784938e-01 4.832277e-01 4.133968e-01 4.627784e-01 4.273699e-01 4.293927e-01 4.129432e-01 3.532683e-01 3.730988e-01 2.893497e-01 4.615792e-01 4.773669e-01 4.658893e-01 4.681642e-01 4.189925e-01 3.768322e-01 2.616706e-01 2.650953e-01 3.031398e-01 2.623202e-01 2.599766e-01 4.354513e-01 2.768290e-01 4.084722e-01 2.049015e-01 4.179392e-01 4.074493e-01 3.624381e-01 3.914101e-01 3.284477e-01 4.450893e-01 3.836790e-01 4.367388e-01 2.440261e-01 4.991408e-01 3.493169e-01 4.104598e-01 3.627176e-01 3.409310e-01 2.568822e-01 4.556789e-01 4.166953e-01 3.723285e-01 3.914006e-01 3.357471e-01 4.597762e-01 3.268514e-01 3.475100e-01 4.213340e-01 3.107036e-01 4.818450e-01 5.112908e-01 4.481018e-01 4.262823e-01 3.495324e-01 3.445610e-01 4.835316e-01 4.244018e-01 4.423584e-01 4.211230e-01 3.720961e-01 3.491895e-01 3.411705e-01 4.419207e-01 2.844889e-01 4.971649e-01 4.053941e-01 4.153937e-01 4.493307e-01 3.266883e-01 3.492789e-01 3.693272e-01 3.639786e-01 3.226728e-01 3.557835e-01 4.446963e-01 3.727069e-01 3.048835e-01 3.581579e-01 4.317337e-01 3.301197e-01 4.834716e-01 3.523661e-01 2.747370e-01 2.793390e-01 2.864362e-01 3.506586e-01 3.173833e-01 3.710758e-01 3.833183e-01 3.846695e-01 3.627561e-01 2.709997e-01 2.748353e-01 3.276825e-01 3.803087e-01 3.935009e-01 3.808925e-01 4.096800e-01 3.880738e-01 3.862379e-01 5.085751e-01 4.438200e-01 3.793454e-01 4.453939e-01 4.205935e-01 3.716812e-01 2.975586e-01 3.213932e-01 4.387152e-01 3.830701e-01 3.882929e-01 4.171915e-01 4.049563e-01 3.111630e-01 3.678870e-01 4.620323e-01 3.466623e-01 3.207812e-01 3.704275e-01 4.473273e-01 4.914350e-01
<VARIANCE> 142
 4.606691e-02 1.000000e-03 5.735334e-03 6.079161e-03 5.593194e-03 1.192135e-02 1.038233e-02 1.216651e-02 6.493423e-03 5.114354e-03 8.575053e-03 1.982199e-03 6.041441e-03 7.454527e-03 8.369667e-03 2.137857e-03 5.897737e-03 2.897651e-03 7.304624e-03 1.219887e-02 3.894048e-03 3.662348e-03 6.362408e-03 4.060764e-03 1.428795e-03 8.594057e-03 1.549390e-03 3.059007e-03 8.165999e-03 5.087540e-03 4.085276e-03 3.245532e-03 1.473968e-02 2.253112e-02 1.586893e-03 1.009331e-02 7.035814e-03 6.056484e-03 8.952999e-03 3.036264e-03 5.772911e-03 1.135429e-02 3.999676e-03 1.518264e-02 7.228961e-03 2.463792e-03 7.059038e-03 3.985113e-03 2.345931e-03 5.155175e-03 2.550217e-03 6.162458e-03 5.284673e-03 3.256367e-03 2.484933e-02 3.832984e-03 9.104679e-03 7.966633e-03 9.480268e-03 3.575198e-03 7.926176e-03 1.386359e-02 2.156155e-03 3.384741e-03 3.684512e-03 4.116483e-03 7.110640e-03 3.264290e-03 1.229361e-02 2.694740e-03 1.020814e-02 2.383682e-02 5.162998e-03 6.237455e-03 1.117561e-02 6.952144e-03 1.072888e-02 9.436804e-03 3.473357e-03 7.152670e-03 3.687996e-03 2.432707e-03 7.149838e-03 1.408264e-02 5.605039e-03 2.545708e-02 1.990519e-03 2.358624e-03 3.333764e-03 3.801867e-03 7.942713e-03 5.239095e-03 5.206761e-03 7.949883e-03 3.078074e-03 8.304403e-03 3.212274e-03 2.503380e-03 6.906189e-03 6.786257e-03 2.488994e-03 2.890441e-03 1.890150e-03 5.254551e-03 2.175730e-03 5.091577e-03 7.551927e-03 8.313670e-03 2.999319e-03 4.439469e-03 5.872057e-03 4.579396e-03 2.877102e-03 5.286500e-03 4.408604e-03 6.981241e-03 8.496508e-03 2.806930e-03 3.288102e-03 5.753727e-03 1.382317e-03 9.337603e-03 1.883836e-02 1.777694e-02 8.316447e-03 3.835844e-03 3.591327e-03 9.418597e-03 5.131958e-03 7.544614e-03 2.519349e-03 4.142759e-03 2.240442e-02 4.789597e-03 2.948467e-03 1.156161e-02 7.901878e-03 5.570685e-03 9.015155e-03 3.175099e-03 1.189659e-02 1.483765e-02
<GCONST> -4.757584e+02
<TRANSP> 4
 0.000000e+00 1.000000e+00 0.000000e+00 0.000000e+00
 0.000000e+00 5.000000e-01 5.000000e-01 0.000000e+00
 0.000000e+00 0.000000e+00 5.000000e-01 5.000000e-01
 0.000000e+00 0.000000e+00 0.000000e+00 0.000000e+00
<ENDHMM>
