~o
<STREAMINFO> 1 142
<VECSIZE> 142<NULLD><USER><DIAGC>
~h "use"
<BEGINHMM>
<NUMSTATES> 4
<STATE> 2
<MEAN> 142
 6.066999e-01 3.424003e-01 2.850730e-01 3.305346e-01 2.788782e-01 2.589967e-01 3.342569e-01 3.178843e-01 3.455564e-01 3.976028e-01 3.829713e-01 4.173706e-01 3.643293e-01 3.986595e-01 2.848119e-01 3.547575e-01 4.185646e-01 4.001327e-01 2.557837e-01 3.606046e-01 4.297807e-01 4.137336e-01 3.586219e-01 4.306028e-01 4.311123e-01 3.961148e-01 3.867179e-01 3.429857e-01 3.800618e-01 3.625330e-01 4.549719e-01 4.472801e-01 3.827640e-01 4.635895e-01 4.018821e-01 3.599534e-01 2.788503e-01 3.093460e-01 3.401813e-01 3.309515e-01 3.630601e-01 4.298125e-01 3.230664e-01 3.154738e-01 1.983690e-01 3.920393e-01 4.180774e-01 3.754289e-01 3.895977e-01 2.654337e-01 4.545372e-01 3.912506e-01 3.729519e-01 2.594401e-01 4.418220e-01 3.873437e-01 3.413137e-01 2.913861e-01 3.371931e-01 2.665495e-01 4.001998e-01 4.808133e-01 3.659708e-01 3.869758e-01 4.202222e-01 4.615845e-01 3.475231e-01 3.379261e-01 3.925228e-01 3.529265e-01 4.275423e-01 3.980567e-01 3.969729e-01 3.632773e-01 3.003239e-01 3.511781e-01 4.330608e-01 3.762330e-01 4.344588e-01 3.929972e-01 4.623011e-01 3.538794e-01 3.811478e-01 4.116597e-01 3.170412e-01 4.263698e-01 3.708780e-01 3.934008e-01 4.685435e-01 2.978882e-01 3.320579e-01 3.003969e-01 4.252836e-01 3.548568e-01 4.020088e-01 4.465035e-01 4.378623e-01 3.092340e-01 4.318787e-01 4.081776e-01 3.651011e-01 4.317278e-01 3.304429e-01 3.361659e-01 2.855120e-01 2.706020e-01 3.043710e-01 3.478428e-01 3.301352e-01 3.170261e-01 3.767476e-01 3.657184e-01 3.419770e-01 3.333854e-01 3.267781e-01 4.120088e-01 3.607260e-01 3.835787e-01 3.890926e-01 3.459147e-01 4.103190e-01 4.521190e-01 4.075140e-01 3.851495e-01 3.701575e-01 3.737801e-01 4.147879e-01 3.525920e-01 3.407292e-01 3.664090e-01 3.549148e-01 3.887416e-01 3.548201e-01 4.047461e-01 3.701949e-01 3.874924e-01 4.428303e-01 3.716570e-01 3.653302e-01 3.599387e-01 4.708942e-01 4.416939e-01
<VARIANCE> 142
 3.850501e-02 5.090009e-03 7.803038e-03 1.104904e-02 1.045575e-02 1.693555e-02 9.013208e-03 1.985454e-02 6.126764e-03 5.734775e-03 7.125726e-03 7.251782e-03 1.280801e-02 6.073893e-03 1.165919e-02 1.594999e-02 8.380156e-03 9.681504e-03 4.152990e-03 1.637108e-02 3.646038e-03 7.913003e-03 1.163901e-02 2.488033e-03 2.634186e-03 6.091256e-03 4.048968e-03 8.399482e-03 6.224296e-03 1.313100e-02 2.144449e-03 1.239131e-02 1.712572e-02 1.887591e-02 2.804856e-03 1.176397e-02 4.728174e-03 1.614203e-02 1.331046e-02 3.617619e-02 1.760782e-02 8.466513e-03 1.720542e-02 1.803496e-02 7.055525e-03 8.024635e-03 5.520123e-03 1.144749e-02 9.714107e-03 3.711293e-03 5.430351e-03 1.717661e-02 9.513929e-03 5.304266e-03 6.546334e-03 8.926754e-03 6.415632e-03 7.526284e-03 4.743290e-03 4.930751e-03 1.688482e-02 1.347637e-02 4.207953e-03 8.932843e-03 1.034358e-02 2.300827e-02 2.335516e-02 2.468985e-03 7.002310e-03 2.504358e-02 1.273635e-02 1.262799e-02 7.979461e-03 9.185301e-03 2.321721e-02 1.070392e-02 8.014016e-03 1.138537e-02 3.342169e-03 1.298358e-02 1.511315e-02 5.070236e-03 2.030770e-02 2.159103e-03 7.055712e-03 1.662806e-02 2.414470e-03 1.810606e-03 6.094837e-03 6.542620e-03 4.879082e-03 1.355753e-02 1.504563e-02 9.577333e-03 2.684773e-03 3.817811e-03 4.775490e-03 1.065207e-02 8.307513e-03 4.820265e-03 5.616692e-03 7.553227e-03 8.690187e-03 1.593568e-02 3.659069e-03 1.441134e-03 5.376854e-03 1.207437e-02 7.007630e-03 8.639990e-03 7.801131e-03 6.676573e-03 1.965157e-03 8.757689e-03 4.434743e-03 3.580594e-03 1.115994e-02 3.330092e-03 3.896662e-03 5.295226e-03 2.103257e-03 1.239534e-02 6.972879e-03 1.267904e-02 1.199291e-02 3.652590e-03 2.726403e-03 1.508922e-02 2.012929e-02 8.861240e-03 9.792341e-03 1.227707e-02 1.310457e-02 8.024826e-03 1.100576e-02 6.978475e-03 1.272272e-02 8.249985e-03 3.505226e-02 7.192275e-03 1.270365e-02 3.248450e-02
<GCONST> -4.222460e+02
<STATE> 3
<MEAN> 142
 5.381810e-01 3.970337e-01 2.983140e-01 3.023632e-01 2.769764e-01 3.196736e-01 2.760286e-01 4.037980e-01 3.946736e-01 4.913670e-01 4.582218e-01 4.667982e-01 4.877431e-01 5.119789e-01 4.692086e-01 3.799026e-01 4.336666e-01 4.585952e-01 2.430108e-01 3.709926e-01 3.651567e-01 3.488263e-01 2.831646e-01 4.441770e-01 4.467140e-01 4.367986e-01 3.689603e-01 4.387347e-01 4.617409e-01 5.154315e-01 4.828210e-01 3.986581e-01 2.606540e-01 4.500946e-01 4.583257e-01 4.126791e-01 4.202162e-01 5.498161e-01 4.336346e-01 4.117211e-01 5.212564e-01 4.544631e-01 3.631784e-01 3.572448e-01 2.407137e-01 3.968503e-01 3.510238e-01 5.256236e-01 4.376936e-01 3.193073e-01 4.769485e-01 5.480433e-01 4.961733e-01 3.307977e-01 3.637925e-01 3.590645e-01 3.731797e-01 2.732268e-01 3.141186e-01 2.672165e-01 4.371567e-01 4.188398e-01 3.799715e-01 4.756458e-01 4.961588e-01 3.739151e-01 5.518372e-01 3.260234e-01 3.304463e-01 5.322074e-01 4.616974e-01 3.213456e-01 4.180960e-01 3.681921e-01 3.335562e-01 4.119744e-01 3.559285e-01 3.581975e-01 4.371004e-01 3.544205e-01 5.200095e-01 3.816770e-01 5.315407e-01 3.323241e-01 3.062648e-01 3.388232e-01 3.947695e-01 4.249055e-01 4.552428e-01 3.218738e-01 4.074944e-01 3.209977e-01 5.010598e-01 4.226359e-01 4.073548e-01 5.231246e-01 4.352411e-01 4.531256e-01 5.062156e-01 3.672330e-01 4.141812e-01 3.699755e-01 3.098460e-01 4.708312e-01 3.432653e-01 3.014632e-01 4.329889e-01 4.835367e-01 4.470240e-01 3.105958e-01 4.381295e-01 3.888755e-01 3.057002e-01 3.858583e-01 3.217821e-01 3.989858e-01 3.848716e-01 3.726169e-01 4.726801e-01 3.254749e-01 4.372138e-01 3.752421e-01 3.497866e-01 3.647702e-01 3.215171e-01 3.658181e-01 4.730880e-01 5.079150e-01 4.621763e-01 3.484078e-01 3.697343e-01 4.174055e-01 4.356180e-01 4.783046e-01 4.844201e-01 4.404048e-01 4.079618e-01 5.091474e-01 4.523180e-01 3.576840e-01 4.237202e-01 3.383328e-01
<VARIANCE> 142
 9.464039e-03 1.488287e-02 7.340889e-03 2.749388e-03 2.849820e-03 1.158710e-02 3.179061e-03 2.419623e-02 1.165997e-02 5.357178e-03 3.396643e-02 1.014852e-02 2.164156e-02 9.640567e-03 4.022215e-02 1.708006e-02 1.100994e-02 1.580377e-02 8.510008e-03 7.630413e-03 3.287726e-03 7.095831e-03 6.129140e-03 8.945598e-03 2.213596e-03 2.686026e-02 1.443786e-02 1.397870e-02 5.448779e-03 1.787552e-02 6.637731e-03 6.086471e-03 7.714885e-03 9.896498e-03 4.142023e-03 1.937119e-02 9.908179e-03 5.295850e-02 7.739643e-03 1.595539e-02 1.848995e-02 8.292846e-03 1.600184e-02 1.349311e-02 4.972039e-03 1.928609e-02 6.186908e-03 1.695435e-02 2.334462e-02 8.410858e-03 6.929613e-03 4.760356e-02 2.432745e-02 9.329353e-03 2.807118e-03 7.861603e-03 1.041939e-02 2.034734e-03 3.645564e-03 1.050233e-03 2.018161e-02 3.732261e-03 4.092982e-03 1.108349e-02 1.549496e-02 6.518444e-03 6.645278e-02 2.997347e-03 2.945856e-03 2.644034e-02 3.049741e-03 4.265358e-03 6.094016e-03 1.416531e-03 1.662696e-02 1.942516e-02 2.889514e-03 2.050854e-02 9.420007e-03 4.152293e-03 4.992525e-03 1.121761e-02 4.789780e-02 3.334166e-03 1.244114e-03 4.858807e-03 9.981029e-03 6.608108e-03 4.104355e-03 2.158874e-03 6.352430e-03 9.665396e-03 9.051517e-03 1.978353e-02 1.132600e-02 7.162529e-03 7.579137e-03 2.528036e-02 1.489357e-02 5.860133e-03 1.763618e-03 6.745990e-03 8.197069e-03 1.131351e-02 4.188510e-03 5.958051e-03 1.329010e-02 9.505701e-03 1.247576e-02 5.783293e-03 8.306208e-03 9.029976e-03 4.408653e-03 1.941923e-03 1.608170e-03 1.741482e-02 1.003832e-02 3.325092e-03 2.410167e-02 5.177942e-03 4.874484e-03 7.288005e-03 4.623210e-03 4.528496e-03 4.392023e-03 1.159506e-02 7.839123e-03 1.671284e-02 1.581575e-02 2.732678e-03 4.235723e-03 1.255116e-02 1.003471e-02 1.314403e-02 1.437980e-02 3.433957e-03 5.338896e-03 2.115379e-02 2.319164e-02 2.234502e-03 4.010835e-03 1.030860e-02
<GCONST> -4.215559e+02
<TRANSP> 4
 0.000000e+00 1.000000e+00 0.000000e+00 0.000000e+00
 0.000000e+00 5.000000e-01 5.000000e-01 0.000000e+00
 0.000000e+00 0.000000e+00 5.000000e-01 5.000000e-01
 0.000000e+00 0.000000e+00 0.000000e+00 0.000000e+00
<ENDHMM>
