~o
<STREAMINFO> 1 142
<VECSIZE> 142<NULLD><USER><DIAGC>
~h "vegetable"
<BEGINHMM>
<NUMSTATES> 4
<STATE> 2
<MEAN> 142
 5.638038e-01 3.060529e-01 3.726934e-01 3.221200e-01 3.261349e-01 3.017992e-01 3.946834e-01 2.955312e-01 3.552853e-01 3.906842e-01 3.899607e-01 3.590521e-01 3.406378e-01 3.946658e-01 3.538531e-01 3.309608e-01 3.617166e-01 3.750711e-01 2.550877e-01 3.371305e-01 4.507471e-01 3.673128e-01 4.004526e-01 3.759615e-01 4.461823e-01 3.612300e-01 3.809308e-01 4.074297e-01 3.983245e-01 3.765104e-01 4.531255e-01 2.905272e-01 3.686989e-01 4.863676e-01 4.590503e-01 3.317658e-01 3.653197e-01 3.478162e-01 3.351767e-01 4.146714e-01 3.949930e-01 4.565574e-01 2.906272e-01 2.896323e-01 2.557198e-01 3.583477e-01 3.692069e-01 4.184293e-01 4.173122e-01 2.906782e-01 4.715792e-01 3.993896e-01 3.718500e-01 2.895441e-01 3.850805e-01 3.870751e-01 3.552461e-01 3.176778e-01 3.197651e-01 3.556212e-01 4.429922e-01 4.571338e-01 3.989685e-01 3.646077e-01 4.370890e-01 4.070273e-01 3.468691e-01 4.113787e-01 3.882187e-01 3.488274e-01 4.677601e-01 3.280668e-01 3.440583e-01 3.877157e-01 3.123958e-01 3.462187e-01 4.175172e-01 3.375908e-01 4.374019e-01 4.515035e-01 4.783781e-01 2.949544e-01 3.618709e-01 3.914002e-01 4.103569e-01 3.768329e-01 3.945794e-01 4.070952e-01 4.754825e-01 3.577598e-01 2.733067e-01 3.094601e-01 5.045001e-01 3.519040e-01 4.161101e-01 4.792556e-01 4.664115e-01 3.743296e-01 4.394364e-01 4.480749e-01 4.295055e-01 3.744680e-01 3.031417e-01 3.816802e-01 3.124253e-01 2.682413e-01 2.964755e-01 3.672209e-01 3.447391e-01 4.572382e-01 2.712831e-01 3.343798e-01 4.054860e-01 3.234690e-01 3.030446e-01 3.677278e-01 2.824372e-01 4.422326e-01 4.425616e-01 2.977903e-01 3.252418e-01 3.423425e-01 3.397423e-01 3.604468e-01 4.008101e-01 3.413786e-01 3.973630e-01 4.469399e-01 3.644199e-01 4.048415e-01 4.490966e-01 4.092360e-01 4.141274e-01 4.733791e-01 3.720864e-01 4.192933e-01 4.684053e-01 3.921676e-01 4.193230e-01 3.328479e-01 3.182797e-01 3.882998e-01
<VARIANCE> 142
 1.169913e-02 5.197754e-03 7.641907e-03 3.627543e-03 1.710191e-02 1.265126e-02 4.319849e-02 1.423669e-02 4.324817e-03 1.044190e-02 6.222606e-03 9.330031e-03 1.248520e-02 7.980441e-03 9.376622e-03 2.353088e-02 5.585999e-03 2.928880e-03 4.845644e-03 1.051032e-02 1.089871e-02 1.207863e-02 3.547816e-03 4.601963e-03 2.064231e-03 4.086225e-03 5.394211e-03 1.532654e-02 4.960204e-03 8.376118e-03 3.766709e-03 2.050483e-03 2.654634e-02 3.448154e-02 2.684121e-03 3.232357e-03 1.317542e-02 7.288525e-03 1.799457e-03 2.618830e-02 5.626146e-03 1.116217e-02 1.199203e-02 1.048622e-02 1.766485e-02 1.807626e-02 2.706497e-03 1.149058e-02 1.401790e-02 2.161781e-03 5.166838e-03 1.018939e-02 4.529128e-03 1.057620e-03 1.408756e-02 2.833159e-03 6.906815e-03 1.359395e-02 3.962324e-03 6.211838e-03 1.232692e-02 6.225775e-03 2.219019e-03 2.742601e-03 2.708898e-02 2.628084e-02 1.647603e-02 7.300633e-03 6.829052e-03 5.527314e-03 8.601008e-03 8.387124e-03 3.169224e-03 1.043308e-02 6.298605e-03 5.598982e-03 1.670162e-02 2.893035e-02 1.656821e-02 2.688617e-02 1.933413e-02 1.609465e-03 5.789827e-03 1.753561e-03 1.259589e-02 1.321903e-02 2.094163e-03 3.596827e-03 3.966605e-03 7.504530e-03 9.400197e-03 3.465627e-03 3.383650e-02 1.289310e-02 7.971107e-03 1.854876e-02 3.873557e-03 1.728960e-02 1.097904e-02 8.880147e-03 4.407823e-03 4.303631e-03 3.014415e-03 6.864625e-03 1.576808e-02 6.270105e-03 1.286417e-02 8.221508e-03 5.115958e-03 3.639998e-02 2.759609e-03 5.156506e-03 4.596933e-02 7.512049e-03 1.041987e-02 1.590771e-02 7.480001e-03 8.019870e-03 4.689326e-03 8.237782e-03 3.928012e-03 1.702080e-02 8.645760e-03 1.867931e-02 2.231151e-02 1.794192e-03 1.515693e-02 4.615617e-02 1.531031e-02 1.047154e-02 3.477857e-02 6.961831e-03 2.140900e-02 1.740562e-02 7.384160e-03 5.166856e-03 1.367522e-02 3.337984e-03 2.137797e-02 2.180111e-03 2.438983e-03 2.183599e-02
<GCONST> -4.226724e+02
<STATE> 3
<MEAN> 142
 7.423730e-01 3.518590e-01 3.969806e-01 2.866542e-01 2.589315e-01 4.006369e-01 4.292073e-01 3.762895e-01 4.400432e-01 4.162173e-01 4.591312e-01 4.767977e-01 4.862528e-01 4.136405e-01 2.848126e-01 3.093558e-01 3.899354e-01 3.663675e-01 3.404091e-01 4.405670e-01 4.040718e-01 4.265327e-01 4.300389e-01 3.612741e-01 4.799584e-01 4.429516e-01 3.731156e-01 3.540509e-01 3.843437e-01 4.026568e-01 5.420568e-01 4.121538e-01 4.667892e-01 4.183015e-01 4.122294e-01 3.672958e-01 2.879228e-01 3.731322e-01 2.860786e-01 3.519545e-01 3.262268e-01 3.574905e-01 3.574348e-01 3.880591e-01 2.920406e-01 3.987885e-01 3.769800e-01 4.025497e-01 3.278357e-01 3.818237e-01 4.915310e-01 4.476753e-01 4.400963e-01 3.098173e-01 4.941186e-01 3.413363e-01 4.515612e-01 3.498780e-01 3.815909e-01 2.778535e-01 4.479045e-01 4.120948e-01 3.734043e-01 3.832634e-01 4.237905e-01 4.240190e-01 4.013024e-01 4.033881e-01 4.930999e-01 4.149812e-01 4.574015e-01 5.567423e-01 4.333147e-01 4.267252e-01 3.564822e-01 4.225193e-01 4.860223e-01 3.900551e-01 4.986530e-01 3.615466e-01 4.084444e-01 3.316164e-01 3.720482e-01 4.010921e-01 2.879014e-01 4.260021e-01 4.253551e-01 4.812761e-01 4.038895e-01 4.225384e-01 4.628580e-01 4.141145e-01 3.840383e-01 3.631330e-01 3.939384e-01 4.814374e-01 3.739765e-01 3.512557e-01 4.059466e-01 4.202580e-01 3.914416e-01 4.809417e-01 4.354220e-01 4.155725e-01 2.642919e-01 3.315270e-01 4.689063e-01 3.546140e-01 4.101539e-01 3.751660e-01 4.169661e-01 4.162523e-01 3.126043e-01 3.111563e-01 3.831915e-01 4.740528e-01 3.700552e-01 3.778533e-01 4.592862e-01 4.785531e-01 4.148801e-01 4.763199e-01 4.528651e-01 4.613500e-01 4.566785e-01 4.311834e-01 4.378334e-01 3.304062e-01 3.866924e-01 3.889650e-01 3.972524e-01 3.361429e-01 5.043900e-01 4.239112e-01 3.574011e-01 3.605756e-01 4.281828e-01 3.268878e-01 3.324395e-01 3.292254e-01 4.489221e-01 4.521537e-01
<VARIANCE> 142
 4.708483e-02 1.000000e-03 1.561840e-02 3.181137e-03 3.764754e-03 1.469560e-02 3.445395e-03 9.021001e-03 1.770598e-02 4.429698e-03 1.359470e-02 2.880162e-03 1.189542e-02 5.498443e-03 1.717818e-02 3.842575e-03 2.286696e-03 7.106788e-03 8.875173e-03 9.691523e-03 6.823008e-03 1.555091e-02 8.535415e-03 3.366665e-03 9.665083e-03 1.602000e-02 8.952681e-03 2.515493e-03 7.573372e-03 1.378830e-02 1.026951e-02 3.060754e-03 8.830931e-03 1.463708e-02 3.516436e-03 1.149717e-02 3.686145e-03 4.320696e-02 1.588731e-02 3.121519e-02 1.978076e-02 8.348054e-03 6.132832e-03 6.779441e-03 6.681980e-03 4.095788e-03 7.652407e-03 2.376855e-02 1.829052e-03 1.452296e-03 2.299118e-03 3.699928e-02 5.234207e-03 1.308429e-02 4.378206e-03 5.625600e-03 9.091826e-03 7.865003e-03 1.000000e-03 1.533120e-02 6.544498e-03 7.463605e-03 8.287943e-03 8.804495e-03 2.180638e-02 1.849463e-02 4.379214e-02 1.325231e-03 6.075101e-03 3.106114e-02 3.359847e-03 1.910951e-02 3.001291e-03 3.417044e-03 3.490048e-03 9.405155e-03 2.236216e-03 2.433408e-02 1.013636e-02 2.119792e-02 6.212709e-03 1.000000e-03 1.551009e-02 1.151810e-02 5.005625e-03 1.102102e-02 1.166219e-02 2.690288e-03 4.047937e-03 2.227800e-02 9.683057e-03 2.905211e-02 7.022844e-03 1.219816e-02 3.172473e-03 2.648907e-03 3.964426e-03 1.869025e-02 3.573053e-02 1.688557e-02 9.731504e-03 8.102103e-03 1.111472e-02 3.152138e-02 3.157154e-03 6.740145e-03 1.889434e-02 3.551473e-02 2.956206e-03 3.375154e-03 9.029352e-03 2.291662e-03 4.619810e-03 5.745395e-03 6.214266e-03 8.360418e-03 1.579030e-03 1.049132e-02 3.313649e-03 1.679941e-02 9.248688e-03 1.314385e-02 1.769459e-02 4.596562e-02 5.470808e-03 6.104520e-03 1.289269e-03 1.635416e-02 7.166064e-03 1.796615e-03 1.398680e-02 4.935438e-03 3.022915e-03 2.369188e-02 1.437388e-02 5.486675e-03 1.548844e-02 8.923349e-03 2.265665e-02 3.052908e-03 1.258724e-02 4.496465e-03
<GCONST> -4.291691e+02
<TRANSP> 4
 0.000000e+00 1.000000e+00 0.000000e+00 0.000000e+00
 0.000000e+00 5.000000e-01 5.000000e-01 0.000000e+00
 0.000000e+00 0.000000e+00 5.000000e-01 5.000000e-01
 0.000000e+00 0.000000e+00 0.000000e+00 0.000000e+00
<ENDHMM>
