~o
<STREAMINFO> 1 142
<VECSIZE> 142<NULLD><USER><DIAGC>
~h "vice_prez"
<BEGINHMM>
<NUMSTATES> 4
<STATE> 2
<MEAN> 142
 5.241891e-01 3.454865e-01 3.814109e-01 4.515104e-01 4.296845e-01 3.129629e-01 4.199535e-01 2.842371e-01 3.319989e-01 4.026885e-01 4.540006e-01 3.874896e-01 3.384676e-01 4.120555e-01 3.870187e-01 4.451939e-01 4.491794e-01 4.311078e-01 2.941223e-01 3.092462e-01 4.731967e-01 4.794423e-01 3.527228e-01 4.591669e-01 4.790090e-01 3.451961e-01 4.410719e-01 3.575526e-01 4.472638e-01 3.752966e-01 4.998092e-01 4.100139e-01 3.972125e-01 4.939671e-01 4.446625e-01 4.415552e-01 4.126379e-01 2.913341e-01 3.896652e-01 3.946831e-01 3.858031e-01 4.793366e-01 3.740230e-01 2.902109e-01 2.582214e-01 3.871116e-01 5.152867e-01 4.003603e-01 4.672084e-01 3.365547e-01 5.509892e-01 3.233729e-01 3.532400e-01 2.857287e-01 4.450901e-01 4.022655e-01 3.945451e-01 3.230031e-01 3.501572e-01 4.391759e-01 3.770180e-01 4.309316e-01 3.358953e-01 3.830057e-01 3.776839e-01 5.780060e-01 3.269789e-01 4.464601e-01 4.339590e-01 3.576127e-01 4.269097e-01 3.836197e-01 4.173662e-01 3.576638e-01 2.354204e-01 3.480225e-01 4.636681e-01 4.591705e-01 4.487686e-01 5.158149e-01 4.422935e-01 3.780093e-01 4.382116e-01 4.363091e-01 3.902209e-01 4.353418e-01 4.117192e-01 3.766557e-01 5.096850e-01 3.381704e-01 2.666750e-01 3.655950e-01 3.979954e-01 3.044434e-01 4.735124e-01 4.681159e-01 4.471474e-01 3.117604e-01 5.236953e-01 4.405037e-01 3.595447e-01 4.760763e-01 3.245926e-01 3.915004e-01 3.306463e-01 3.478319e-01 3.380857e-01 3.692554e-01 3.969896e-01 4.242733e-01 3.105770e-01 3.160924e-01 4.552295e-01 4.100415e-01 3.726488e-01 3.942422e-01 3.276347e-01 4.479963e-01 4.196399e-01 3.751954e-01 4.241336e-01 4.975407e-01 4.214923e-01 3.824058e-01 4.048751e-01 3.841287e-01 3.672431e-01 3.435242e-01 3.396388e-01 3.718212e-01 4.327093e-01 4.471537e-01 3.112715e-01 3.817757e-01 4.335112e-01 4.731943e-01 4.786753e-01 4.762660e-01 4.533879e-01 4.382822e-01 5.036018e-01 4.003011e-01
<VARIANCE> 142
 1.086859e-02 1.423739e-02 7.016132e-03 3.002656e-02 2.865715e-02 1.225157e-02 2.595007e-02 7.732322e-03 5.352074e-03 1.097342e-02 5.268056e-03 7.457001e-03 1.096097e-02 6.509559e-03 1.480154e-02 6.364292e-03 1.525811e-02 1.402887e-02 6.178454e-03 1.775997e-02 6.311536e-03 1.806762e-02 5.152045e-03 5.103912e-03 1.361743e-03 2.725332e-03 1.573507e-02 8.389980e-03 1.368616e-02 9.756829e-03 4.925251e-03 1.375086e-02 3.202893e-02 5.976297e-03 2.579471e-03 1.624577e-02 1.436482e-02 2.273519e-02 2.638087e-02 2.648272e-02 1.073290e-02 1.923910e-02 1.780792e-02 7.544076e-03 2.228900e-02 1.474263e-02 1.683114e-02 9.078859e-03 1.032908e-02 8.208460e-03 4.738923e-03 1.921369e-02 6.125859e-03 2.090387e-03 5.845131e-03 1.040114e-02 1.400078e-02 3.886490e-03 8.244329e-03 5.379248e-02 1.238330e-02 7.143285e-03 7.717666e-03 7.589780e-03 6.981928e-03 2.491914e-02 2.707122e-02 2.289005e-02 1.370354e-02 1.292362e-02 1.593039e-02 1.168004e-02 1.273126e-02 6.586952e-03 2.034457e-02 2.721998e-03 8.407657e-03 1.381667e-02 7.974886e-03 4.112659e-03 3.840507e-03 4.241036e-03 3.258671e-02 1.089469e-02 1.548726e-02 8.371711e-03 3.051325e-03 1.823618e-03 3.453142e-03 1.311963e-02 1.126433e-02 9.859902e-03 6.935212e-03 1.048873e-02 1.137070e-02 9.094472e-03 3.851337e-03 1.607607e-02 1.660936e-02 1.000048e-02 3.962977e-03 6.582566e-03 2.848551e-03 1.215667e-02 9.786072e-03 7.933244e-03 1.180246e-02 6.031872e-03 1.263708e-02 1.391084e-02 7.257909e-03 6.270757e-03 3.739946e-02 1.508119e-02 6.154953e-03 4.193951e-03 1.603573e-02 6.514767e-03 3.238967e-03 4.152376e-03 3.867598e-03 1.585291e-02 6.949136e-03 6.917126e-03 1.217722e-02 3.985395e-03 5.997061e-03 1.242840e-02 1.781527e-02 9.288801e-03 2.563246e-02 4.572738e-03 7.851304e-03 3.489169e-03 9.777032e-03 1.620740e-02 8.669158e-03 1.314567e-02 2.582693e-02 1.467884e-02 2.812826e-02 1.134808e-02
<GCONST> -3.990757e+02
<STATE> 3
<MEAN> 142
 6.683166e-01 3.868110e-01 3.184026e-01 3.063579e-01 2.843252e-01 3.393105e-01 3.347743e-01 3.549457e-01 3.708584e-01 4.300377e-01 4.763743e-01 4.877332e-01 4.207141e-01 4.817708e-01 3.840368e-01 3.185897e-01 3.633440e-01 4.388909e-01 2.711025e-01 3.742150e-01 3.854798e-01 3.873156e-01 3.550573e-01 3.914095e-01 4.192509e-01 3.782459e-01 3.880892e-01 4.171632e-01 4.089997e-01 3.934099e-01 4.655512e-01 4.282043e-01 3.639055e-01 3.734896e-01 4.530876e-01 3.699123e-01 3.695805e-01 4.134182e-01 3.519660e-01 2.862047e-01 4.465683e-01 4.259088e-01 3.442956e-01 3.744524e-01 2.260807e-01 4.565739e-01 3.877272e-01 4.120983e-01 3.542174e-01 3.254300e-01 4.878858e-01 4.295408e-01 4.226671e-01 2.813178e-01 4.331924e-01 3.943869e-01 4.543744e-01 3.168008e-01 3.470456e-01 2.619704e-01 4.591175e-01 4.236039e-01 3.989615e-01 4.257478e-01 4.456494e-01 4.288039e-01 3.953974e-01 3.573086e-01 4.308832e-01 4.130109e-01 4.658537e-01 4.427070e-01 4.398914e-01 3.492012e-01 3.463140e-01 3.879585e-01 4.484923e-01 4.120011e-01 4.225793e-01 3.784106e-01 4.555393e-01 3.839656e-01 4.229654e-01 4.048631e-01 2.985945e-01 4.232534e-01 4.044519e-01 4.512923e-01 4.406947e-01 3.751516e-01 3.867473e-01 3.675228e-01 4.663490e-01 4.023834e-01 4.139161e-01 5.056382e-01 4.438612e-01 4.025491e-01 4.204116e-01 3.806690e-01 3.827938e-01 4.279036e-01 3.556162e-01 3.714490e-01 2.951280e-01 2.872579e-01 3.980699e-01 3.623663e-01 3.893928e-01 3.103909e-01 4.393156e-01 4.013833e-01 2.891762e-01 3.438049e-01 3.892760e-01 4.100915e-01 3.945532e-01 3.784945e-01 4.591491e-01 3.720663e-01 4.147313e-01 4.655536e-01 4.638297e-01 4.195729e-01 3.668793e-01 4.317015e-01 4.482661e-01 4.237423e-01 4.052249e-01 3.701245e-01 3.713671e-01 3.991669e-01 4.512216e-01 3.920729e-01 4.075347e-01 3.946843e-01 4.182057e-01 4.156899e-01 3.470035e-01 3.777276e-01 4.427333e-01 4.717227e-01
<VARIANCE> 142
 3.795264e-02 4.004447e-03 9.213869e-03 4.695048e-03 7.969484e-03 1.688712e-02 6.184939e-03 1.050689e-02 1.345092e-02 1.031787e-02 2.367958e-02 3.893647e-03 1.591280e-02 9.644843e-03 3.291147e-02 1.412195e-02 1.003031e-02 9.783057e-03 5.433343e-03 1.710225e-02 1.131124e-02 9.365993e-03 1.233651e-02 9.292116e-03 1.980211e-03 1.584601e-02 7.324215e-03 7.394251e-03 8.088266e-03 2.341141e-02 3.006844e-03 7.234000e-03 1.950620e-02 6.041594e-03 4.651013e-03 3.032007e-02 1.983936e-02 5.474794e-02 1.436475e-02 1.165242e-02 3.025006e-02 3.527113e-03 1.364236e-02 1.519960e-02 3.377201e-03 9.503443e-03 1.520633e-02 1.466308e-02 1.902707e-02 4.768072e-03 5.274343e-03 3.293256e-02 2.243166e-02 1.062372e-02 1.063256e-02 9.237378e-03 2.036097e-02 5.644369e-03 5.261217e-03 7.798397e-03 1.010892e-02 3.133724e-03 3.656258e-03 8.290064e-03 1.065510e-02 8.319419e-03 4.101317e-02 4.548066e-03 7.236274e-03 2.598736e-02 5.246271e-03 2.622575e-02 3.901137e-03 2.889995e-03 1.964178e-02 1.675954e-02 8.769328e-03 9.587590e-03 4.412856e-03 6.501543e-03 5.021787e-03 1.040664e-02 2.825388e-02 1.645011e-02 3.719697e-03 2.233523e-02 5.628033e-03 3.165444e-03 2.529075e-03 1.135816e-02 3.771538e-03 1.804419e-02 9.620172e-03 7.199094e-03 6.324550e-03 6.170459e-03 8.821660e-03 2.222375e-02 6.981685e-03 2.845853e-03 5.278901e-03 8.272920e-03 2.152106e-03 8.538551e-03 2.835940e-03 3.279886e-03 8.768097e-03 2.401868e-02 5.569229e-03 5.541640e-03 8.850344e-03 7.240358e-03 7.993012e-03 1.139668e-02 4.731449e-03 6.243473e-03 3.970813e-03 1.993860e-03 7.451300e-03 1.511799e-03 4.223531e-03 1.146625e-02 5.313743e-03 9.589810e-03 1.279969e-02 7.651115e-03 3.931603e-03 2.110796e-02 1.817376e-02 5.309817e-03 8.188473e-03 2.452941e-02 1.460806e-02 9.601796e-03 3.133933e-02 7.755466e-03 2.902908e-03 1.895308e-02 1.910846e-02 1.446744e-02 9.196339e-03 1.576227e-02
<GCONST> -4.083767e+02
<TRANSP> 4
 0.000000e+00 1.000000e+00 0.000000e+00 0.000000e+00
 0.000000e+00 5.000000e-01 5.000000e-01 0.000000e+00
 0.000000e+00 0.000000e+00 5.000000e-01 5.000000e-01
 0.000000e+00 0.000000e+00 0.000000e+00 0.000000e+00
<ENDHMM>
