~o
<STREAMINFO> 1 142
<VECSIZE> 142<NULLD><USER><DIAGC>
~h "we"
<BEGINHMM>
<NUMSTATES> 4
<STATE> 2
<MEAN> 142
 4.814599e-01 4.150729e-01 3.494025e-01 4.689854e-01 2.917005e-01 1.750647e-01 3.168688e-01 4.484512e-01 3.443401e-01 5.313672e-01 3.421382e-01 4.301066e-01 4.013807e-01 3.991241e-01 3.379885e-01 3.364504e-01 4.136176e-01 3.586015e-01 2.685533e-01 3.038904e-01 4.436558e-01 4.538938e-01 3.273424e-01 4.510765e-01 4.726139e-01 3.774649e-01 4.425089e-01 4.257265e-01 4.345293e-01 3.977670e-01 4.433300e-01 5.128049e-01 4.590383e-01 5.076282e-01 4.122484e-01 4.799159e-01 4.074069e-01 3.997708e-01 4.282280e-01 3.877918e-01 3.855281e-01 4.922355e-01 3.283264e-01 2.712832e-01 1.624965e-01 4.881106e-01 4.668923e-01 3.695064e-01 3.974709e-01 2.961570e-01 3.778558e-01 3.361342e-01 4.931759e-01 2.931164e-01 4.046458e-01 4.545123e-01 3.621196e-01 3.199676e-01 3.096490e-01 2.885826e-01 3.133996e-01 6.421149e-01 4.411702e-01 4.963710e-01 3.963102e-01 4.661745e-01 3.401903e-01 3.646131e-01 4.402690e-01 4.221773e-01 4.221658e-01 4.053169e-01 4.533199e-01 4.078559e-01 2.548404e-01 3.889654e-01 4.817703e-01 5.457860e-01 5.105033e-01 4.070219e-01 4.723408e-01 3.747643e-01 4.060350e-01 3.600514e-01 3.361255e-01 3.833880e-01 4.842077e-01 3.935291e-01 4.392130e-01 3.409032e-01 3.967054e-01 2.697473e-01 3.552329e-01 3.437244e-01 5.048389e-01 4.350259e-01 4.859880e-01 3.123899e-01 4.778488e-01 4.360818e-01 4.217970e-01 5.734615e-01 3.718677e-01 3.336116e-01 3.536929e-01 3.066575e-01 3.273578e-01 3.724618e-01 3.761439e-01 3.027307e-01 4.712519e-01 3.249298e-01 3.497917e-01 4.024766e-01 5.346905e-01 4.207269e-01 4.123891e-01 5.236424e-01 3.944460e-01 3.919842e-01 3.491025e-01 5.191504e-01 5.403835e-01 3.055258e-01 3.684819e-01 4.526302e-01 3.547284e-01 3.559610e-01 4.433939e-01 3.547403e-01 3.632216e-01 4.406208e-01 2.922406e-01 4.476618e-01 4.115460e-01 4.489593e-01 3.285153e-01 4.430800e-01 3.010482e-01 4.438504e-01 6.291263e-01 4.549360e-01
<VARIANCE> 142
 1.686791e-02 8.781711e-03 9.874864e-03 9.308537e-03 6.447330e-03 7.171586e-03 5.078496e-03 2.641798e-02 3.681599e-03 1.272978e-02 5.686548e-03 1.953126e-02 3.674502e-03 1.431352e-03 6.386403e-03 1.153364e-02 6.332597e-03 1.883076e-02 3.260794e-02 3.725584e-03 4.220701e-03 2.269594e-03 1.098872e-02 9.888113e-03 6.481007e-03 1.204085e-03 5.056563e-03 6.353338e-03 8.578212e-03 7.641898e-03 1.566802e-03 1.820996e-02 1.259298e-02 1.270561e-02 3.118074e-03 9.846264e-03 7.595271e-03 6.624710e-03 1.468182e-02 1.612610e-02 1.399715e-02 1.798123e-02 1.748617e-02 2.867138e-03 1.265969e-03 1.567438e-02 1.840261e-03 1.248750e-02 8.770431e-03 1.663455e-02 5.129767e-03 1.273045e-02 5.546982e-03 1.067480e-03 7.805368e-03 1.997353e-02 3.332233e-02 1.204865e-02 1.032133e-02 7.866783e-03 7.766158e-03 2.262904e-02 7.727487e-03 8.924860e-03 9.035301e-03 4.133245e-03 9.205778e-03 2.571181e-02 1.434935e-02 6.126839e-03 8.631258e-03 3.250067e-03 1.136351e-03 7.658707e-03 8.831307e-03 1.138728e-02 5.527503e-03 7.316899e-03 1.771022e-02 1.633649e-03 3.635993e-03 1.007480e-02 2.659872e-03 6.231334e-03 2.126812e-02 1.709803e-02 2.546691e-03 1.688344e-03 1.035314e-02 4.875371e-03 1.774629e-02 5.644911e-03 1.238239e-02 1.106317e-02 4.084471e-03 2.490018e-03 2.279924e-03 2.041283e-03 5.296405e-03 5.829156e-03 1.397322e-02 1.162158e-02 1.922887e-03 2.539828e-03 7.692561e-03 2.527009e-03 2.615788e-03 7.943681e-03 4.828371e-03 9.844658e-03 6.788757e-03 1.425606e-02 1.265220e-03 7.815201e-03 8.309033e-03 1.124246e-02 1.781462e-02 9.585519e-03 1.092515e-03 6.385344e-03 2.409882e-03 4.158357e-03 5.183154e-03 5.663165e-03 1.295919e-02 1.710343e-02 1.640048e-02 5.510487e-03 4.285054e-03 9.304778e-03 5.833221e-03 2.623870e-03 4.932388e-03 1.427803e-02 3.584435e-03 1.606316e-03 4.939666e-03 2.166427e-02 1.182618e-02 1.234928e-02 1.110912e-02 4.181199e-03
<GCONST> -4.465712e+02
<STATE> 3
<MEAN> 142
 6.565790e-01 3.515950e-01 3.611094e-01 3.542759e-01 2.555099e-01 2.682195e-01 3.884396e-01 3.652763e-01 3.483717e-01 3.928423e-01 3.776445e-01 4.114144e-01 3.532869e-01 3.994029e-01 2.759743e-01 3.013001e-01 3.977872e-01 3.585881e-01 2.584397e-01 3.472452e-01 5.130191e-01 4.860988e-01 3.758323e-01 4.531889e-01 4.358150e-01 3.757082e-01 4.081250e-01 3.803224e-01 3.815623e-01 3.266094e-01 4.517207e-01 4.750397e-01 5.076599e-01 4.765955e-01 4.102517e-01 3.760673e-01 3.148142e-01 2.534598e-01 3.494664e-01 3.280859e-01 2.940653e-01 4.476376e-01 2.815614e-01 3.272042e-01 1.823302e-01 4.340861e-01 4.595404e-01 3.998794e-01 4.260875e-01 3.313276e-01 4.451897e-01 3.544120e-01 4.173814e-01 2.726328e-01 4.784687e-01 3.630984e-01 3.575796e-01 3.158452e-01 3.011359e-01 2.663563e-01 4.616089e-01 4.702261e-01 3.966659e-01 4.116163e-01 3.586896e-01 4.630018e-01 2.964060e-01 3.258725e-01 4.180892e-01 3.242518e-01 4.628299e-01 4.200558e-01 4.556702e-01 4.103952e-01 3.206343e-01 3.340657e-01 4.585024e-01 4.978119e-01 4.204310e-01 4.144157e-01 3.919553e-01 3.592177e-01 3.845265e-01 4.187307e-01 3.011054e-01 4.293784e-01 4.139106e-01 4.339072e-01 4.541235e-01 3.460834e-01 3.483647e-01 3.007664e-01 4.081216e-01 3.202136e-01 4.430440e-01 4.432424e-01 4.011470e-01 2.697779e-01 4.187703e-01 4.373310e-01 3.617406e-01 4.997282e-01 3.456631e-01 2.860444e-01 3.101249e-01 2.562679e-01 3.574198e-01 3.348679e-01 3.522562e-01 3.938217e-01 3.827462e-01 3.213990e-01 3.220353e-01 3.591839e-01 3.212540e-01 3.677862e-01 3.788405e-01 4.601988e-01 3.981828e-01 4.457049e-01 3.725767e-01 5.611014e-01 4.598764e-01 3.236084e-01 3.974214e-01 3.946303e-01 3.711767e-01 3.014475e-01 3.102753e-01 3.786786e-01 4.015394e-01 3.877319e-01 3.618808e-01 3.840947e-01 3.553589e-01 3.791108e-01 4.375533e-01 4.231693e-01 3.574918e-01 4.046314e-01 4.737066e-01 4.784794e-01
<VARIANCE> 142
 5.438966e-02 2.399416e-03 4.199801e-03 5.868150e-03 1.117984e-02 1.266779e-02 6.517825e-03 6.347101e-03 3.954532e-03 4.104289e-03 5.922180e-03 4.910983e-03 5.130012e-03 4.624723e-03 1.548886e-02 4.801462e-03 8.305813e-03 7.743725e-03 1.552450e-02 1.289579e-02 1.381662e-02 5.538180e-03 1.391272e-02 4.028602e-03 6.291704e-03 3.094502e-03 3.577903e-03 2.956058e-03 4.059213e-03 5.585417e-03 1.418726e-03 9.197135e-03 1.252884e-02 5.749823e-03 1.779988e-03 1.190276e-02 1.015031e-02 5.601151e-03 1.172304e-02 4.178160e-02 8.916680e-03 3.935530e-03 1.479945e-02 1.101262e-02 4.850614e-03 6.471192e-03 4.685775e-03 7.641301e-03 2.727610e-03 1.295566e-02 5.624563e-03 9.614129e-03 1.299957e-03 6.432712e-03 9.546319e-03 7.268589e-03 1.696200e-02 1.291121e-02 5.831638e-03 5.368839e-03 1.488121e-02 1.395340e-02 6.699105e-03 4.171673e-03 3.101953e-03 3.078725e-03 7.949268e-03 1.126929e-02 5.808582e-03 2.747064e-03 2.707127e-03 2.319856e-02 4.966740e-03 4.119653e-03 1.263542e-02 5.944752e-03 2.933070e-03 1.712804e-02 2.877769e-03 9.570974e-03 2.025564e-03 1.427127e-03 6.639320e-03 6.244102e-03 4.831261e-03 6.068042e-03 1.000000e-03 2.048075e-03 7.865512e-03 8.116862e-03 1.176695e-02 5.972106e-03 7.012095e-03 8.112473e-03 1.259815e-02 2.466404e-03 7.316899e-03 3.246909e-03 1.378434e-02 8.118506e-03 2.497929e-03 4.042204e-03 6.912448e-03 5.805562e-03 4.501571e-03 4.581927e-03 1.848562e-02 1.163692e-02 2.574459e-03 1.215264e-02 9.824496e-03 8.558200e-03 4.060385e-03 6.947927e-03 7.916707e-03 1.827339e-03 1.116063e-02 7.788634e-03 2.998082e-03 6.489931e-03 3.155352e-03 6.669405e-03 9.885409e-03 1.537878e-02 5.717619e-03 5.713295e-03 3.732959e-03 7.644693e-03 4.314262e-03 6.555929e-03 7.903403e-03 4.029301e-03 2.373333e-02 4.080046e-03 4.392725e-03 2.063305e-03 9.840751e-03 1.204825e-02 3.386883e-02 4.199104e-03 5.867450e-03 5.333534e-03
<GCONST> -4.577635e+02
<TRANSP> 4
 0.000000e+00 1.000000e+00 0.000000e+00 0.000000e+00
 0.000000e+00 5.000000e-01 5.000000e-01 0.000000e+00
 0.000000e+00 0.000000e+00 5.000000e-01 5.000000e-01
 0.000000e+00 0.000000e+00 0.000000e+00 0.000000e+00
<ENDHMM>
