~o
<STREAMINFO> 1 142
<VECSIZE> 142<NULLD><USER><DIAGC>
~h "wrong"
<BEGINHMM>
<NUMSTATES> 4
<STATE> 2
<MEAN> 142
 5.561360e-01 3.834907e-01 3.233926e-01 3.009318e-01 2.787638e-01 2.574983e-01 3.124892e-01 2.518814e-01 3.988341e-01 3.894356e-01 4.919919e-01 5.038602e-01 4.155889e-01 5.208485e-01 2.929493e-01 2.421674e-01 4.405830e-01 4.517466e-01 3.527801e-01 3.876354e-01 3.976508e-01 3.907376e-01 3.612279e-01 4.324238e-01 4.424418e-01 4.572313e-01 3.769746e-01 4.422412e-01 4.896877e-01 4.878782e-01 4.509813e-01 3.913112e-01 3.159705e-01 4.605891e-01 4.504220e-01 2.966776e-01 3.149297e-01 4.344970e-01 4.022936e-01 2.906847e-01 4.167477e-01 4.561597e-01 4.008388e-01 2.888983e-01 2.485346e-01 4.241323e-01 3.590373e-01 3.541819e-01 3.151326e-01 4.114324e-01 4.712175e-01 4.077084e-01 4.663135e-01 3.230673e-01 4.513584e-01 4.511415e-01 3.550417e-01 2.460515e-01 3.279283e-01 2.455173e-01 4.041233e-01 4.317404e-01 3.888401e-01 4.814933e-01 4.407640e-01 3.927860e-01 3.563263e-01 3.086904e-01 3.530949e-01 4.438391e-01 4.540510e-01 4.779691e-01 3.571714e-01 4.176225e-01 3.385951e-01 4.425397e-01 3.925211e-01 3.617023e-01 4.421340e-01 3.389904e-01 4.879073e-01 3.713393e-01 3.964345e-01 3.523977e-01 3.252738e-01 3.608495e-01 4.290883e-01 4.710979e-01 4.444820e-01 3.671430e-01 4.590797e-01 2.764858e-01 4.467962e-01 4.849240e-01 3.865042e-01 4.278129e-01 4.131322e-01 4.486692e-01 3.937056e-01 4.365934e-01 4.056307e-01 4.152977e-01 4.188965e-01 4.304555e-01 2.797909e-01 2.907359e-01 4.205926e-01 4.597679e-01 3.652954e-01 2.790262e-01 4.628228e-01 5.166965e-01 2.600942e-01 3.164455e-01 4.003539e-01 4.547969e-01 4.616655e-01 3.424789e-01 4.925596e-01 3.785613e-01 3.970846e-01 4.676312e-01 4.668349e-01 4.510210e-01 3.593873e-01 4.188528e-01 5.053125e-01 4.413375e-01 4.910208e-01 3.402263e-01 2.893833e-01 3.967121e-01 3.872299e-01 4.473481e-01 3.772913e-01 3.332439e-01 4.198454e-01 3.537681e-01 2.682960e-01 3.716697e-01 4.206349e-01 4.421250e-01
<VARIANCE> 142
 2.051184e-02 9.180531e-03 4.225621e-03 7.519513e-03 3.662353e-03 1.338308e-02 8.564935e-03 1.379418e-02 5.666631e-03 4.419133e-03 9.358728e-03 1.690171e-02 7.292570e-03 1.955659e-02 7.678419e-03 1.370542e-02 1.359675e-02 6.391606e-03 9.120303e-03 1.514719e-02 6.055544e-03 1.765423e-02 4.588511e-03 9.163783e-03 1.714550e-03 4.117573e-03 4.041998e-03 2.441815e-02 1.907058e-02 2.847914e-02 5.281485e-03 5.137758e-03 1.436478e-02 1.586105e-02 3.794027e-03 2.556944e-02 2.096388e-03 2.238662e-02 1.227900e-02 6.779314e-03 1.536587e-02 1.858162e-02 1.459026e-02 9.958909e-03 4.405988e-03 7.675530e-03 2.003611e-03 2.645354e-03 4.434288e-03 1.824511e-02 6.842488e-03 3.678535e-03 3.590429e-03 9.622736e-03 3.505540e-03 1.790655e-02 8.171217e-03 8.617891e-03 1.029841e-02 7.502801e-03 1.546619e-02 9.168896e-03 1.788611e-03 5.809935e-03 2.129791e-02 8.261769e-03 1.044725e-02 4.760412e-03 4.669460e-03 1.289559e-02 6.829227e-03 1.399835e-02 7.825146e-03 6.768303e-03 1.534490e-02 5.942637e-03 7.786455e-03 1.162981e-02 5.251161e-03 5.915061e-03 1.492103e-02 1.150194e-02 5.578607e-03 6.091586e-03 9.837850e-03 6.833196e-03 8.530205e-03 1.587454e-02 4.711817e-03 9.717960e-03 1.373467e-02 9.934944e-03 5.082214e-03 3.673689e-02 3.663880e-03 5.520071e-03 3.485388e-03 1.609557e-02 5.344580e-03 1.749886e-03 2.872023e-03 8.085276e-03 1.340036e-02 2.343592e-02 2.550329e-03 2.123847e-03 6.140783e-03 1.377863e-02 1.546039e-02 3.903754e-03 2.047617e-02 1.015814e-02 5.511673e-03 9.934620e-03 1.647277e-02 1.422919e-02 2.290149e-02 4.904349e-03 9.642577e-03 3.147236e-03 4.889451e-03 1.191279e-02 8.834787e-03 1.983051e-02 2.492438e-02 2.095341e-03 9.711077e-03 1.519444e-02 4.905105e-02 9.539505e-03 3.865283e-03 1.264339e-02 1.261408e-02 5.055137e-03 9.855405e-03 5.124342e-03 1.604621e-02 7.853676e-03 4.575269e-03 9.789045e-03 4.280567e-03 1.954857e-02
<GCONST> -4.188184e+02
<STATE> 3
<MEAN> 142
 7.295933e-01 3.770934e-01 3.989237e-01 3.224769e-01 2.361172e-01 3.408254e-01 3.973754e-01 3.984167e-01 3.409413e-01 3.926630e-01 4.457177e-01 4.389129e-01 4.391419e-01 4.700263e-01 2.772025e-01 3.485698e-01 3.988506e-01 4.422304e-01 3.580203e-01 4.756584e-01 4.989323e-01 4.964428e-01 4.480701e-01 4.700178e-01 4.680262e-01 4.667802e-01 4.319333e-01 3.409661e-01 4.170881e-01 3.748159e-01 4.669430e-01 4.904776e-01 5.228246e-01 4.746634e-01 4.740548e-01 3.568546e-01 2.827739e-01 3.259809e-01 3.180471e-01 2.839732e-01 3.061686e-01 4.602962e-01 3.093019e-01 3.223976e-01 2.693735e-01 4.881042e-01 4.573765e-01 3.764936e-01 3.978313e-01 3.547472e-01 4.703662e-01 3.997980e-01 4.705449e-01 2.675529e-01 5.430731e-01 3.868085e-01 4.364443e-01 3.503310e-01 3.450752e-01 2.952619e-01 5.134066e-01 4.807502e-01 4.046645e-01 4.274984e-01 3.551921e-01 5.282322e-01 3.622819e-01 3.382218e-01 4.439050e-01 3.288321e-01 4.746794e-01 5.155659e-01 4.541626e-01 4.670334e-01 4.015657e-01 4.389034e-01 4.963591e-01 4.453185e-01 4.639597e-01 3.975827e-01 4.377228e-01 3.689774e-01 4.164786e-01 4.403735e-01 2.966324e-01 5.615377e-01 4.213536e-01 4.308214e-01 4.837078e-01 3.445770e-01 3.745937e-01 4.276881e-01 4.108649e-01 3.862855e-01 4.154661e-01 4.774531e-01 4.036053e-01 3.412836e-01 3.936799e-01 4.976746e-01 3.530414e-01 5.552347e-01 3.606126e-01 3.629460e-01 3.115907e-01 3.606182e-01 3.980578e-01 3.718567e-01 3.789541e-01 3.722171e-01 4.301164e-01 3.855457e-01 3.031323e-01 2.980643e-01 4.056860e-01 4.709251e-01 3.911845e-01 4.073372e-01 4.516541e-01 4.362005e-01 4.196844e-01 6.004088e-01 4.979256e-01 4.220726e-01 4.554369e-01 4.396237e-01 4.026238e-01 3.138160e-01 3.331764e-01 4.967173e-01 4.015138e-01 3.589159e-01 4.172733e-01 4.385766e-01 3.285511e-01 3.367386e-01 4.987988e-01 4.242308e-01 2.955363e-01 4.013735e-01 4.812402e-01 5.217693e-01
<VARIANCE> 142
 2.661221e-02 2.434280e-03 6.887938e-03 2.877207e-03 3.557981e-03 8.027705e-03 1.087299e-02 6.968253e-03 2.043602e-03 3.109261e-03 1.108015e-02 3.385472e-03 6.108913e-03 6.915656e-03 7.720475e-03 3.102961e-03 3.738507e-03 1.174315e-02 1.907021e-03 8.417837e-03 5.764423e-03 9.384070e-03 6.272522e-03 9.805837e-03 1.000000e-03 5.768828e-03 1.356913e-03 8.851063e-03 4.201222e-03 8.138518e-03 6.499045e-03 3.782178e-03 1.948996e-02 2.728248e-03 2.107758e-03 1.450029e-02 5.082496e-03 1.366957e-02 6.929383e-03 3.340048e-03 7.533235e-03 1.137945e-02 5.814066e-03 8.971214e-03 4.476883e-03 2.953493e-03 3.262070e-03 1.998489e-03 3.487925e-03 4.558390e-03 4.394240e-03 8.952699e-03 1.248730e-02 1.022821e-02 9.464393e-03 1.366631e-02 1.922050e-02 5.403362e-03 1.672779e-02 4.020624e-03 2.055195e-02 1.057544e-02 2.380158e-03 2.560791e-03 5.996281e-03 9.293718e-03 1.553603e-02 3.911467e-03 1.017836e-02 4.954371e-03 4.499016e-03 1.381493e-02 3.251845e-03 3.017446e-03 8.901034e-03 9.105906e-03 7.437015e-03 4.399263e-03 3.818294e-03 2.983280e-03 7.634290e-03 3.774369e-03 1.171944e-02 1.290998e-02 2.294793e-03 1.376330e-02 3.474870e-03 2.182865e-03 2.315297e-03 6.306063e-03 9.916410e-03 1.743350e-02 1.266948e-02 1.118222e-02 2.789108e-03 5.194670e-03 4.076588e-03 1.207512e-02 2.194281e-03 1.000000e-03 2.288245e-03 1.428449e-02 2.754455e-03 1.522108e-02 2.689838e-03 1.546312e-03 2.802703e-03 1.156239e-02 5.264432e-03 3.737389e-03 5.135952e-03 6.884832e-03 2.077146e-03 3.979681e-03 5.365770e-03 7.543068e-03 4.370294e-03 2.885741e-03 6.623948e-03 4.875269e-03 4.635716e-03 1.208665e-02 3.630448e-03 2.019932e-02 1.133296e-02 5.378518e-03 3.563348e-03 8.424179e-03 9.790960e-03 5.579017e-03 3.938523e-03 4.149515e-03 1.944575e-02 4.639828e-03 2.882621e-03 1.000000e-03 5.011779e-03 8.546213e-03 6.588405e-03 9.811598e-03 5.486480e-03 5.386885e-03
<GCONST> -4.744491e+02
<TRANSP> 4
 0.000000e+00 1.000000e+00 0.000000e+00 0.000000e+00
 0.000000e+00 5.000000e-01 5.000000e-01 0.000000e+00
 0.000000e+00 0.000000e+00 5.000000e-01 5.000000e-01
 0.000000e+00 0.000000e+00 0.000000e+00 0.000000e+00
<ENDHMM>
