~o
<STREAMINFO> 1 142
<VECSIZE> 142<NULLD><USER><DIAGC>
~h "yellow"
<BEGINHMM>
<NUMSTATES> 4
<STATE> 2
<MEAN> 142
 5.473660e-01 3.863378e-01 3.178237e-01 3.567445e-01 3.454952e-01 3.534242e-01 3.684413e-01 3.171108e-01 4.014238e-01 4.268566e-01 3.897243e-01 4.154692e-01 3.904020e-01 4.071618e-01 3.975203e-01 3.440663e-01 4.175965e-01 4.372738e-01 3.291091e-01 3.373161e-01 4.350857e-01 4.297723e-01 3.420091e-01 4.413293e-01 4.717834e-01 3.878359e-01 4.103765e-01 3.939849e-01 4.273954e-01 4.226685e-01 4.626122e-01 3.965608e-01 3.541753e-01 4.749720e-01 4.018765e-01 4.134475e-01 3.754365e-01 4.046862e-01 4.455797e-01 3.775950e-01 4.403146e-01 4.866299e-01 3.929522e-01 3.193958e-01 2.517072e-01 3.666207e-01 3.995987e-01 4.355266e-01 4.189106e-01 3.268627e-01 5.360972e-01 4.192351e-01 4.271367e-01 3.414783e-01 3.944583e-01 3.480984e-01 3.853480e-01 3.437819e-01 3.657909e-01 3.512076e-01 4.400299e-01 4.424206e-01 4.064930e-01 3.952640e-01 4.837512e-01 4.128745e-01 4.581209e-01 4.474401e-01 4.386418e-01 4.863385e-01 4.438599e-01 4.064071e-01 4.188839e-01 3.709685e-01 3.332993e-01 3.675385e-01 4.199483e-01 3.847398e-01 4.255894e-01 4.157935e-01 5.045103e-01 3.907373e-01 4.162950e-01 3.958313e-01 3.746483e-01 4.273947e-01 3.943811e-01 4.389604e-01 4.964902e-01 3.741186e-01 3.488002e-01 3.293914e-01 4.432901e-01 3.248514e-01 3.996063e-01 4.487480e-01 4.623126e-01 3.684221e-01 4.902846e-01 4.195434e-01 3.595037e-01 4.612568e-01 3.277884e-01 4.828362e-01 3.110707e-01 2.711739e-01 3.916709e-01 4.439028e-01 3.903236e-01 3.654509e-01 3.680587e-01 3.573343e-01 3.396811e-01 3.907516e-01 3.756097e-01 4.364715e-01 3.904926e-01 3.858508e-01 4.379287e-01 3.599696e-01 4.260961e-01 4.222814e-01 3.672736e-01 4.681581e-01 3.631883e-01 3.797691e-01 4.376827e-01 4.647853e-01 4.257355e-01 3.592317e-01 3.752004e-01 4.551181e-01 4.131464e-01 3.944411e-01 4.827671e-01 4.374756e-01 4.367716e-01 4.937446e-01 4.396955e-01 3.939855e-01 4.167106e-01 3.695841e-01
<VARIANCE> 142
 1.509729e-02 8.830794e-03 1.176699e-02 1.232809e-02 1.340536e-02 4.485323e-02 1.245853e-02 9.281112e-03 1.265012e-02 3.004472e-03 8.561445e-03 1.153291e-02 6.160689e-03 1.079390e-02 1.017554e-02 7.656833e-03 6.798393e-03 1.570092e-02 1.986586e-02 1.467777e-02 8.746060e-03 9.890928e-03 1.216404e-02 9.034878e-03 5.865740e-03 9.623793e-03 1.140998e-02 7.642908e-03 8.294728e-03 1.055699e-02 1.955181e-03 7.946003e-03 1.506669e-02 9.598350e-03 2.956967e-03 1.164494e-02 1.303335e-02 1.793819e-02 1.527238e-02 3.456236e-02 8.947056e-03 1.669262e-02 1.089198e-02 1.382211e-02 8.215711e-03 7.208508e-03 7.421003e-03 1.722054e-02 1.206587e-02 1.257786e-02 9.711375e-03 3.024602e-02 8.570302e-03 8.258039e-03 8.364194e-03 8.793245e-03 1.136741e-02 1.510633e-02 9.389156e-03 1.559907e-02 9.923885e-03 6.065326e-03 3.976405e-03 6.906450e-03 1.329595e-02 2.365215e-02 3.301557e-02 2.145988e-02 4.584758e-03 1.275351e-02 7.794805e-03 3.159229e-02 2.432454e-03 8.222137e-03 1.241331e-02 6.896559e-03 3.705337e-03 2.396805e-02 5.778176e-03 1.457699e-02 8.058564e-03 3.894324e-03 1.701783e-02 1.023720e-02 7.820265e-03 9.858600e-03 1.038004e-02 4.301373e-03 4.925827e-03 1.873539e-02 9.696184e-03 2.407071e-02 1.322143e-02 6.947550e-03 1.237842e-02 9.664050e-03 7.970657e-03 8.764419e-03 1.316899e-02 1.845242e-02 1.142654e-02 6.211834e-03 7.431815e-03 1.051272e-02 1.449878e-02 7.513978e-03 1.158021e-02 9.017315e-03 1.456422e-02 3.621327e-02 1.083340e-02 1.324907e-02 1.246276e-02 1.003404e-02 9.233700e-03 1.697072e-02 1.490967e-02 1.151181e-02 3.445258e-03 9.410721e-03 8.267773e-03 1.135591e-02 1.028793e-02 4.716390e-02 1.824425e-02 4.635336e-03 9.945889e-03 1.686263e-02 7.087583e-03 1.502775e-02 1.976587e-02 1.044950e-02 1.285501e-02 2.425776e-02 3.037340e-02 1.369181e-02 8.684228e-03 2.280102e-02 2.485997e-02 1.133193e-02 2.368792e-02 7.864645e-03
<GCONST> -3.809602e+02
<STATE> 3
<MEAN> 142
 7.190390e-01 3.357978e-01 4.083601e-01 3.321692e-01 2.866527e-01 3.477105e-01 4.189432e-01 3.217788e-01 3.495761e-01 3.862425e-01 5.072703e-01 3.978847e-01 3.906543e-01 5.150397e-01 2.848877e-01 3.227355e-01 3.653523e-01 3.684759e-01 3.469211e-01 3.896150e-01 4.982412e-01 4.788215e-01 4.443548e-01 4.454304e-01 4.892748e-01 3.764312e-01 4.336383e-01 3.548692e-01 4.098555e-01 3.591225e-01 4.828255e-01 4.287072e-01 4.088488e-01 4.635296e-01 4.609087e-01 2.981976e-01 3.169157e-01 3.173422e-01 3.292807e-01 3.185193e-01 3.217082e-01 4.164726e-01 3.301648e-01 3.809851e-01 2.373993e-01 3.805596e-01 4.843500e-01 3.940779e-01 4.172481e-01 3.841949e-01 4.999896e-01 4.110404e-01 4.138092e-01 2.679865e-01 4.496497e-01 3.582750e-01 4.665329e-01 3.890308e-01 3.631940e-01 3.317147e-01 4.641072e-01 4.385096e-01 3.845768e-01 3.824576e-01 3.360328e-01 4.609559e-01 3.510635e-01 4.116813e-01 4.265111e-01 3.430161e-01 4.896824e-01 4.070081e-01 4.109962e-01 4.626150e-01 3.712048e-01 3.696297e-01 4.568699e-01 4.551592e-01 4.590225e-01 4.531760e-01 4.134773e-01 3.340694e-01 3.401299e-01 4.622334e-01 3.266732e-01 3.986585e-01 3.646242e-01 4.403737e-01 4.586011e-01 3.213331e-01 3.426923e-01 3.078251e-01 4.129420e-01 3.595632e-01 4.335400e-01 4.544873e-01 4.151768e-01 3.258038e-01 4.033959e-01 4.521282e-01 3.854588e-01 4.750119e-01 3.281162e-01 3.371247e-01 3.679717e-01 3.264251e-01 3.699360e-01 3.892505e-01 4.272585e-01 4.061474e-01 3.943436e-01 3.361946e-01 3.422059e-01 2.944876e-01 3.522425e-01 4.169533e-01 3.621581e-01 4.411633e-01 4.124806e-01 4.419212e-01 4.129137e-01 5.205082e-01 4.513955e-01 3.413902e-01 4.631563e-01 3.825340e-01 4.126902e-01 3.262692e-01 3.068372e-01 4.476127e-01 4.078666e-01 3.987575e-01 3.849553e-01 4.165320e-01 3.289366e-01 4.145401e-01 4.510585e-01 3.849629e-01 3.156347e-01 3.610394e-01 4.468914e-01 5.007181e-01
<VARIANCE> 142
 3.930721e-02 9.992267e-03 7.706165e-03 1.015003e-02 1.283448e-02 1.716770e-02 2.198695e-02 1.194536e-02 6.230617e-03 3.828413e-03 1.850231e-02 3.367587e-03 6.561264e-03 1.663747e-02 9.632208e-03 1.964213e-02 3.724078e-03 1.057172e-02 2.260379e-02 7.943014e-03 1.548545e-02 2.310577e-02 9.169992e-03 8.030175e-03 6.569297e-03 5.084564e-03 1.475936e-02 1.038353e-02 6.287700e-03 8.217736e-03 6.655368e-03 7.560428e-03 2.705004e-02 9.220222e-03 3.210556e-03 9.278800e-03 1.161087e-02 1.341191e-02 1.526927e-02 1.883850e-02 5.530506e-03 8.506725e-03 1.158278e-02 1.691570e-02 1.280331e-02 1.226445e-02 8.782274e-03 7.458546e-03 1.257464e-02 9.719136e-03 5.365157e-03 1.447085e-02 4.142493e-03 6.743425e-03 2.331302e-02 1.160335e-02 2.983327e-02 1.363432e-02 1.644797e-02 1.017231e-02 1.815491e-02 8.664262e-03 1.622338e-03 5.909401e-03 4.934656e-03 1.534123e-02 1.193915e-02 2.024085e-02 4.973812e-03 7.333620e-03 9.503047e-03 2.051177e-02 7.810122e-03 5.944637e-03 2.730127e-02 8.568055e-03 5.802465e-03 1.364917e-02 8.541288e-03 1.740851e-02 5.171671e-03 6.499767e-03 1.497282e-02 8.757704e-03 1.033326e-02 1.894146e-02 2.915037e-03 1.096001e-03 2.864620e-03 8.366040e-03 6.900286e-03 1.250253e-02 1.126045e-02 1.054474e-02 7.853462e-03 3.906582e-03 5.052871e-03 1.008784e-02 5.995892e-03 4.579742e-03 5.120722e-03 1.132568e-02 5.966747e-03 8.058623e-03 2.061677e-02 9.722768e-03 1.210150e-02 1.340612e-02 1.303984e-02 1.466648e-02 8.619748e-03 9.177817e-03 2.515854e-02 7.174187e-03 4.263705e-03 6.386142e-03 1.467949e-02 6.657234e-03 8.036332e-03 1.248280e-02 3.646556e-03 1.193410e-02 1.275116e-02 1.644115e-02 2.378425e-02 9.217628e-03 3.007324e-03 9.310171e-03 1.011633e-02 8.583522e-03 1.546211e-02 6.295969e-03 1.597307e-02 1.070296e-02 9.092020e-03 8.398999e-03 1.679574e-02 6.978152e-03 1.629263e-02 1.117579e-02 1.246312e-02 6.863286e-03
<GCONST> -3.997391e+02
<TRANSP> 4
 0.000000e+00 1.000000e+00 0.000000e+00 0.000000e+00
 0.000000e+00 5.000000e-01 5.000000e-01 0.000000e+00
 0.000000e+00 0.000000e+00 5.000000e-01 5.000000e-01
 0.000000e+00 0.000000e+00 0.000000e+00 0.000000e+00
<ENDHMM>
