~o
<STREAMINFO> 1 142
<VECSIZE> 142<NULLD><USER><DIAGC>
~h "you"
<BEGINHMM>
<NUMSTATES> 4
<STATE> 2
<MEAN> 142
 4.929324e-01 3.650281e-01 3.901088e-01 4.342082e-01 4.413410e-01 3.147536e-01 3.805013e-01 3.122658e-01 4.701118e-01 4.000134e-01 4.535390e-01 4.369370e-01 4.264084e-01 4.768722e-01 4.078403e-01 4.190035e-01 4.259107e-01 3.939508e-01 3.545720e-01 3.945313e-01 4.434665e-01 4.181394e-01 3.949787e-01 4.792852e-01 4.815968e-01 5.135922e-01 4.003142e-01 4.078226e-01 3.973213e-01 5.005237e-01 4.598117e-01 4.707762e-01 4.310848e-01 4.477840e-01 4.078290e-01 3.616394e-01 3.815794e-01 3.773593e-01 3.752428e-01 4.719231e-01 4.164166e-01 4.573427e-01 4.239511e-01 3.403869e-01 3.192243e-01 4.288040e-01 4.582158e-01 4.288390e-01 3.747842e-01 3.447513e-01 5.528541e-01 4.519661e-01 5.083374e-01 3.539236e-01 4.741642e-01 4.402820e-01 3.505812e-01 3.673774e-01 3.444259e-01 3.927578e-01 4.706950e-01 5.125222e-01 4.330728e-01 4.625566e-01 4.626548e-01 5.348213e-01 4.409654e-01 4.657980e-01 4.803754e-01 4.203773e-01 5.044261e-01 4.001550e-01 4.155325e-01 4.083487e-01 3.616946e-01 4.610933e-01 4.494644e-01 4.963958e-01 4.520207e-01 4.904591e-01 4.712816e-01 3.540286e-01 3.552378e-01 4.050273e-01 4.400885e-01 4.425109e-01 4.628956e-01 4.490874e-01 4.511602e-01 3.514011e-01 3.697469e-01 3.741297e-01 4.485064e-01 3.562725e-01 4.581786e-01 4.533245e-01 4.344834e-01 3.356967e-01 4.671502e-01 5.090852e-01 4.062306e-01 4.775700e-01 4.113744e-01 4.151055e-01 3.006078e-01 3.576190e-01 4.379510e-01 4.181263e-01 3.794096e-01 3.823257e-01 4.195586e-01 3.335011e-01 5.765343e-01 3.463757e-01 3.861817e-01 4.942503e-01 3.888510e-01 4.500686e-01 4.446323e-01 4.082848e-01 4.363288e-01 4.806357e-01 4.632315e-01 3.970270e-01 3.952717e-01 3.769985e-01 4.200227e-01 3.916251e-01 3.994739e-01 4.037699e-01 4.708105e-01 4.088317e-01 4.093953e-01 4.655091e-01 3.763525e-01 4.297478e-01 4.770216e-01 4.552415e-01 4.192718e-01 3.939706e-01 4.655857e-01 4.508173e-01
<VARIANCE> 142
 1.062258e-02 1.381092e-02 2.255614e-02 1.548618e-02 1.621601e-02 2.430972e-02 1.176587e-02 9.376499e-03 1.358244e-02 3.934418e-03 1.403029e-02 1.568161e-02 1.262735e-02 1.751632e-02 1.423945e-02 1.816817e-02 1.543907e-02 5.977708e-03 8.084709e-03 2.981657e-02 5.553253e-03 8.969377e-03 9.911745e-03 6.312083e-03 2.756440e-03 2.602120e-02 8.487603e-03 1.282173e-02 7.361680e-03 1.224174e-02 3.204542e-03 3.434841e-03 4.075418e-02 7.849758e-03 3.554856e-03 6.096398e-03 1.213564e-02 3.409545e-02 9.250107e-03 2.286384e-02 2.186534e-02 1.215634e-02 1.261619e-02 3.196081e-02 2.482079e-02 2.311180e-02 1.876103e-02 1.565357e-02 5.959256e-03 4.751044e-03 7.121621e-03 3.566252e-02 1.000256e-02 5.332676e-03 2.547340e-02 5.788920e-03 1.452465e-02 6.663703e-03 9.189426e-03 1.651210e-02 2.317403e-02 8.443139e-03 1.111560e-02 1.205492e-02 8.573148e-03 4.199576e-02 3.167399e-02 1.588773e-03 7.980701e-03 2.031905e-02 9.667522e-03 7.543556e-03 7.710658e-03 1.332466e-02 1.068158e-02 1.511826e-02 1.077014e-02 2.075841e-02 1.158234e-02 9.932619e-03 4.892319e-03 7.327022e-03 8.600660e-03 6.022694e-03 7.390677e-03 2.780175e-02 6.092146e-03 6.982769e-03 1.000000e-03 3.793685e-03 9.650548e-03 5.810723e-03 5.886239e-03 1.160642e-02 2.109790e-02 9.391105e-03 5.592071e-03 1.626358e-02 6.637011e-03 1.514082e-02 6.389211e-03 1.684758e-02 6.284640e-03 7.886421e-03 1.911043e-03 6.789742e-03 3.207443e-02 7.167266e-03 1.869451e-02 7.566014e-03 7.844042e-03 2.381811e-03 6.402186e-02 2.198200e-02 6.579746e-03 8.285781e-03 1.200814e-02 8.608069e-03 7.898026e-03 5.715929e-03 9.719867e-03 1.883332e-02 1.270395e-03 4.987699e-03 5.192685e-03 8.564231e-03 1.097781e-02 2.108930e-02 9.677759e-03 1.150287e-02 2.110345e-02 1.143009e-02 7.527191e-03 1.335522e-02 6.289687e-03 7.996496e-03 1.273195e-02 2.261318e-02 2.309296e-02 1.682988e-02 3.104736e-02 1.888312e-02
<GCONST> -3.858646e+02
<STATE> 3
<MEAN> 142
 7.370487e-01 3.346685e-01 3.682387e-01 3.357391e-01 2.529082e-01 3.490564e-01 3.768798e-01 3.903059e-01 3.372330e-01 4.261532e-01 4.282116e-01 4.356738e-01 4.498504e-01 4.322976e-01 2.632937e-01 3.815507e-01 3.924724e-01 3.689543e-01 3.291874e-01 4.678878e-01 4.652919e-01 4.704795e-01 4.076531e-01 4.534526e-01 4.419215e-01 4.093038e-01 3.688931e-01 3.380729e-01 3.795465e-01 3.271685e-01 4.594925e-01 4.665671e-01 4.728543e-01 4.644892e-01 4.448982e-01 3.761505e-01 2.839954e-01 3.701445e-01 2.789418e-01 3.352244e-01 3.545990e-01 4.075999e-01 2.979918e-01 4.008512e-01 2.486411e-01 4.349377e-01 3.936878e-01 4.164636e-01 3.630189e-01 2.859840e-01 4.675336e-01 4.499259e-01 4.521679e-01 2.475557e-01 4.696532e-01 2.686301e-01 4.299358e-01 3.490233e-01 3.470730e-01 2.686786e-01 4.638249e-01 5.074553e-01 3.790647e-01 4.280531e-01 3.758868e-01 4.631396e-01 3.925062e-01 3.542817e-01 4.465547e-01 3.432651e-01 4.958318e-01 4.955991e-01 4.366220e-01 4.177850e-01 4.003617e-01 4.302104e-01 4.587982e-01 4.278180e-01 4.830320e-01 4.297414e-01 3.860976e-01 3.540118e-01 4.072888e-01 4.406148e-01 3.075550e-01 4.859903e-01 4.117077e-01 4.082041e-01 4.461851e-01 4.010590e-01 3.800524e-01 4.075242e-01 3.513151e-01 3.343229e-01 3.509776e-01 4.829563e-01 3.766984e-01 3.301791e-01 4.660381e-01 4.407442e-01 3.587459e-01 4.876648e-01 3.322108e-01 3.333225e-01 2.952393e-01 3.454714e-01 4.071783e-01 3.362942e-01 3.975910e-01 3.779034e-01 4.092440e-01 3.570183e-01 3.136227e-01 3.075339e-01 3.503421e-01 3.897772e-01 3.427100e-01 3.926928e-01 4.267939e-01 3.972583e-01 4.293095e-01 5.154926e-01 4.788221e-01 4.136350e-01 4.495700e-01 3.960536e-01 3.968914e-01 3.422565e-01 3.603514e-01 4.851693e-01 3.988584e-01 3.424893e-01 4.451102e-01 4.100517e-01 3.533568e-01 3.769916e-01 4.571743e-01 3.829165e-01 3.308801e-01 3.399169e-01 5.038475e-01 4.380751e-01
<VARIANCE> 142
 2.529134e-02 3.887281e-03 9.739849e-03 4.695557e-03 7.391708e-03 1.009298e-02 4.123824e-03 7.253089e-03 4.620407e-03 1.293803e-02 4.650828e-03 1.978141e-03 3.915149e-03 3.812135e-03 6.163255e-03 3.723180e-03 2.937924e-03 3.504729e-03 2.517225e-03 1.525501e-02 1.665398e-02 4.626807e-03 1.018077e-02 1.476524e-03 1.000000e-03 1.395582e-02 4.793960e-03 2.308535e-03 3.928526e-03 9.347475e-03 4.356322e-03 1.040562e-02 2.630438e-02 4.255124e-03 2.175615e-03 5.588757e-03 4.803422e-03 1.503795e-02 8.243428e-03 1.038214e-02 1.596760e-02 2.383008e-03 3.046310e-03 8.053639e-03 3.123887e-03 1.633857e-02 4.201249e-03 3.206666e-03 5.102859e-03 2.913220e-03 4.207436e-03 6.839414e-03 2.940907e-03 5.512783e-03 1.098699e-02 4.717599e-03 6.611602e-03 6.306374e-03 2.478993e-03 3.250311e-03 8.796792e-03 3.159221e-03 8.206110e-03 4.950347e-03 1.923561e-03 1.276766e-02 1.055806e-02 2.260336e-03 5.733530e-03 1.577844e-02 2.654811e-03 1.791744e-02 5.256515e-03 4.983914e-03 8.211213e-03 8.662179e-03 5.612567e-03 1.544777e-02 4.415688e-03 3.308940e-03 4.649633e-03 3.821588e-03 1.136282e-02 1.475265e-02 5.133665e-03 2.608556e-02 4.131945e-03 2.648380e-03 1.112877e-03 6.187306e-03 6.282183e-03 2.802982e-02 4.953798e-03 1.777202e-03 5.779609e-03 4.837889e-03 1.895846e-03 3.409668e-03 2.517623e-02 1.094392e-02 3.986617e-03 8.233281e-03 4.673366e-03 1.148051e-02 1.740778e-03 2.925811e-03 9.102293e-03 7.561714e-03 2.228993e-03 1.732446e-03 1.000000e-03 1.304692e-03 1.382459e-02 4.321613e-03 4.528861e-03 1.216273e-02 4.377761e-03 1.807471e-03 3.563099e-03 2.840295e-03 5.280809e-03 2.243291e-02 6.517981e-03 1.531399e-02 8.005562e-03 5.657100e-03 4.004067e-03 8.862025e-03 5.049780e-03 5.697339e-03 3.748064e-03 4.635904e-03 1.096598e-02 2.406145e-03 3.253663e-03 2.862649e-03 1.088009e-02 4.047548e-03 7.458087e-03 2.246372e-03 3.817605e-03 2.732516e-02
<GCONST> -4.792498e+02
<TRANSP> 4
 0.000000e+00 1.000000e+00 0.000000e+00 0.000000e+00
 0.000000e+00 5.000000e-01 5.000000e-01 0.000000e+00
 0.000000e+00 0.000000e+00 5.000000e-01 5.000000e-01
 0.000000e+00 0.000000e+00 0.000000e+00 0.000000e+00
<ENDHMM>
