<BeginHMM>
 <NumStates> 6 <VecSize> 16
 <diagC> <nullD> <USER>
 <State> 2 <NumMixes> 1   
  <Mixture> 1 1.0
    <Mean> 16
      0.0 0.0 0.0 0.0 0.0 0.0 0.0 0.0 0.0 0.0 0.0 0.0 0.0 0.0 0.0 0.0
    <Variance> 16
      1.0 1.0 1.0 1.0 1.0 1.0 1.0 1.0 1.0 1.0 1.0 1.0  1.0 1.0 1.0 1.0
 <State> 3 <NumMixes> 1   
  <Mixture> 1 1.0
    <Mean> 16
      0.0 0.0 0.0 0.0 0.0 0.0 0.0 0.0 0.0 0.0 0.0 0.0 0.0 0.0 0.0 0.0 
    <Variance> 16
      1.0 1.0 1.0 1.0 1.0 1.0 1.0 1.0 1.0 1.0 1.0 1.0 1.0 1.0 1.0 1.0
 <State> 4 <NumMixes> 1   
  <Mixture> 1 1.0
    <Mean> 16
      0.0 0.0 0.0 0.0 0.0 0.0 0.0 0.0 0.0 0.0 0.0 0.0 0.0 0.0 0.0 0.0
    <Variance> 16
      1.0 1.0 1.0 1.0 1.0 1.0 1.0 1.0 1.0 1.0 1.0 1.0 1.0 1.0 1.0 1.0 
 <State> 5 <NumMixes> 1   
  <Mixture> 1 1.0
    <Mean> 16
      0.0 0.0 0.0 0.0 0.0 0.0 0.0 0.0 0.0 0.0 0.0 0.0 0.0 0.0 0.0 0.0 
    <Variance> 16
      1.0 1.0 1.0 1.0 1.0 1.0 1.0 1.0 1.0 1.0 1.0 1.0  1.0 1.0 1.0 1.0
 <TransP> 6
  0.000e+0    1.000e+0    0.000e+0    0.000e+0    0.000e+0    0.000e+0
  0.000e+0    3.000e-1    4.000e-1    3.000e-1    0.000e+0    0.000e+0
  0.000e+0    0.000e+0    5.000e-1    5.000e-1    0.000e+0    0.000e+0
  0.000e+0    0.000e+0    0.000e+0    5.000e-1    5.000e-1    0.000e+0
  0.000e+0    0.000e+0    0.000e+0    0.000e+0    5.000e-1    5.000e-1
  0.000e+0    0.000e+0    0.000e+0    0.000e+0    0.000e+0    0.000e+0
<EndHMM>
