~o
<STREAMINFO> 1 72
<VECSIZE> 72<NULLD><USER><DIAGC>
~h "circleleft5"
<BEGINHMM>
<NUMSTATES> 8
<STATE> 2
<MEAN> 72
 1.000000e+00 1.000000e+00 1.000000e+00 9.933333e-01 8.600000e-01 6.933333e-01 5.533333e-01 3.733333e-01 1.000000e+00 1.000000e+00 1.000000e+00 9.266667e-01 7.933334e-01 6.466666e-01 4.533333e-01 3.400000e-01 1.000000e+00 1.000000e+00 9.933333e-01 8.533334e-01 7.266667e-01 5.600000e-01 4.133333e-01 2.666667e-01 1.000000e+00 1.000000e+00 9.200000e-01 7.933334e-01 6.533333e-01 5.200000e-01 3.733334e-01 2.733333e-01 1.000000e+00 9.600000e-01 8.133333e-01 7.266667e-01 5.800000e-01 4.466667e-01 3.733333e-01 3.133333e-01 9.866667e-01 8.933333e-01 7.866667e-01 6.533333e-01 5.266667e-01 5.000000e-01 4.600000e-01 3.800000e-01 9.200000e-01 8.133333e-01 7.066666e-01 5.866667e-01 4.666666e-01 4.733333e-01 4.600000e-01 4.866666e-01 9.066666e-01 7.533333e-01 6.333333e-01 5.266666e-01 3.866667e-01 4.333333e-01 4.666667e-01 4.733333e-01 0.000000e+00 8.866667e-01 5.933334e-01 5.200000e-01 4.400000e-01 4.200000e-01 4.200000e-01 4.466667e-01
<VARIANCE> 72
 1.000000e-02 1.000000e-02 1.000000e-02 1.000000e-02 1.203999e-01 2.126220e-01 2.471555e-01 2.339555e-01 1.000000e-02 1.000000e-02 1.000000e-02 6.795555e-02 1.639556e-01 2.284887e-01 2.478225e-01 2.244003e-01 1.000000e-02 1.000000e-02 1.000000e-02 1.251556e-01 1.986220e-01 2.463998e-01 2.424890e-01 1.955556e-01 1.000000e-02 1.000000e-02 7.360009e-02 1.639556e-01 2.264890e-01 2.495999e-01 2.339556e-01 1.986220e-01 1.000000e-02 3.839997e-02 1.518224e-01 1.986220e-01 2.436000e-01 2.471556e-01 2.339556e-01 2.151554e-01 1.315553e-02 9.528869e-02 1.678223e-01 2.264890e-01 2.492891e-01 2.500000e-01 2.483998e-01 2.355998e-01 7.360008e-02 1.518224e-01 2.072889e-01 2.424889e-01 2.488888e-01 2.492891e-01 2.483998e-01 2.498223e-01 8.462215e-02 1.858222e-01 2.322225e-01 2.492891e-01 2.371557e-01 2.455557e-01 2.488887e-01 2.492891e-01 1.000000e-02 1.004888e-01 2.412891e-01 2.495999e-01 2.463999e-01 2.435996e-01 2.435996e-01 2.471556e-01
<GCONST> -3.055169e+01
<STATE> 3
<MEAN> 72
 6.285714e-01 4.333333e-01 2.476190e-01 1.523810e-01 2.000001e-01 3.523810e-01 5.333334e-01 6.380952e-01 5.238096e-01 3.238095e-01 1.809524e-01 2.095238e-01 3.380951e-01 5.142857e-01 6.714286e-01 8.000000e-01 4.238095e-01 2.714286e-01 1.619048e-01 3.428570e-01 5.333334e-01 7.428571e-01 8.380952e-01 9.190477e-01 4.190476e-01 3.047619e-01 3.095239e-01 5.190477e-01 7.523810e-01 9.000000e-01 9.857143e-01 9.761904e-01 4.333333e-01 4.428571e-01 5.380953e-01 7.095238e-01 9.428571e-01 1.000000e+00 1.000000e+00 1.000000e+00 5.476191e-01 5.666667e-01 6.619048e-01 8.142857e-01 9.761904e-01 1.000000e+00 1.000000e+00 1.000000e+00 6.619048e-01 6.666666e-01 7.476190e-01 8.761905e-01 9.857143e-01 1.000000e+00 1.000000e+00 1.000000e+00 7.333333e-01 7.619048e-01 8.190476e-01 9.095238e-01 1.000000e+00 1.000000e+00 1.000000e+00 1.000000e+00 0.000000e+00 8.857143e-01 8.809524e-01 9.428571e-01 1.000000e+00 1.000000e+00 1.000000e+00 1.000000e+00
<VARIANCE> 72
 2.334693e-01 2.455556e-01 1.863037e-01 1.291611e-01 1.600001e-01 2.282086e-01 2.488886e-01 2.309295e-01 2.494328e-01 2.189565e-01 1.482085e-01 1.656235e-01 2.237869e-01 2.497961e-01 2.206126e-01 1.600003e-01 2.441953e-01 1.977549e-01 1.356914e-01 2.253060e-01 2.488886e-01 1.910205e-01 1.356914e-01 7.439923e-02 2.434467e-01 2.118824e-01 2.137188e-01 2.496374e-01 1.863037e-01 9.000015e-02 1.408163e-02 2.324263e-02 2.455556e-01 2.467348e-01 2.485489e-01 2.061002e-01 5.387760e-02 1.000000e-02 1.000000e-02 1.000000e-02 2.477318e-01 2.455556e-01 2.237867e-01 1.512248e-01 2.324265e-02 1.000000e-02 1.000000e-02 1.000000e-02 2.237868e-01 2.222219e-01 1.886850e-01 1.084809e-01 1.408164e-02 1.000000e-02 1.000000e-02 1.000000e-02 1.955553e-01 1.814062e-01 1.482085e-01 8.229037e-02 1.000000e-02 1.000000e-02 1.000000e-02 1.000000e-02 1.000000e-02 1.012246e-01 1.048752e-01 5.387760e-02 1.000000e-02 1.000000e-02 1.000000e-02 1.000000e-02
<GCONST> -5.333805e+01
<STATE> 4
<MEAN> 72
 1.000000e+00 1.000000e+00 1.000000e+00 1.000000e+00 1.000000e+00 9.779736e-01 9.162995e-01 8.678414e-01 1.000000e+00 1.000000e+00 1.000000e+00 1.000000e+00 1.000000e+00 9.867842e-01 9.207048e-01 8.766520e-01 1.000000e+00 1.000000e+00 1.000000e+00 1.000000e+00 1.000000e+00 9.559471e-01 9.251102e-01 8.722467e-01 1.000000e+00 1.000000e+00 1.000000e+00 1.000000e+00 9.955947e-01 9.603524e-01 9.118943e-01 8.810573e-01 1.000000e+00 1.000000e+00 1.000000e+00 1.000000e+00 1.000000e+00 9.735683e-01 9.515418e-01 9.162996e-01 1.000000e+00 1.000000e+00 1.000000e+00 1.000000e+00 1.000000e+00 9.911894e-01 9.867842e-01 9.074890e-01 1.000000e+00 1.000000e+00 1.000000e+00 1.000000e+00 1.000000e+00 1.000000e+00 9.911894e-01 8.898678e-01 1.000000e+00 1.000000e+00 1.000000e+00 1.000000e+00 1.000000e+00 1.000000e+00 9.339207e-01 8.281938e-01 0.000000e+00 1.000000e+00 1.000000e+00 1.000000e+00 1.000000e+00 9.955947e-01 8.986784e-01 8.193833e-01
<VARIANCE> 72
 1.000000e-02 1.000000e-02 1.000000e-02 1.000000e-02 1.000000e-02 2.154126e-02 7.669460e-02 1.146926e-01 1.000000e-02 1.000000e-02 1.000000e-02 1.000000e-02 1.000000e-02 1.304120e-02 7.300735e-02 1.081334e-01 1.000000e-02 1.000000e-02 1.000000e-02 1.000000e-02 1.000000e-02 4.211226e-02 6.928145e-02 1.114326e-01 1.000000e-02 1.000000e-02 1.000000e-02 1.000000e-02 1.000000e-02 3.807569e-02 8.034324e-02 1.047954e-01 1.000000e-02 1.000000e-02 1.000000e-02 1.000000e-02 1.000000e-02 2.573303e-02 4.611003e-02 7.669460e-02 1.000000e-02 1.000000e-02 1.000000e-02 1.000000e-02 1.000000e-02 1.000000e-02 1.304122e-02 8.395270e-02 1.000000e-02 1.000000e-02 1.000000e-02 1.000000e-02 1.000000e-02 1.000000e-02 1.000000e-02 9.800293e-02 1.000000e-02 1.000000e-02 1.000000e-02 1.000000e-02 1.000000e-02 1.000000e-02 6.171292e-02 1.422891e-01 1.000000e-02 1.000000e-02 1.000000e-02 1.000000e-02 1.000000e-02 1.000000e-02 9.105543e-02 1.479946e-01
<GCONST> -1.592471e+02
<STATE> 5
<MEAN> 72
 1.000000e+00 1.000000e+00 1.000000e+00 9.933775e-01 9.006623e-01 6.158940e-01 3.841060e-01 3.112583e-01 1.000000e+00 1.000000e+00 1.000000e+00 9.536424e-01 7.152317e-01 4.569537e-01 3.178808e-01 2.317880e-01 1.000000e+00 1.000000e+00 9.933775e-01 8.807946e-01 5.629139e-01 3.509934e-01 2.781457e-01 1.788079e-01 1.000000e+00 9.933775e-01 9.205297e-01 6.423841e-01 4.039735e-01 3.112583e-01 2.317881e-01 2.052981e-01 1.000000e+00 9.668874e-01 7.152317e-01 4.635762e-01 3.377483e-01 2.516557e-01 2.847682e-01 3.576158e-01 1.000000e+00 8.874171e-01 5.231788e-01 3.576159e-01 2.582782e-01 1.986755e-01 4.039735e-01 5.298013e-01 9.867550e-01 7.086092e-01 4.039735e-01 2.913907e-01 2.119205e-01 1.324503e-01 4.701987e-01 6.754967e-01 9.602649e-01 5.827815e-01 3.311259e-01 2.516557e-01 1.523179e-01 1.059602e-01 4.966888e-01 7.284768e-01 0.000000e+00 8.807947e-01 3.112583e-01 1.986755e-01 1.655629e-01 2.052980e-01 5.695364e-01 7.417219e-01
<VARIANCE> 72
 1.000000e-02 1.000000e-02 1.000000e-02 1.000000e-02 8.946974e-02 2.365686e-01 2.365686e-01 2.143767e-01 1.000000e-02 1.000000e-02 1.000000e-02 4.420860e-02 2.036753e-01 2.481468e-01 2.168323e-01 1.780625e-01 1.000000e-02 1.000000e-02 1.000000e-02 1.049954e-01 2.460415e-01 2.277967e-01 2.007811e-01 1.468357e-01 1.000000e-02 1.000000e-02 7.315471e-02 2.297267e-01 2.407787e-01 2.143767e-01 1.780624e-01 1.631507e-01 1.000000e-02 3.201614e-02 2.036753e-01 2.486730e-01 2.236747e-01 1.883247e-01 2.036753e-01 2.297268e-01 1.000000e-02 9.990794e-02 2.494627e-01 2.297267e-01 1.915706e-01 1.592036e-01 2.407788e-01 2.491118e-01 1.306960e-02 2.064823e-01 2.407788e-01 2.064824e-01 1.670103e-01 1.149072e-01 2.491118e-01 2.192010e-01 3.815618e-02 2.431474e-01 2.214815e-01 1.883247e-01 1.291173e-01 9.473270e-02 2.499893e-01 1.977982e-01 1.000000e-02 1.049953e-01 2.143767e-01 1.592036e-01 1.381518e-01 1.631507e-01 2.451646e-01 1.915706e-01
<GCONST> -3.984095e+01
<STATE> 6
<MEAN> 72
 1.000000e+00 1.000000e+00 1.000000e+00 1.000000e+00 1.000000e+00 1.000000e+00 8.933333e-01 6.400000e-01 1.000000e+00 1.000000e+00 1.000000e+00 1.000000e+00 1.000000e+00 1.000000e+00 7.600000e-01 4.800000e-01 1.000000e+00 1.000000e+00 1.000000e+00 1.000000e+00 1.000000e+00 8.266667e-01 6.000000e-01 3.333333e-01 1.000000e+00 1.000000e+00 1.000000e+00 1.000000e+00 9.600000e-01 6.533333e-01 4.133333e-01 1.866667e-01 1.000000e+00 1.000000e+00 1.000000e+00 9.600000e-01 7.466666e-01 5.333334e-01 2.666667e-01 1.333334e-01 1.000000e+00 1.000000e+00 9.866667e-01 7.733333e-01 5.600001e-01 3.600000e-01 1.733333e-01 1.600000e-01 1.000000e+00 1.000000e+00 8.400000e-01 6.133333e-01 4.266666e-01 2.000000e-01 1.333333e-01 2.933334e-01 1.000000e+00 1.000000e+00 7.600000e-01 4.800000e-01 2.666667e-01 1.466666e-01 8.000004e-02 4.266667e-01 0.000000e+00 1.000000e+00 6.666667e-01 3.333333e-01 1.733333e-01 8.000004e-02 1.066667e-01 4.666666e-01
<VARIANCE> 72
 1.000000e-02 1.000000e-02 1.000000e-02 1.000000e-02 1.000000e-02 1.000000e-02 9.528890e-02 2.303999e-01 1.000000e-02 1.000000e-02 1.000000e-02 1.000000e-02 1.000000e-02 1.000000e-02 1.824000e-01 2.496000e-01 1.000000e-02 1.000000e-02 1.000000e-02 1.000000e-02 1.000000e-02 1.432890e-01 2.399999e-01 2.222222e-01 1.000000e-02 1.000000e-02 1.000000e-02 1.000000e-02 3.840002e-02 2.264891e-01 2.424889e-01 1.518222e-01 1.000000e-02 1.000000e-02 1.000000e-02 3.840002e-02 1.891555e-01 2.488890e-01 1.955555e-01 1.155556e-01 1.000000e-02 1.000000e-02 1.315557e-02 1.752890e-01 2.464001e-01 2.303999e-01 1.432890e-01 1.344000e-01 1.000000e-02 1.000000e-02 1.344001e-01 2.371557e-01 2.446222e-01 1.600000e-01 1.155556e-01 2.072889e-01 1.000000e-02 1.000000e-02 1.824000e-01 2.496000e-01 1.955554e-01 1.251556e-01 7.360001e-02 2.446222e-01 1.000000e-02 1.000000e-02 2.222221e-01 2.222221e-01 1.432890e-01 7.360001e-02 9.528892e-02 2.488890e-01
<GCONST> -9.040025e+01
<STATE> 7
<MEAN> 72
 1.000000e+00 1.000000e+00 1.000000e+00 1.000000e+00 1.000000e+00 1.000000e+00 1.000000e+00 1.000000e+00 1.000000e+00 1.000000e+00 1.000000e+00 1.000000e+00 1.000000e+00 1.000000e+00 1.000000e+00 1.000000e+00 1.000000e+00 1.000000e+00 1.000000e+00 1.000000e+00 1.000000e+00 1.000000e+00 1.000000e+00 1.000000e+00 1.000000e+00 1.000000e+00 1.000000e+00 1.000000e+00 1.000000e+00 1.000000e+00 1.000000e+00 1.000000e+00 1.000000e+00 1.000000e+00 1.000000e+00 1.000000e+00 1.000000e+00 1.000000e+00 1.000000e+00 1.000000e+00 1.000000e+00 1.000000e+00 1.000000e+00 1.000000e+00 1.000000e+00 1.000000e+00 1.000000e+00 1.000000e+00 1.000000e+00 1.000000e+00 1.000000e+00 1.000000e+00 1.000000e+00 1.000000e+00 1.000000e+00 1.000000e+00 1.000000e+00 1.000000e+00 1.000000e+00 1.000000e+00 1.000000e+00 1.000000e+00 1.000000e+00 9.914163e-01 0.000000e+00 1.000000e+00 1.000000e+00 1.000000e+00 1.000000e+00 1.000000e+00 1.000000e+00 9.613734e-01
<VARIANCE> 72
 1.000000e-02 1.000000e-02 1.000000e-02 1.000000e-02 1.000000e-02 1.000000e-02 1.000000e-02 1.000000e-02 1.000000e-02 1.000000e-02 1.000000e-02 1.000000e-02 1.000000e-02 1.000000e-02 1.000000e-02 1.000000e-02 1.000000e-02 1.000000e-02 1.000000e-02 1.000000e-02 1.000000e-02 1.000000e-02 1.000000e-02 1.000000e-02 1.000000e-02 1.000000e-02 1.000000e-02 1.000000e-02 1.000000e-02 1.000000e-02 1.000000e-02 1.000000e-02 1.000000e-02 1.000000e-02 1.000000e-02 1.000000e-02 1.000000e-02 1.000000e-02 1.000000e-02 1.000000e-02 1.000000e-02 1.000000e-02 1.000000e-02 1.000000e-02 1.000000e-02 1.000000e-02 1.000000e-02 1.000000e-02 1.000000e-02 1.000000e-02 1.000000e-02 1.000000e-02 1.000000e-02 1.000000e-02 1.000000e-02 1.000000e-02 1.000000e-02 1.000000e-02 1.000000e-02 1.000000e-02 1.000000e-02 1.000000e-02 1.000000e-02 1.000000e-02 1.000000e-02 1.000000e-02 1.000000e-02 1.000000e-02 1.000000e-02 1.000000e-02 1.000000e-02 3.713457e-02
<GCONST> -1.979332e+02
<TRANSP> 8
 0.000000e+00 1.000000e+00 0.000000e+00 0.000000e+00 0.000000e+00 0.000000e+00 0.000000e+00 0.000000e+00
 0.000000e+00 8.133333e-01 1.866667e-01 0.000000e+00 0.000000e+00 0.000000e+00 0.000000e+00 0.000000e+00
 0.000000e+00 0.000000e+00 8.666667e-01 1.333333e-01 0.000000e+00 0.000000e+00 0.000000e+00 0.000000e+00
 0.000000e+00 0.000000e+00 0.000000e+00 8.766520e-01 1.233480e-01 0.000000e+00 0.000000e+00 0.000000e+00
 0.000000e+00 0.000000e+00 0.000000e+00 0.000000e+00 8.145695e-01 1.854305e-01 0.000000e+00 0.000000e+00
 0.000000e+00 0.000000e+00 0.000000e+00 0.000000e+00 0.000000e+00 6.266667e-01 3.733333e-01 0.000000e+00
 0.000000e+00 0.000000e+00 0.000000e+00 0.000000e+00 0.000000e+00 0.000000e+00 8.798283e-01 1.201717e-01
 0.000000e+00 0.000000e+00 0.000000e+00 0.000000e+00 0.000000e+00 0.000000e+00 0.000000e+00 0.000000e+00
<ENDHMM>
