~o
<STREAMINFO> 1 72
<VECSIZE> 72<NULLD><USER><DIAGC>
~h "circleright5"
<BEGINHMM>
<NUMSTATES> 8
<STATE> 2
<MEAN> 72
 1.000000e+00 1.000000e+00 1.000000e+00 1.000000e+00 9.961538e-01 8.923076e-01 7.423078e-01 5.538461e-01 1.000000e+00 1.000000e+00 1.000000e+00 1.000000e+00 9.730769e-01 9.038461e-01 6.653847e-01 4.769231e-01 1.000000e+00 1.000000e+00 1.000000e+00 1.000000e+00 9.769231e-01 8.846154e-01 6.730770e-01 3.192308e-01 1.000000e+00 1.000000e+00 1.000000e+00 1.000000e+00 9.961538e-01 8.769230e-01 6.153846e-01 2.192308e-01 1.000000e+00 1.000000e+00 1.000000e+00 1.000000e+00 9.961538e-01 8.884615e-01 6.076921e-01 2.615385e-01 1.000000e+00 1.000000e+00 1.000000e+00 1.000000e+00 9.961538e-01 9.346154e-01 6.076923e-01 3.076923e-01 1.000000e+00 1.000000e+00 1.000000e+00 1.000000e+00 1.000000e+00 9.230769e-01 6.461539e-01 4.269231e-01 1.000000e+00 1.000000e+00 1.000000e+00 1.000000e+00 1.000000e+00 9.461538e-01 7.153847e-01 5.307692e-01 1.000000e+00 1.000000e+00 1.000000e+00 1.000000e+00 9.961538e-01 9.730769e-01 7.807691e-01 6.461540e-01
<VARIANCE> 72
 1.000000e-02 1.000000e-02 1.000000e-02 1.000000e-02 1.000000e-02 9.609495e-02 1.912872e-01 2.471013e-01 1.000000e-02 1.000000e-02 1.000000e-02 1.000000e-02 2.619819e-02 8.690827e-02 2.226485e-01 2.494671e-01 1.000000e-02 1.000000e-02 1.000000e-02 1.000000e-02 2.254444e-02 1.020708e-01 2.200447e-01 2.173230e-01 1.000000e-02 1.000000e-02 1.000000e-02 1.000000e-02 1.000000e-02 1.079291e-01 2.366863e-01 1.711682e-01 1.000000e-02 1.000000e-02 1.000000e-02 1.000000e-02 1.000000e-02 9.909768e-02 2.384019e-01 1.931362e-01 1.000000e-02 1.000000e-02 1.000000e-02 1.000000e-02 1.000000e-02 6.110956e-02 2.384019e-01 2.130174e-01 1.000000e-02 1.000000e-02 1.000000e-02 1.000000e-02 1.000000e-02 7.100601e-02 2.286389e-01 2.446599e-01 1.000000e-02 1.000000e-02 1.000000e-02 1.000000e-02 1.000000e-02 5.094680e-02 2.036094e-01 2.490528e-01 1.000000e-02 1.000000e-02 1.000000e-02 1.000000e-02 1.000000e-02 2.619819e-02 1.711683e-01 2.286389e-01
<GCONST> -1.241471e+02
<STATE> 3
<MEAN> 72
 8.000000e-01 5.793103e-01 4.000000e-01 2.275862e-01 7.586207e-02 1.034482e-01 3.793103e-01 6.137932e-01 7.586207e-01 5.241379e-01 3.931035e-01 2.689655e-01 2.068966e-01 2.965517e-01 5.862069e-01 8.000000e-01 7.586207e-01 5.793103e-01 4.482758e-01 3.724138e-01 3.379309e-01 6.206898e-01 7.793103e-01 9.310344e-01 8.000000e-01 6.068966e-01 5.310345e-01 5.793104e-01 6.827586e-01 7.793104e-01 9.310344e-01 9.724138e-01 8.000000e-01 7.586207e-01 7.931035e-01 9.034483e-01 9.103448e-01 9.448276e-01 9.793103e-01 1.000000e+00 9.103448e-01 8.827586e-01 9.724138e-01 9.931034e-01 9.793103e-01 9.931034e-01 1.000000e+00 1.000000e+00 9.931034e-01 1.000000e+00 1.000000e+00 1.000000e+00 1.000000e+00 1.000000e+00 1.000000e+00 1.000000e+00 1.000000e+00 1.000000e+00 1.000000e+00 1.000000e+00 1.000000e+00 1.000000e+00 1.000000e+00 1.000000e+00 1.000000e+00 1.000000e+00 1.000000e+00 1.000000e+00 1.000000e+00 1.000000e+00 1.000000e+00 1.000000e+00
<VARIANCE> 72
 1.600003e-01 2.437096e-01 2.400000e-01 1.757907e-01 7.010708e-02 9.274658e-02 2.354341e-01 2.370512e-01 1.831153e-01 2.494173e-01 2.385731e-01 1.966228e-01 1.640906e-01 2.086084e-01 2.425686e-01 1.600001e-01 1.831153e-01 2.437096e-01 2.473243e-01 2.337219e-01 2.237335e-01 2.354341e-01 1.719858e-01 6.420925e-02 1.600002e-01 2.385731e-01 2.490369e-01 2.437097e-01 2.165992e-01 1.719858e-01 6.420924e-02 2.682522e-02 1.600002e-01 1.831153e-01 1.640905e-01 8.722944e-02 8.161720e-02 5.212840e-02 2.026159e-02 1.000000e-02 8.161728e-02 1.034957e-01 2.682522e-02 1.000000e-02 2.026160e-02 1.000000e-02 1.000000e-02 1.000000e-02 1.000000e-02 1.000000e-02 1.000000e-02 1.000000e-02 1.000000e-02 1.000000e-02 1.000000e-02 1.000000e-02 1.000000e-02 1.000000e-02 1.000000e-02 1.000000e-02 1.000000e-02 1.000000e-02 1.000000e-02 1.000000e-02 1.000000e-02 1.000000e-02 1.000000e-02 1.000000e-02 1.000000e-02 1.000000e-02 1.000000e-02 1.000000e-02
<GCONST> -8.688191e+01
<STATE> 4
<MEAN> 72
 9.871795e-01 8.333334e-01 5.897436e-01 3.974359e-01 1.538462e-01 6.469149e-34 1.282052e-01 2.948718e-01 9.487180e-01 6.153846e-01 3.974359e-01 1.794872e-01 0.000000e+00 3.846154e-02 3.076923e-01 4.871795e-01 7.435898e-01 4.743589e-01 2.051282e-01 1.282051e-02 0.000000e+00 6.410257e-02 5.128205e-01 6.923077e-01 7.051281e-01 2.820513e-01 6.469149e-34 -6.169455e-40 2.837017e-22 2.564102e-01 7.692308e-01 9.358975e-01 6.153846e-01 1.025641e-01 0.000000e+00 7.692308e-02 1.025641e-01 4.615385e-01 9.230769e-01 1.000000e+00 4.102564e-01 1.282050e-02 1.282051e-01 2.820513e-01 2.948718e-01 6.923077e-01 9.871795e-01 1.000000e+00 4.358975e-01 2.179487e-01 3.846154e-01 5.128205e-01 5.000000e-01 8.333333e-01 1.000000e+00 1.000000e+00 6.282051e-01 4.102564e-01 5.384616e-01 7.692308e-01 6.923077e-01 9.743590e-01 1.000000e+00 1.000000e+00 7.435898e-01 5.512820e-01 7.307693e-01 9.358974e-01 8.974359e-01 1.000000e+00 1.000000e+00 1.000000e+00
<VARIANCE> 72
 1.265617e-02 1.388888e-01 2.419460e-01 2.394806e-01 1.301775e-01 1.000000e-02 1.117686e-01 2.079224e-01 4.865220e-02 2.366865e-01 2.394806e-01 1.472716e-01 1.000000e-02 3.698224e-02 2.130176e-01 2.498358e-01 1.906641e-01 2.493425e-01 1.630508e-01 1.265615e-02 1.000000e-02 5.999342e-02 2.498358e-01 2.130177e-01 2.079224e-01 2.024983e-01 1.000000e-02 1.000000e-02 1.000000e-02 1.906641e-01 1.775147e-01 5.999339e-02 2.366864e-01 9.204477e-02 1.000000e-02 7.100587e-02 9.204476e-02 2.485208e-01 7.100587e-02 1.000000e-02 2.419460e-01 1.265615e-02 1.117686e-01 2.024983e-01 2.079224e-01 2.130176e-01 1.265616e-02 1.000000e-02 2.458908e-01 1.704470e-01 2.366865e-01 2.498358e-01 2.500000e-01 1.388888e-01 1.000000e-02 1.000000e-02 2.335634e-01 2.419460e-01 2.485208e-01 1.775147e-01 2.130176e-01 2.498355e-02 1.000000e-02 1.000000e-02 1.906641e-01 2.473700e-01 1.967455e-01 5.999338e-02 9.204480e-02 1.000000e-02 1.000000e-02 1.000000e-02
<GCONST> -5.515873e+01
<STATE> 5
<MEAN> 72
 1.000000e+00 1.000000e+00 1.000000e+00 1.000000e+00 1.000000e+00 8.589743e-01 6.666667e-01 3.717948e-01 1.000000e+00 1.000000e+00 1.000000e+00 1.000000e+00 9.487180e-01 7.435898e-01 4.230769e-01 2.564103e-01 1.000000e+00 1.000000e+00 1.000000e+00 1.000000e+00 7.948718e-01 5.897436e-01 3.076923e-01 1.282051e-02 1.000000e+00 1.000000e+00 1.000000e+00 8.461539e-01 6.282051e-01 3.589744e-01 1.666667e-01 0.000000e+00 1.000000e+00 1.000000e+00 9.102564e-01 6.538461e-01 4.102564e-01 2.435897e-01 2.802597e-45 1.538462e-01 1.000000e+00 9.615384e-01 6.923077e-01 4.487180e-01 2.435897e-01 -1.083188e-39 7.692308e-02 3.333333e-01 1.000000e+00 9.230769e-01 5.897436e-01 3.589744e-01 8.974358e-02 0.000000e+00 1.282051e-01 4.743590e-01 9.871795e-01 7.948717e-01 4.743590e-01 2.307692e-01 2.564103e-02 2.564103e-02 2.179487e-01 5.384616e-01 9.615384e-01 7.179487e-01 4.743589e-01 1.538462e-01 6.410257e-02 1.538462e-01 3.205128e-01 5.769231e-01
<VARIANCE> 72
 1.000000e-02 1.000000e-02 1.000000e-02 1.000000e-02 1.000000e-02 1.211374e-01 2.222221e-01 2.335634e-01 1.000000e-02 1.000000e-02 1.000000e-02 1.000000e-02 4.865216e-02 1.906641e-01 2.440828e-01 1.906641e-01 1.000000e-02 1.000000e-02 1.000000e-02 1.000000e-02 1.630508e-01 2.419460e-01 2.130177e-01 1.265615e-02 1.000000e-02 1.000000e-02 1.000000e-02 1.301775e-01 2.335634e-01 2.301116e-01 1.388888e-01 1.000000e-02 1.000000e-02 1.000000e-02 8.168963e-02 2.263313e-01 2.419460e-01 1.842538e-01 1.000000e-02 1.301775e-01 1.000000e-02 3.698224e-02 2.130176e-01 2.473700e-01 1.842538e-01 1.000000e-02 7.100587e-02 2.222221e-01 1.000000e-02 7.100587e-02 2.419460e-01 2.301116e-01 8.168961e-02 1.000000e-02 1.117686e-01 2.493425e-01 1.265616e-02 1.630507e-01 2.493425e-01 1.775147e-01 2.498354e-02 2.498355e-02 1.704470e-01 2.485208e-01 3.698224e-02 2.024983e-01 2.493425e-01 1.301775e-01 5.999342e-02 1.301775e-01 2.177843e-01 2.440828e-01
<GCONST> -7.588897e+01
<STATE> 6
<MEAN> 72
 1.000000e+00 1.000000e+00 1.000000e+00 1.000000e+00 1.000000e+00 1.000000e+00 1.000000e+00 1.000000e+00 1.000000e+00 1.000000e+00 1.000000e+00 1.000000e+00 1.000000e+00 1.000000e+00 1.000000e+00 1.000000e+00 1.000000e+00 1.000000e+00 1.000000e+00 1.000000e+00 1.000000e+00 1.000000e+00 1.000000e+00 9.882353e-01 1.000000e+00 1.000000e+00 1.000000e+00 1.000000e+00 1.000000e+00 1.000000e+00 1.000000e+00 8.588235e-01 1.000000e+00 1.000000e+00 1.000000e+00 1.000000e+00 1.000000e+00 1.000000e+00 9.176471e-01 6.823529e-01 1.000000e+00 1.000000e+00 1.000000e+00 1.000000e+00 1.000000e+00 9.764706e-01 7.411765e-01 4.000000e-01 1.000000e+00 1.000000e+00 1.000000e+00 1.000000e+00 1.000000e+00 8.470588e-01 5.058824e-01 1.647059e-01 1.000000e+00 1.000000e+00 1.000000e+00 1.000000e+00 9.176471e-01 6.941177e-01 4.117647e-01 1.058824e-01 1.000000e+00 1.000000e+00 1.000000e+00 1.000000e+00 8.823529e-01 6.235294e-01 3.058824e-01 3.529410e-02
<VARIANCE> 72
 1.000000e-02 1.000000e-02 1.000000e-02 1.000000e-02 1.000000e-02 1.000000e-02 1.000000e-02 1.000000e-02 1.000000e-02 1.000000e-02 1.000000e-02 1.000000e-02 1.000000e-02 1.000000e-02 1.000000e-02 1.000000e-02 1.000000e-02 1.000000e-02 1.000000e-02 1.000000e-02 1.000000e-02 1.000000e-02 1.000000e-02 1.162629e-02 1.000000e-02 1.000000e-02 1.000000e-02 1.000000e-02 1.000000e-02 1.000000e-02 1.000000e-02 1.212457e-01 1.000000e-02 1.000000e-02 1.000000e-02 1.000000e-02 1.000000e-02 1.000000e-02 7.557098e-02 2.167474e-01 1.000000e-02 1.000000e-02 1.000000e-02 1.000000e-02 1.000000e-02 2.297576e-02 1.918339e-01 2.399999e-01 1.000000e-02 1.000000e-02 1.000000e-02 1.000000e-02 1.000000e-02 1.295501e-01 2.499652e-01 1.375779e-01 1.000000e-02 1.000000e-02 1.000000e-02 1.000000e-02 7.557097e-02 2.123183e-01 2.422145e-01 9.467126e-02 1.000000e-02 1.000000e-02 1.000000e-02 1.000000e-02 1.038062e-01 2.347405e-01 2.123183e-01 3.404843e-02
<GCONST> -1.558452e+02
<STATE> 7
<MEAN> 72
 1.000000e+00 1.000000e+00 1.000000e+00 1.000000e+00 1.000000e+00 1.000000e+00 1.000000e+00 1.000000e+00 1.000000e+00 1.000000e+00 1.000000e+00 1.000000e+00 1.000000e+00 1.000000e+00 1.000000e+00 1.000000e+00 1.000000e+00 1.000000e+00 1.000000e+00 1.000000e+00 1.000000e+00 1.000000e+00 1.000000e+00 1.000000e+00 1.000000e+00 1.000000e+00 1.000000e+00 1.000000e+00 1.000000e+00 1.000000e+00 1.000000e+00 1.000000e+00 1.000000e+00 1.000000e+00 1.000000e+00 1.000000e+00 1.000000e+00 1.000000e+00 1.000000e+00 1.000000e+00 1.000000e+00 1.000000e+00 1.000000e+00 1.000000e+00 1.000000e+00 1.000000e+00 1.000000e+00 1.000000e+00 1.000000e+00 1.000000e+00 1.000000e+00 1.000000e+00 1.000000e+00 1.000000e+00 1.000000e+00 1.000000e+00 1.000000e+00 1.000000e+00 1.000000e+00 1.000000e+00 1.000000e+00 1.000000e+00 1.000000e+00 1.000000e+00 1.000000e+00 1.000000e+00 1.000000e+00 1.000000e+00 1.000000e+00 1.000000e+00 1.000000e+00 1.000000e+00
<VARIANCE> 72
 1.000000e-02 1.000000e-02 1.000000e-02 1.000000e-02 1.000000e-02 1.000000e-02 1.000000e-02 1.000000e-02 1.000000e-02 1.000000e-02 1.000000e-02 1.000000e-02 1.000000e-02 1.000000e-02 1.000000e-02 1.000000e-02 1.000000e-02 1.000000e-02 1.000000e-02 1.000000e-02 1.000000e-02 1.000000e-02 1.000000e-02 1.000000e-02 1.000000e-02 1.000000e-02 1.000000e-02 1.000000e-02 1.000000e-02 1.000000e-02 1.000000e-02 1.000000e-02 1.000000e-02 1.000000e-02 1.000000e-02 1.000000e-02 1.000000e-02 1.000000e-02 1.000000e-02 1.000000e-02 1.000000e-02 1.000000e-02 1.000000e-02 1.000000e-02 1.000000e-02 1.000000e-02 1.000000e-02 1.000000e-02 1.000000e-02 1.000000e-02 1.000000e-02 1.000000e-02 1.000000e-02 1.000000e-02 1.000000e-02 1.000000e-02 1.000000e-02 1.000000e-02 1.000000e-02 1.000000e-02 1.000000e-02 1.000000e-02 1.000000e-02 1.000000e-02 1.000000e-02 1.000000e-02 1.000000e-02 1.000000e-02 1.000000e-02 1.000000e-02 1.000000e-02 1.000000e-02
<GCONST> -1.992451e+02
<TRANSP> 8
 0.000000e+00 1.000000e+00 0.000000e+00 0.000000e+00 0.000000e+00 0.000000e+00 0.000000e+00 0.000000e+00
 0.000000e+00 8.576923e-01 1.423077e-01 0.000000e+00 0.000000e+00 0.000000e+00 0.000000e+00 0.000000e+00
 0.000000e+00 0.000000e+00 7.448276e-01 2.551724e-01 0.000000e+00 0.000000e+00 0.000000e+00 0.000000e+00
 0.000000e+00 0.000000e+00 0.000000e+00 5.256410e-01 4.743590e-01 0.000000e+00 0.000000e+00 0.000000e+00
 0.000000e+00 0.000000e+00 0.000000e+00 0.000000e+00 5.256410e-01 4.743590e-01 0.000000e+00 0.000000e+00
 0.000000e+00 0.000000e+00 0.000000e+00 0.000000e+00 0.000000e+00 5.647059e-01 4.352941e-01 0.000000e+00
 0.000000e+00 0.000000e+00 0.000000e+00 0.000000e+00 0.000000e+00 0.000000e+00 8.715278e-01 1.284722e-01
 0.000000e+00 0.000000e+00 0.000000e+00 0.000000e+00 0.000000e+00 0.000000e+00 0.000000e+00 0.000000e+00
<ENDHMM>
