~o
<STREAMINFO> 1 72
<VECSIZE> 72<NULLD><USER><DIAGC>
~h "downleft1"
<BEGINHMM>
<NUMSTATES> 8
<STATE> 2
<MEAN> 72
 1.000000e+00 1.000000e+00 1.000000e+00 1.000000e+00 1.000000e+00 1.000000e+00 1.000000e+00 1.000000e+00 1.000000e+00 1.000000e+00 1.000000e+00 1.000000e+00 1.000000e+00 1.000000e+00 1.000000e+00 1.000000e+00 1.000000e+00 1.000000e+00 1.000000e+00 1.000000e+00 1.000000e+00 1.000000e+00 1.000000e+00 1.000000e+00 1.000000e+00 1.000000e+00 1.000000e+00 1.000000e+00 1.000000e+00 1.000000e+00 9.902912e-01 9.708738e-01 1.000000e+00 1.000000e+00 1.000000e+00 1.000000e+00 9.805825e-01 8.932039e-01 8.058252e-01 7.281553e-01 1.000000e+00 1.000000e+00 1.000000e+00 9.223301e-01 7.864078e-01 6.699029e-01 5.631068e-01 5.048544e-01 1.000000e+00 1.000000e+00 9.611651e-01 8.155340e-01 6.019417e-01 5.145631e-01 3.883495e-01 2.815534e-01 1.000000e+00 9.902912e-01 9.223301e-01 7.475728e-01 5.339805e-01 3.398058e-01 1.941748e-01 1.067961e-01 1.000000e+00 9.805825e-01 9.029127e-01 7.281554e-01 4.077670e-01 2.912621e-01 5.825246e-02 1.067961e-01
<VARIANCE> 72
 1.000000e-02 1.000000e-02 1.000000e-02 1.000000e-02 1.000000e-02 1.000000e-02 1.000000e-02 1.000000e-02 1.000000e-02 1.000000e-02 1.000000e-02 1.000000e-02 1.000000e-02 1.000000e-02 1.000000e-02 1.000000e-02 1.000000e-02 1.000000e-02 1.000000e-02 1.000000e-02 1.000000e-02 1.000000e-02 1.000000e-02 1.000000e-02 1.000000e-02 1.000000e-02 1.000000e-02 1.000000e-02 1.000000e-02 1.000000e-02 1.000000e-02 2.827787e-02 1.000000e-02 1.000000e-02 1.000000e-02 1.000000e-02 1.904045e-02 9.539064e-02 1.564708e-01 1.979452e-01 1.000000e-02 1.000000e-02 1.000000e-02 7.163724e-02 1.679707e-01 2.211332e-01 2.460176e-01 2.499763e-01 1.000000e-02 1.000000e-02 3.732681e-02 1.504384e-01 2.396080e-01 2.497878e-01 2.375343e-01 2.022812e-01 1.000000e-02 1.000000e-02 7.163727e-02 1.887075e-01 2.488455e-01 2.243377e-01 1.564709e-01 9.539069e-02 1.000000e-02 1.904044e-02 8.766145e-02 1.979452e-01 2.414931e-01 2.064287e-01 5.485908e-02 9.539074e-02
<GCONST> -1.264586e+02
<STATE> 3
<MEAN> 72
 1.000000e+00 1.000000e+00 1.000000e+00 1.000000e+00 1.000000e+00 1.000000e+00 1.000000e+00 9.838710e-01 1.000000e+00 1.000000e+00 1.000000e+00 1.000000e+00 1.000000e+00 9.516129e-01 9.354839e-01 8.225806e-01 1.000000e+00 1.000000e+00 9.193549e-01 8.387097e-01 7.258065e-01 5.645161e-01 5.322581e-01 4.193548e-01 1.000000e+00 8.709677e-01 7.580645e-01 4.677419e-01 3.064516e-01 1.612903e-01 8.064514e-02 1.612904e-02 9.032258e-01 7.580645e-01 4.516129e-01 1.451613e-01 1.612904e-02 1.612904e-02 -5.123183e-23 1.107459e-28 8.548387e-01 6.451613e-01 2.903226e-01 6.451612e-02 -1.212715e-32 3.225807e-02 1.612903e-01 2.903226e-01 8.225806e-01 5.806452e-01 3.064516e-01 1.290322e-01 1.612903e-01 3.064516e-01 4.838710e-01 6.290323e-01 7.903225e-01 5.483872e-01 3.870968e-01 3.870968e-01 5.000000e-01 6.129032e-01 7.419355e-01 9.677419e-01 8.064516e-01 7.096775e-01 5.645161e-01 6.774193e-01 7.903226e-01 9.354839e-01 9.838710e-01 1.000000e+00
<VARIANCE> 72
 1.000000e-02 1.000000e-02 1.000000e-02 1.000000e-02 1.000000e-02 1.000000e-02 1.000000e-02 1.586889e-02 1.000000e-02 1.000000e-02 1.000000e-02 1.000000e-02 1.000000e-02 4.604575e-02 6.035378e-02 1.459417e-01 1.000000e-02 1.000000e-02 7.414148e-02 1.352756e-01 1.990114e-01 2.458376e-01 2.489593e-01 2.434963e-01 1.000000e-02 1.123829e-01 1.834027e-01 2.489593e-01 2.125389e-01 1.352758e-01 7.414149e-02 1.586892e-02 8.740893e-02 1.834027e-01 2.476587e-01 1.240895e-01 1.586889e-02 1.586889e-02 1.000000e-02 1.000000e-02 1.240895e-01 2.289282e-01 2.060355e-01 6.035378e-02 1.000000e-02 3.121748e-02 1.352758e-01 2.060355e-01 1.459418e-01 2.434963e-01 2.125388e-01 1.123829e-01 1.352756e-01 2.125389e-01 2.497398e-01 2.333507e-01 1.657128e-01 2.476587e-01 2.372530e-01 2.372529e-01 2.500000e-01 2.372529e-01 1.914672e-01 3.121747e-02 1.560874e-01 2.060354e-01 2.458376e-01 2.185223e-01 1.657127e-01 6.035378e-02 1.586892e-02 1.000000e-02
<GCONST> -6.659977e+01
<STATE> 4
<MEAN> 72
 8.266667e-01 6.800000e-01 5.200000e-01 4.133333e-01 3.600000e-01 2.800000e-01 2.400000e-01 1.733333e-01 6.400000e-01 4.000000e-01 1.866667e-01 1.200000e-01 5.333334e-02 4.000001e-02 -6.625199e-34 6.666667e-02 5.066667e-01 2.400000e-01 1.333334e-02 6.650834e-28 1.333334e-02 1.333333e-01 3.066667e-01 3.600000e-01 3.733333e-01 2.133333e-01 1.200000e-01 2.266667e-01 3.200000e-01 4.933333e-01 6.266667e-01 7.066666e-01 4.400000e-01 4.133333e-01 4.266666e-01 5.333334e-01 5.866666e-01 7.333333e-01 8.533334e-01 9.866667e-01 5.866667e-01 6.133333e-01 6.666667e-01 7.866667e-01 8.800000e-01 9.866667e-01 1.000000e+00 1.000000e+00 7.466667e-01 7.866667e-01 9.066666e-01 9.733334e-01 1.000000e+00 1.000000e+00 1.000000e+00 1.000000e+00 9.066666e-01 9.466667e-01 1.000000e+00 1.000000e+00 1.000000e+00 1.000000e+00 1.000000e+00 1.000000e+00 9.733334e-01 1.000000e+00 1.000000e+00 1.000000e+00 1.000000e+00 1.000000e+00 1.000000e+00 1.000000e+00
<VARIANCE> 72
 1.432890e-01 2.176000e-01 2.496000e-01 2.424889e-01 2.303999e-01 2.016000e-01 1.824001e-01 1.432890e-01 2.304000e-01 2.399999e-01 1.518222e-01 1.056000e-01 5.048887e-02 3.840001e-02 1.000000e-02 6.222222e-02 2.499555e-01 1.824001e-01 1.315556e-02 1.000000e-02 1.315556e-02 1.155555e-01 2.126223e-01 2.303999e-01 2.339554e-01 1.678223e-01 1.056000e-01 1.752888e-01 2.176000e-01 2.499555e-01 2.339554e-01 2.072889e-01 2.463999e-01 2.424888e-01 2.446221e-01 2.488890e-01 2.424889e-01 1.955555e-01 1.251556e-01 1.315557e-02 2.424890e-01 2.371557e-01 2.222221e-01 1.678223e-01 1.056000e-01 1.315556e-02 1.000000e-02 1.000000e-02 1.891555e-01 1.678223e-01 8.462227e-02 2.595555e-02 1.000000e-02 1.000000e-02 1.000000e-02 1.000000e-02 8.462227e-02 5.048886e-02 1.000000e-02 1.000000e-02 1.000000e-02 1.000000e-02 1.000000e-02 1.000000e-02 2.595554e-02 1.000000e-02 1.000000e-02 1.000000e-02 1.000000e-02 1.000000e-02 1.000000e-02 1.000000e-02
<GCONST> -6.998353e+01
<STATE> 5
<MEAN> 72
 8.108106e-02 6.246260e-33 1.351351e-01 2.297297e-01 3.648649e-01 4.459459e-01 5.135135e-01 5.945946e-01 2.837838e-01 3.783784e-01 4.594594e-01 5.945946e-01 7.297297e-01 8.378378e-01 8.918919e-01 9.594594e-01 6.081081e-01 6.756757e-01 8.108108e-01 9.054054e-01 1.000000e+00 1.000000e+00 1.000000e+00 1.000000e+00 8.783784e-01 9.459459e-01 1.000000e+00 1.000000e+00 1.000000e+00 1.000000e+00 1.000000e+00 1.000000e+00 1.000000e+00 1.000000e+00 1.000000e+00 1.000000e+00 1.000000e+00 1.000000e+00 1.000000e+00 1.000000e+00 1.000000e+00 1.000000e+00 1.000000e+00 1.000000e+00 1.000000e+00 1.000000e+00 1.000000e+00 1.000000e+00 1.000000e+00 1.000000e+00 1.000000e+00 1.000000e+00 1.000000e+00 1.000000e+00 1.000000e+00 1.000000e+00 1.000000e+00 1.000000e+00 1.000000e+00 1.000000e+00 1.000000e+00 1.000000e+00 1.000000e+00 1.000000e+00 1.000000e+00 1.000000e+00 1.000000e+00 1.000000e+00 1.000000e+00 1.000000e+00 1.000000e+00 1.000000e+00
<VARIANCE> 72
 7.450695e-02 1.000000e-02 1.168736e-01 1.769539e-01 2.317384e-01 2.470783e-01 2.498173e-01 2.410517e-01 2.032504e-01 2.352083e-01 2.483566e-01 2.410518e-01 1.972242e-01 1.358656e-01 9.642068e-02 3.889700e-02 2.383128e-01 2.191381e-01 1.533965e-01 8.564653e-02 1.000000e-02 1.000000e-02 1.000000e-02 1.000000e-02 1.068299e-01 5.113220e-02 1.000000e-02 1.000000e-02 1.000000e-02 1.000000e-02 1.000000e-02 1.000000e-02 1.000000e-02 1.000000e-02 1.000000e-02 1.000000e-02 1.000000e-02 1.000000e-02 1.000000e-02 1.000000e-02 1.000000e-02 1.000000e-02 1.000000e-02 1.000000e-02 1.000000e-02 1.000000e-02 1.000000e-02 1.000000e-02 1.000000e-02 1.000000e-02 1.000000e-02 1.000000e-02 1.000000e-02 1.000000e-02 1.000000e-02 1.000000e-02 1.000000e-02 1.000000e-02 1.000000e-02 1.000000e-02 1.000000e-02 1.000000e-02 1.000000e-02 1.000000e-02 1.000000e-02 1.000000e-02 1.000000e-02 1.000000e-02 1.000000e-02 1.000000e-02 1.000000e-02 1.000000e-02
<GCONST> -1.422378e+02
<STATE> 6
<MEAN> 72
 5.652174e-01 1.000000e+00 1.000000e+00 1.000000e+00 1.000000e+00 1.000000e+00 1.000000e+00 1.000000e+00 1.000000e+00 1.000000e+00 1.000000e+00 1.000000e+00 1.000000e+00 1.000000e+00 1.000000e+00 1.000000e+00 1.000000e+00 1.000000e+00 1.000000e+00 1.000000e+00 1.000000e+00 1.000000e+00 1.000000e+00 1.000000e+00 1.000000e+00 1.000000e+00 1.000000e+00 1.000000e+00 1.000000e+00 1.000000e+00 1.000000e+00 1.000000e+00 1.000000e+00 1.000000e+00 1.000000e+00 1.000000e+00 1.000000e+00 1.000000e+00 1.000000e+00 1.000000e+00 1.000000e+00 1.000000e+00 1.000000e+00 1.000000e+00 1.000000e+00 1.000000e+00 1.000000e+00 1.000000e+00 1.000000e+00 1.000000e+00 1.000000e+00 1.000000e+00 1.000000e+00 1.000000e+00 1.000000e+00 1.000000e+00 1.000000e+00 1.000000e+00 1.000000e+00 1.000000e+00 1.000000e+00 1.000000e+00 1.000000e+00 1.000000e+00 1.000000e+00 1.000000e+00 1.000000e+00 1.000000e+00 1.000000e+00 1.000000e+00 1.000000e+00 1.000000e+00
<VARIANCE> 72
 2.457467e-01 1.000000e-02 1.000000e-02 1.000000e-02 1.000000e-02 1.000000e-02 1.000000e-02 1.000000e-02 1.000000e-02 1.000000e-02 1.000000e-02 1.000000e-02 1.000000e-02 1.000000e-02 1.000000e-02 1.000000e-02 1.000000e-02 1.000000e-02 1.000000e-02 1.000000e-02 1.000000e-02 1.000000e-02 1.000000e-02 1.000000e-02 1.000000e-02 1.000000e-02 1.000000e-02 1.000000e-02 1.000000e-02 1.000000e-02 1.000000e-02 1.000000e-02 1.000000e-02 1.000000e-02 1.000000e-02 1.000000e-02 1.000000e-02 1.000000e-02 1.000000e-02 1.000000e-02 1.000000e-02 1.000000e-02 1.000000e-02 1.000000e-02 1.000000e-02 1.000000e-02 1.000000e-02 1.000000e-02 1.000000e-02 1.000000e-02 1.000000e-02 1.000000e-02 1.000000e-02 1.000000e-02 1.000000e-02 1.000000e-02 1.000000e-02 1.000000e-02 1.000000e-02 1.000000e-02 1.000000e-02 1.000000e-02 1.000000e-02 1.000000e-02 1.000000e-02 1.000000e-02 1.000000e-02 1.000000e-02 1.000000e-02 1.000000e-02 1.000000e-02 1.000000e-02
<GCONST> -1.960434e+02
<STATE> 7
<MEAN> 72
 1.000000e+00 1.000000e+00 1.000000e+00 1.000000e+00 1.000000e+00 1.000000e+00 1.000000e+00 1.000000e+00 1.000000e+00 1.000000e+00 1.000000e+00 1.000000e+00 1.000000e+00 1.000000e+00 1.000000e+00 1.000000e+00 1.000000e+00 1.000000e+00 1.000000e+00 1.000000e+00 1.000000e+00 1.000000e+00 1.000000e+00 1.000000e+00 1.000000e+00 1.000000e+00 1.000000e+00 1.000000e+00 1.000000e+00 1.000000e+00 1.000000e+00 1.000000e+00 1.000000e+00 1.000000e+00 1.000000e+00 1.000000e+00 1.000000e+00 1.000000e+00 1.000000e+00 1.000000e+00 1.000000e+00 1.000000e+00 1.000000e+00 1.000000e+00 1.000000e+00 1.000000e+00 1.000000e+00 1.000000e+00 1.000000e+00 1.000000e+00 1.000000e+00 1.000000e+00 1.000000e+00 1.000000e+00 1.000000e+00 1.000000e+00 1.000000e+00 1.000000e+00 1.000000e+00 1.000000e+00 1.000000e+00 1.000000e+00 1.000000e+00 1.000000e+00 1.000000e+00 1.000000e+00 1.000000e+00 1.000000e+00 1.000000e+00 1.000000e+00 1.000000e+00 1.000000e+00
<VARIANCE> 72
 1.000000e-02 1.000000e-02 1.000000e-02 1.000000e-02 1.000000e-02 1.000000e-02 1.000000e-02 1.000000e-02 1.000000e-02 1.000000e-02 1.000000e-02 1.000000e-02 1.000000e-02 1.000000e-02 1.000000e-02 1.000000e-02 1.000000e-02 1.000000e-02 1.000000e-02 1.000000e-02 1.000000e-02 1.000000e-02 1.000000e-02 1.000000e-02 1.000000e-02 1.000000e-02 1.000000e-02 1.000000e-02 1.000000e-02 1.000000e-02 1.000000e-02 1.000000e-02 1.000000e-02 1.000000e-02 1.000000e-02 1.000000e-02 1.000000e-02 1.000000e-02 1.000000e-02 1.000000e-02 1.000000e-02 1.000000e-02 1.000000e-02 1.000000e-02 1.000000e-02 1.000000e-02 1.000000e-02 1.000000e-02 1.000000e-02 1.000000e-02 1.000000e-02 1.000000e-02 1.000000e-02 1.000000e-02 1.000000e-02 1.000000e-02 1.000000e-02 1.000000e-02 1.000000e-02 1.000000e-02 1.000000e-02 1.000000e-02 1.000000e-02 1.000000e-02 1.000000e-02 1.000000e-02 1.000000e-02 1.000000e-02 1.000000e-02 1.000000e-02 1.000000e-02 1.000000e-02
<GCONST> -1.992451e+02
<TRANSP> 8
 0.000000e+00 1.000000e+00 0.000000e+00 0.000000e+00 0.000000e+00 0.000000e+00 0.000000e+00 0.000000e+00
 0.000000e+00 7.766990e-01 2.233010e-01 0.000000e+00 0.000000e+00 0.000000e+00 0.000000e+00 0.000000e+00
 0.000000e+00 0.000000e+00 6.290323e-01 3.709677e-01 0.000000e+00 0.000000e+00 0.000000e+00 0.000000e+00
 0.000000e+00 0.000000e+00 0.000000e+00 6.933333e-01 3.066667e-01 0.000000e+00 0.000000e+00 0.000000e+00
 0.000000e+00 0.000000e+00 0.000000e+00 0.000000e+00 6.891892e-01 3.108108e-01 0.000000e+00 0.000000e+00
 0.000000e+00 0.000000e+00 0.000000e+00 0.000000e+00 0.000000e+00 0.000000e+00 1.000000e+00 0.000000e+00
 0.000000e+00 0.000000e+00 0.000000e+00 0.000000e+00 0.000000e+00 0.000000e+00 8.571429e-01 1.428571e-01
 0.000000e+00 0.000000e+00 0.000000e+00 0.000000e+00 0.000000e+00 0.000000e+00 0.000000e+00 0.000000e+00
<ENDHMM>
