~o
<STREAMINFO> 1 72
<VECSIZE> 72<NULLD><USER><DIAGC>
~h "down1"
<BEGINHMM>
<NUMSTATES> 8
<STATE> 2
<MEAN> 72
 1.000000e+00 1.000000e+00 1.000000e+00 1.000000e+00 1.000000e+00 1.000000e+00 1.000000e+00 1.000000e+00 1.000000e+00 1.000000e+00 1.000000e+00 1.000000e+00 1.000000e+00 1.000000e+00 1.000000e+00 1.000000e+00 1.000000e+00 1.000000e+00 1.000000e+00 1.000000e+00 1.000000e+00 1.000000e+00 1.000000e+00 1.000000e+00 1.000000e+00 1.000000e+00 1.000000e+00 1.000000e+00 1.000000e+00 1.000000e+00 1.000000e+00 1.000000e+00 1.000000e+00 1.000000e+00 1.000000e+00 1.000000e+00 1.000000e+00 1.000000e+00 1.000000e+00 1.000000e+00 1.000000e+00 1.000000e+00 1.000000e+00 1.000000e+00 1.000000e+00 9.506173e-01 9.259259e-01 9.259259e-01 1.000000e+00 1.000000e+00 1.000000e+00 9.382716e-01 8.024691e-01 6.543210e-01 6.172839e-01 6.419753e-01 1.000000e+00 1.000000e+00 1.000000e+00 8.395061e-01 5.679013e-01 3.703704e-01 2.716050e-01 2.839506e-01 1.000000e+00 1.000000e+00 9.382716e-01 6.913581e-01 2.962963e-01 1.234568e-01 0.000000e+00 0.000000e+00
<VARIANCE> 72
 1.000000e-02 1.000000e-02 1.000000e-02 1.000000e-02 1.000000e-02 1.000000e-02 1.000000e-02 1.000000e-02 1.000000e-02 1.000000e-02 1.000000e-02 1.000000e-02 1.000000e-02 1.000000e-02 1.000000e-02 1.000000e-02 1.000000e-02 1.000000e-02 1.000000e-02 1.000000e-02 1.000000e-02 1.000000e-02 1.000000e-02 1.000000e-02 1.000000e-02 1.000000e-02 1.000000e-02 1.000000e-02 1.000000e-02 1.000000e-02 1.000000e-02 1.000000e-02 1.000000e-02 1.000000e-02 1.000000e-02 1.000000e-02 1.000000e-02 1.000000e-02 1.000000e-02 1.000000e-02 1.000000e-02 1.000000e-02 1.000000e-02 1.000000e-02 1.000000e-02 4.694404e-02 6.858711e-02 6.858711e-02 1.000000e-02 1.000000e-02 1.000000e-02 5.791801e-02 1.585125e-01 2.261849e-01 2.362445e-01 2.298430e-01 1.000000e-02 1.000000e-02 1.000000e-02 1.347358e-01 2.453893e-01 2.331963e-01 1.978358e-01 2.033228e-01 1.000000e-02 1.000000e-02 5.791801e-02 2.133821e-01 2.085048e-01 1.082153e-01 1.000000e-02 1.000000e-02
<GCONST> -1.547289e+02
<STATE> 3
<MEAN> 72
 1.000000e+00 1.000000e+00 1.000000e+00 1.000000e+00 1.000000e+00 1.000000e+00 1.000000e+00 1.000000e+00 1.000000e+00 1.000000e+00 1.000000e+00 1.000000e+00 1.000000e+00 1.000000e+00 1.000000e+00 1.000000e+00 1.000000e+00 1.000000e+00 1.000000e+00 1.000000e+00 1.000000e+00 1.000000e+00 1.000000e+00 1.000000e+00 1.000000e+00 1.000000e+00 1.000000e+00 9.500000e-01 9.166667e-01 8.166667e-01 8.166667e-01 9.000000e-01 1.000000e+00 1.000000e+00 9.500000e-01 7.666667e-01 6.166667e-01 4.000000e-01 3.666666e-01 4.500000e-01 1.000000e+00 1.000000e+00 8.666666e-01 5.666667e-01 2.000000e-01 5.000001e-02 3.333334e-02 6.666665e-02 1.000000e+00 1.000000e+00 7.666668e-01 4.166667e-01 1.666666e-02 -1.552894e-21 -7.764469e-22 -7.764469e-22 8.166667e-01 6.333333e-01 4.166667e-01 2.666667e-01 4.999999e-02 1.666667e-02 2.205815e-23 5.000000e-02 8.000000e-01 7.000000e-01 5.000000e-01 4.500000e-01 4.166666e-01 3.833334e-01 3.500000e-01 4.166667e-01
<VARIANCE> 72
 1.000000e-02 1.000000e-02 1.000000e-02 1.000000e-02 1.000000e-02 1.000000e-02 1.000000e-02 1.000000e-02 1.000000e-02 1.000000e-02 1.000000e-02 1.000000e-02 1.000000e-02 1.000000e-02 1.000000e-02 1.000000e-02 1.000000e-02 1.000000e-02 1.000000e-02 1.000000e-02 1.000000e-02 1.000000e-02 1.000000e-02 1.000000e-02 1.000000e-02 1.000000e-02 1.000000e-02 4.750004e-02 7.638892e-02 1.497223e-01 1.497223e-01 9.000002e-02 1.000000e-02 1.000000e-02 4.750004e-02 1.788888e-01 2.363887e-01 2.399999e-01 2.322222e-01 2.475000e-01 1.000000e-02 1.000000e-02 1.155556e-01 2.455554e-01 1.600000e-01 4.750005e-02 3.222225e-02 6.222216e-02 1.000000e-02 1.000000e-02 1.788888e-01 2.430555e-01 1.638888e-02 1.000000e-02 1.000000e-02 1.000000e-02 1.497223e-01 2.322221e-01 2.430554e-01 1.955555e-01 4.750003e-02 1.638888e-02 1.000000e-02 4.750004e-02 1.600000e-01 2.100000e-01 2.500000e-01 2.475000e-01 2.430554e-01 2.363888e-01 2.275000e-01 2.430554e-01
<GCONST> -1.108217e+02
<STATE> 4
<MEAN> 72
 1.000000e+00 1.000000e+00 1.000000e+00 9.846154e-01 1.000000e+00 9.846154e-01 9.538462e-01 9.692308e-01 1.000000e+00 1.000000e+00 9.692308e-01 8.153846e-01 7.846154e-01 6.000000e-01 6.000000e-01 7.230769e-01 1.000000e+00 1.000000e+00 8.615385e-01 6.923076e-01 4.307693e-01 2.153846e-01 2.615384e-01 3.076923e-01 1.000000e+00 9.538462e-01 7.384616e-01 4.769231e-01 7.692307e-02 -4.691260e-21 2.137129e-21 4.274259e-21 8.153846e-01 7.538462e-01 6.000000e-01 3.538462e-01 3.076922e-02 8.535486e-22 8.535486e-22 8.963770e-15 7.692307e-01 6.923077e-01 5.846153e-01 4.153847e-01 3.076923e-01 3.076923e-01 3.076923e-01 3.538462e-01 8.307692e-01 7.846154e-01 7.538462e-01 7.692308e-01 7.076923e-01 6.923077e-01 6.615385e-01 6.923077e-01 1.000000e+00 1.000000e+00 1.000000e+00 1.000000e+00 1.000000e+00 9.846154e-01 9.692308e-01 9.846154e-01 1.000000e+00 1.000000e+00 1.000000e+00 1.000000e+00 1.000000e+00 1.000000e+00 1.000000e+00 1.000000e+00
<VARIANCE> 72
 1.000000e-02 1.000000e-02 1.000000e-02 1.514793e-02 1.000000e-02 1.514793e-02 4.402366e-02 2.982249e-02 1.000000e-02 1.000000e-02 2.982249e-02 1.505323e-01 1.689941e-01 2.399999e-01 2.399999e-01 2.002367e-01 1.000000e-02 1.000000e-02 1.192900e-01 2.130176e-01 2.452070e-01 1.689941e-01 1.931360e-01 2.130176e-01 1.000000e-02 4.402366e-02 1.931361e-01 2.494673e-01 7.100590e-02 1.000000e-02 1.000000e-02 1.000000e-02 1.505325e-01 1.855621e-01 2.399999e-01 2.286390e-01 2.982249e-02 1.000000e-02 1.000000e-02 1.000000e-02 1.775147e-01 2.130176e-01 2.428403e-01 2.428402e-01 2.130177e-01 2.130177e-01 2.130177e-01 2.286390e-01 1.405916e-01 1.689941e-01 1.855621e-01 1.775148e-01 2.068639e-01 2.130176e-01 2.239054e-01 2.130177e-01 1.000000e-02 1.000000e-02 1.000000e-02 1.000000e-02 1.000000e-02 1.514793e-02 2.982249e-02 1.514793e-02 1.000000e-02 1.000000e-02 1.000000e-02 1.000000e-02 1.000000e-02 1.000000e-02 1.000000e-02 1.000000e-02
<GCONST> -8.955086e+01
<STATE> 5
<MEAN> 72
 9.189190e-01 8.243243e-01 7.567568e-01 5.000000e-01 2.432432e-01 1.877208e-21 1.351351e-02 6.756756e-02 9.054053e-01 8.378378e-01 6.486486e-01 4.189189e-01 1.756757e-01 6.756756e-02 1.351352e-02 4.464093e-21 8.783784e-01 7.702703e-01 6.486486e-01 5.270270e-01 3.648649e-01 3.378378e-01 3.243243e-01 3.108108e-01 8.378379e-01 7.972973e-01 7.567568e-01 7.567568e-01 7.027027e-01 6.891892e-01 6.216216e-01 6.216216e-01 1.000000e+00 1.000000e+00 1.000000e+00 9.594595e-01 9.459459e-01 9.189189e-01 9.324324e-01 9.459459e-01 1.000000e+00 1.000000e+00 1.000000e+00 1.000000e+00 1.000000e+00 1.000000e+00 1.000000e+00 1.000000e+00 1.000000e+00 1.000000e+00 1.000000e+00 1.000000e+00 1.000000e+00 1.000000e+00 1.000000e+00 1.000000e+00 1.000000e+00 1.000000e+00 1.000000e+00 1.000000e+00 1.000000e+00 1.000000e+00 1.000000e+00 1.000000e+00 1.000000e+00 1.000000e+00 1.000000e+00 1.000000e+00 1.000000e+00 1.000000e+00 1.000000e+00 1.000000e+00
<VARIANCE> 72
 7.450695e-02 1.448137e-01 1.840758e-01 2.500000e-01 1.840759e-01 1.000000e-02 1.333091e-02 6.300215e-02 8.564658e-02 1.358656e-01 2.279034e-01 2.434259e-01 1.448137e-01 6.300219e-02 1.333090e-02 1.000000e-02 1.068299e-01 1.769538e-01 2.279034e-01 2.492696e-01 2.317385e-01 2.237035e-01 2.191381e-01 2.142074e-01 1.358656e-01 1.616143e-01 1.840758e-01 1.840758e-01 2.089115e-01 2.142076e-01 2.352082e-01 2.352082e-01 1.000000e-02 1.000000e-02 1.000000e-02 3.889691e-02 5.113220e-02 7.450695e-02 6.300216e-02 5.113219e-02 1.000000e-02 1.000000e-02 1.000000e-02 1.000000e-02 1.000000e-02 1.000000e-02 1.000000e-02 1.000000e-02 1.000000e-02 1.000000e-02 1.000000e-02 1.000000e-02 1.000000e-02 1.000000e-02 1.000000e-02 1.000000e-02 1.000000e-02 1.000000e-02 1.000000e-02 1.000000e-02 1.000000e-02 1.000000e-02 1.000000e-02 1.000000e-02 1.000000e-02 1.000000e-02 1.000000e-02 1.000000e-02 1.000000e-02 1.000000e-02 1.000000e-02 1.000000e-02
<GCONST> -1.114212e+02
<STATE> 6
<MEAN> 72
 1.000000e+00 9.545454e-01 7.727273e-01 5.909091e-01 4.090909e-01 1.363636e-01 9.090909e-02 0.000000e+00 1.000000e+00 1.000000e+00 1.000000e+00 1.000000e+00 1.000000e+00 1.000000e+00 1.000000e+00 1.000000e+00 1.000000e+00 1.000000e+00 1.000000e+00 1.000000e+00 1.000000e+00 1.000000e+00 1.000000e+00 1.000000e+00 1.000000e+00 1.000000e+00 1.000000e+00 1.000000e+00 1.000000e+00 1.000000e+00 1.000000e+00 1.000000e+00 1.000000e+00 1.000000e+00 1.000000e+00 1.000000e+00 1.000000e+00 1.000000e+00 1.000000e+00 1.000000e+00 1.000000e+00 1.000000e+00 1.000000e+00 1.000000e+00 1.000000e+00 1.000000e+00 1.000000e+00 1.000000e+00 1.000000e+00 1.000000e+00 1.000000e+00 1.000000e+00 1.000000e+00 1.000000e+00 1.000000e+00 1.000000e+00 1.000000e+00 1.000000e+00 1.000000e+00 1.000000e+00 1.000000e+00 1.000000e+00 1.000000e+00 1.000000e+00 1.000000e+00 1.000000e+00 1.000000e+00 1.000000e+00 1.000000e+00 1.000000e+00 1.000000e+00 1.000000e+00
<VARIANCE> 72
 1.000000e-02 4.338844e-02 1.756198e-01 2.417355e-01 2.417355e-01 1.177686e-01 8.264463e-02 1.000000e-02 1.000000e-02 1.000000e-02 1.000000e-02 1.000000e-02 1.000000e-02 1.000000e-02 1.000000e-02 1.000000e-02 1.000000e-02 1.000000e-02 1.000000e-02 1.000000e-02 1.000000e-02 1.000000e-02 1.000000e-02 1.000000e-02 1.000000e-02 1.000000e-02 1.000000e-02 1.000000e-02 1.000000e-02 1.000000e-02 1.000000e-02 1.000000e-02 1.000000e-02 1.000000e-02 1.000000e-02 1.000000e-02 1.000000e-02 1.000000e-02 1.000000e-02 1.000000e-02 1.000000e-02 1.000000e-02 1.000000e-02 1.000000e-02 1.000000e-02 1.000000e-02 1.000000e-02 1.000000e-02 1.000000e-02 1.000000e-02 1.000000e-02 1.000000e-02 1.000000e-02 1.000000e-02 1.000000e-02 1.000000e-02 1.000000e-02 1.000000e-02 1.000000e-02 1.000000e-02 1.000000e-02 1.000000e-02 1.000000e-02 1.000000e-02 1.000000e-02 1.000000e-02 1.000000e-02 1.000000e-02 1.000000e-02 1.000000e-02 1.000000e-02 1.000000e-02
<GCONST> -1.839632e+02
<STATE> 7
<MEAN> 72
 1.000000e+00 1.000000e+00 1.000000e+00 1.000000e+00 1.000000e+00 1.000000e+00 1.000000e+00 1.000000e+00 1.000000e+00 1.000000e+00 1.000000e+00 1.000000e+00 1.000000e+00 1.000000e+00 1.000000e+00 1.000000e+00 1.000000e+00 1.000000e+00 1.000000e+00 1.000000e+00 1.000000e+00 1.000000e+00 1.000000e+00 1.000000e+00 1.000000e+00 1.000000e+00 1.000000e+00 1.000000e+00 1.000000e+00 1.000000e+00 1.000000e+00 1.000000e+00 1.000000e+00 1.000000e+00 1.000000e+00 1.000000e+00 1.000000e+00 1.000000e+00 1.000000e+00 1.000000e+00 1.000000e+00 1.000000e+00 1.000000e+00 1.000000e+00 1.000000e+00 1.000000e+00 1.000000e+00 1.000000e+00 1.000000e+00 1.000000e+00 1.000000e+00 1.000000e+00 1.000000e+00 1.000000e+00 1.000000e+00 1.000000e+00 1.000000e+00 1.000000e+00 1.000000e+00 1.000000e+00 1.000000e+00 1.000000e+00 1.000000e+00 1.000000e+00 1.000000e+00 1.000000e+00 1.000000e+00 1.000000e+00 1.000000e+00 1.000000e+00 1.000000e+00 1.000000e+00
<VARIANCE> 72
 1.000000e-02 1.000000e-02 1.000000e-02 1.000000e-02 1.000000e-02 1.000000e-02 1.000000e-02 1.000000e-02 1.000000e-02 1.000000e-02 1.000000e-02 1.000000e-02 1.000000e-02 1.000000e-02 1.000000e-02 1.000000e-02 1.000000e-02 1.000000e-02 1.000000e-02 1.000000e-02 1.000000e-02 1.000000e-02 1.000000e-02 1.000000e-02 1.000000e-02 1.000000e-02 1.000000e-02 1.000000e-02 1.000000e-02 1.000000e-02 1.000000e-02 1.000000e-02 1.000000e-02 1.000000e-02 1.000000e-02 1.000000e-02 1.000000e-02 1.000000e-02 1.000000e-02 1.000000e-02 1.000000e-02 1.000000e-02 1.000000e-02 1.000000e-02 1.000000e-02 1.000000e-02 1.000000e-02 1.000000e-02 1.000000e-02 1.000000e-02 1.000000e-02 1.000000e-02 1.000000e-02 1.000000e-02 1.000000e-02 1.000000e-02 1.000000e-02 1.000000e-02 1.000000e-02 1.000000e-02 1.000000e-02 1.000000e-02 1.000000e-02 1.000000e-02 1.000000e-02 1.000000e-02 1.000000e-02 1.000000e-02 1.000000e-02 1.000000e-02 1.000000e-02 1.000000e-02
<GCONST> -1.992451e+02
<TRANSP> 8
 0.000000e+00 1.000000e+00 0.000000e+00 0.000000e+00 0.000000e+00 0.000000e+00 0.000000e+00 0.000000e+00
 0.000000e+00 8.148148e-01 1.851852e-01 0.000000e+00 0.000000e+00 0.000000e+00 0.000000e+00 0.000000e+00
 0.000000e+00 0.000000e+00 7.500000e-01 2.500000e-01 0.000000e+00 0.000000e+00 0.000000e+00 0.000000e+00
 0.000000e+00 0.000000e+00 0.000000e+00 7.692308e-01 2.307692e-01 0.000000e+00 0.000000e+00 0.000000e+00
 0.000000e+00 0.000000e+00 0.000000e+00 0.000000e+00 7.972973e-01 2.027027e-01 0.000000e+00 0.000000e+00
 0.000000e+00 0.000000e+00 0.000000e+00 0.000000e+00 0.000000e+00 3.181818e-01 6.818182e-01 0.000000e+00
 0.000000e+00 0.000000e+00 0.000000e+00 0.000000e+00 0.000000e+00 0.000000e+00 8.728814e-01 1.271186e-01
 0.000000e+00 0.000000e+00 0.000000e+00 0.000000e+00 0.000000e+00 0.000000e+00 0.000000e+00 0.000000e+00
<ENDHMM>
