~o
<STREAMINFO> 1 72
<VECSIZE> 72<NULLD><USER><DIAGC>
~h "down2"
<BEGINHMM>
<NUMSTATES> 8
<STATE> 2
<MEAN> 72
 1.000000e+00 1.000000e+00 1.000000e+00 1.000000e+00 1.000000e+00 1.000000e+00 1.000000e+00 1.000000e+00 1.000000e+00 1.000000e+00 1.000000e+00 1.000000e+00 1.000000e+00 1.000000e+00 1.000000e+00 1.000000e+00 1.000000e+00 1.000000e+00 1.000000e+00 1.000000e+00 1.000000e+00 1.000000e+00 1.000000e+00 9.602649e-01 1.000000e+00 1.000000e+00 1.000000e+00 1.000000e+00 1.000000e+00 9.735099e-01 8.543047e-01 7.549669e-01 1.000000e+00 1.000000e+00 1.000000e+00 1.000000e+00 9.867550e-01 8.211921e-01 6.556292e-01 5.827814e-01 1.000000e+00 9.933775e-01 9.933775e-01 9.933775e-01 9.536424e-01 6.887417e-01 4.768212e-01 4.105960e-01 1.000000e+00 9.205298e-01 8.807947e-01 8.675497e-01 8.278146e-01 5.496689e-01 3.576159e-01 2.317881e-01 9.933775e-01 9.139073e-01 8.079470e-01 8.079470e-01 7.152318e-01 4.370861e-01 1.456954e-01 8.609273e-02 9.933775e-01 9.271523e-01 7.947020e-01 7.615894e-01 6.158940e-01 4.635761e-01 1.523179e-01 1.788079e-01
<VARIANCE> 72
 1.000000e-02 1.000000e-02 1.000000e-02 1.000000e-02 1.000000e-02 1.000000e-02 1.000000e-02 1.000000e-02 1.000000e-02 1.000000e-02 1.000000e-02 1.000000e-02 1.000000e-02 1.000000e-02 1.000000e-02 1.000000e-02 1.000000e-02 1.000000e-02 1.000000e-02 1.000000e-02 1.000000e-02 1.000000e-02 1.000000e-02 3.815622e-02 1.000000e-02 1.000000e-02 1.000000e-02 1.000000e-02 1.000000e-02 2.578831e-02 1.244681e-01 1.849920e-01 1.000000e-02 1.000000e-02 1.000000e-02 1.000000e-02 1.306963e-02 1.468357e-01 2.257795e-01 2.431474e-01 1.000000e-02 1.000000e-02 1.000000e-02 1.000000e-02 4.420863e-02 2.143767e-01 2.494627e-01 2.420068e-01 1.000000e-02 7.315461e-02 1.049953e-01 1.149072e-01 1.425376e-01 2.475329e-01 2.297267e-01 1.780624e-01 1.000000e-02 7.868075e-02 1.551686e-01 1.551686e-01 2.036752e-01 2.460415e-01 1.244682e-01 7.868075e-02 1.000000e-02 6.754103e-02 1.631507e-01 1.815709e-01 2.365686e-01 2.486734e-01 1.291172e-01 1.468357e-01
<GCONST> -1.150685e+02
<STATE> 3
<MEAN> 72
 1.000000e+00 1.000000e+00 1.000000e+00 1.000000e+00 9.894737e-01 9.052632e-01 7.052631e-01 6.105263e-01 1.000000e+00 1.000000e+00 1.000000e+00 1.000000e+00 9.578947e-01 6.631579e-01 3.789473e-01 2.526316e-01 1.000000e+00 1.000000e+00 9.789473e-01 9.684210e-01 7.578948e-01 3.684210e-01 1.052632e-01 0.000000e+00 9.684210e-01 8.526316e-01 7.894737e-01 7.473685e-01 5.684211e-01 9.473685e-02 1.052631e-02 0.000000e+00 9.473684e-01 8.421052e-01 8.000000e-01 7.263158e-01 4.736842e-01 6.315789e-02 0.000000e+00 4.210526e-02 9.578947e-01 8.315790e-01 6.842105e-01 5.052631e-01 3.052632e-01 2.105263e-01 2.631579e-01 4.210526e-01 9.894737e-01 8.842105e-01 6.842105e-01 6.421053e-01 6.210526e-01 5.578947e-01 5.894737e-01 7.368421e-01 1.000000e+00 9.578947e-01 7.894737e-01 7.473684e-01 7.789474e-01 8.736842e-01 9.368421e-01 1.000000e+00 1.000000e+00 9.684210e-01 8.842105e-01 8.947368e-01 9.789473e-01 1.000000e+00 1.000000e+00 1.000000e+00
<VARIANCE> 72
 1.000000e-02 1.000000e-02 1.000000e-02 1.000000e-02 1.041551e-02 8.576176e-02 2.078672e-01 2.377838e-01 1.000000e-02 1.000000e-02 1.000000e-02 1.000000e-02 4.033242e-02 2.233795e-01 2.353461e-01 1.888088e-01 1.000000e-02 1.000000e-02 2.060942e-02 3.058171e-02 1.834902e-01 2.326869e-01 9.418286e-02 1.000000e-02 3.058175e-02 1.256508e-01 1.662049e-01 1.888088e-01 2.453185e-01 8.576174e-02 1.041551e-02 1.000000e-02 4.986144e-02 1.329641e-01 1.600000e-01 1.987813e-01 2.493074e-01 5.916888e-02 1.000000e-02 4.033243e-02 4.033243e-02 1.400555e-01 2.160666e-01 2.499723e-01 2.120774e-01 1.662049e-01 1.939058e-01 2.437675e-01 1.041551e-02 1.023822e-01 2.160665e-01 2.298062e-01 2.353461e-01 2.466484e-01 2.419942e-01 1.939058e-01 1.000000e-02 4.033243e-02 1.662049e-01 1.888087e-01 1.721884e-01 1.103601e-01 5.916896e-02 1.000000e-02 1.000000e-02 3.058174e-02 1.023821e-01 9.418285e-02 2.060942e-02 1.000000e-02 1.000000e-02 1.000000e-02
<GCONST> -7.496571e+01
<STATE> 4
<MEAN> 72
 9.426230e-01 8.688524e-01 7.868853e-01 7.540984e-01 5.327870e-01 1.065574e-01 4.203895e-45 -1.401298e-45 9.672131e-01 8.524591e-01 7.295082e-01 6.721312e-01 2.868853e-01 2.459016e-02 6.557377e-02 1.557377e-01 9.672131e-01 8.114754e-01 5.819672e-01 5.081967e-01 3.606557e-01 3.442623e-01 3.770492e-01 4.672131e-01 9.672131e-01 9.344262e-01 7.786885e-01 6.803279e-01 6.393443e-01 6.147541e-01 6.803279e-01 7.459016e-01 1.000000e+00 9.262295e-01 8.360656e-01 7.622951e-01 7.786885e-01 8.606557e-01 9.344262e-01 1.000000e+00 9.918033e-01 9.590164e-01 8.606557e-01 9.508197e-01 1.000000e+00 1.000000e+00 1.000000e+00 1.000000e+00 1.000000e+00 1.000000e+00 1.000000e+00 1.000000e+00 1.000000e+00 1.000000e+00 1.000000e+00 1.000000e+00 1.000000e+00 1.000000e+00 1.000000e+00 1.000000e+00 1.000000e+00 1.000000e+00 1.000000e+00 1.000000e+00 1.000000e+00 1.000000e+00 1.000000e+00 1.000000e+00 1.000000e+00 1.000000e+00 1.000000e+00 1.000000e+00
<VARIANCE> 72
 5.408489e-02 1.139478e-01 1.676968e-01 1.854338e-01 2.489251e-01 9.520288e-02 1.000000e-02 1.000000e-02 3.171194e-02 1.257728e-01 1.973261e-01 2.203708e-01 2.045823e-01 2.398547e-02 6.127391e-02 1.314834e-01 3.171194e-02 1.529831e-01 2.432814e-01 2.499331e-01 2.305831e-01 2.257460e-01 2.348831e-01 2.489250e-01 3.171193e-02 6.127396e-02 1.723327e-01 2.174819e-01 2.305830e-01 2.368315e-01 2.174819e-01 1.895323e-01 1.000000e-02 6.832831e-02 1.370599e-01 1.812011e-01 1.723327e-01 1.199274e-01 6.127386e-02 1.000000e-02 1.000000e-02 3.930388e-02 1.199274e-01 4.676161e-02 1.000000e-02 1.000000e-02 1.000000e-02 1.000000e-02 1.000000e-02 1.000000e-02 1.000000e-02 1.000000e-02 1.000000e-02 1.000000e-02 1.000000e-02 1.000000e-02 1.000000e-02 1.000000e-02 1.000000e-02 1.000000e-02 1.000000e-02 1.000000e-02 1.000000e-02 1.000000e-02 1.000000e-02 1.000000e-02 1.000000e-02 1.000000e-02 1.000000e-02 1.000000e-02 1.000000e-02 1.000000e-02
<GCONST> -1.017614e+02
<STATE> 5
<MEAN> 72
 1.000000e+00 8.918919e-01 7.162162e-01 4.459459e-01 4.189189e-01 4.729730e-01 5.810811e-01 7.432432e-01 1.000000e+00 9.054053e-01 7.027027e-01 6.891892e-01 8.378378e-01 1.000000e+00 1.000000e+00 1.000000e+00 1.000000e+00 9.864865e-01 1.000000e+00 1.000000e+00 1.000000e+00 1.000000e+00 1.000000e+00 1.000000e+00 1.000000e+00 1.000000e+00 1.000000e+00 1.000000e+00 1.000000e+00 1.000000e+00 1.000000e+00 1.000000e+00 1.000000e+00 1.000000e+00 1.000000e+00 1.000000e+00 1.000000e+00 1.000000e+00 1.000000e+00 1.000000e+00 1.000000e+00 1.000000e+00 1.000000e+00 1.000000e+00 1.000000e+00 1.000000e+00 1.000000e+00 1.000000e+00 1.000000e+00 1.000000e+00 1.000000e+00 1.000000e+00 1.000000e+00 1.000000e+00 1.000000e+00 1.000000e+00 1.000000e+00 1.000000e+00 1.000000e+00 1.000000e+00 1.000000e+00 1.000000e+00 1.000000e+00 1.000000e+00 1.000000e+00 1.000000e+00 1.000000e+00 1.000000e+00 1.000000e+00 1.000000e+00 1.000000e+00 1.000000e+00
<VARIANCE> 72
 1.000000e-02 9.642070e-02 2.032504e-01 2.470783e-01 2.434259e-01 2.492696e-01 2.434259e-01 1.908326e-01 1.000000e-02 8.564658e-02 2.089115e-01 2.142074e-01 1.358656e-01 1.000000e-02 1.000000e-02 1.000000e-02 1.000000e-02 1.333090e-02 1.000000e-02 1.000000e-02 1.000000e-02 1.000000e-02 1.000000e-02 1.000000e-02 1.000000e-02 1.000000e-02 1.000000e-02 1.000000e-02 1.000000e-02 1.000000e-02 1.000000e-02 1.000000e-02 1.000000e-02 1.000000e-02 1.000000e-02 1.000000e-02 1.000000e-02 1.000000e-02 1.000000e-02 1.000000e-02 1.000000e-02 1.000000e-02 1.000000e-02 1.000000e-02 1.000000e-02 1.000000e-02 1.000000e-02 1.000000e-02 1.000000e-02 1.000000e-02 1.000000e-02 1.000000e-02 1.000000e-02 1.000000e-02 1.000000e-02 1.000000e-02 1.000000e-02 1.000000e-02 1.000000e-02 1.000000e-02 1.000000e-02 1.000000e-02 1.000000e-02 1.000000e-02 1.000000e-02 1.000000e-02 1.000000e-02 1.000000e-02 1.000000e-02 1.000000e-02 1.000000e-02 1.000000e-02
<GCONST> -1.670629e+02
<STATE> 6
<MEAN> 72
 1.000000e+00 1.000000e+00 1.000000e+00 1.000000e+00 1.000000e+00 1.000000e+00 1.000000e+00 1.000000e+00 1.000000e+00 1.000000e+00 1.000000e+00 1.000000e+00 1.000000e+00 1.000000e+00 1.000000e+00 1.000000e+00 1.000000e+00 1.000000e+00 1.000000e+00 1.000000e+00 1.000000e+00 1.000000e+00 1.000000e+00 1.000000e+00 1.000000e+00 1.000000e+00 1.000000e+00 1.000000e+00 1.000000e+00 1.000000e+00 1.000000e+00 1.000000e+00 1.000000e+00 1.000000e+00 1.000000e+00 1.000000e+00 1.000000e+00 1.000000e+00 1.000000e+00 1.000000e+00 1.000000e+00 1.000000e+00 1.000000e+00 1.000000e+00 1.000000e+00 1.000000e+00 1.000000e+00 1.000000e+00 1.000000e+00 1.000000e+00 1.000000e+00 1.000000e+00 1.000000e+00 1.000000e+00 1.000000e+00 1.000000e+00 1.000000e+00 1.000000e+00 1.000000e+00 1.000000e+00 1.000000e+00 1.000000e+00 1.000000e+00 1.000000e+00 1.000000e+00 1.000000e+00 1.000000e+00 1.000000e+00 1.000000e+00 1.000000e+00 1.000000e+00 1.000000e+00
<VARIANCE> 72
 1.000000e-02 1.000000e-02 1.000000e-02 1.000000e-02 1.000000e-02 1.000000e-02 1.000000e-02 1.000000e-02 1.000000e-02 1.000000e-02 1.000000e-02 1.000000e-02 1.000000e-02 1.000000e-02 1.000000e-02 1.000000e-02 1.000000e-02 1.000000e-02 1.000000e-02 1.000000e-02 1.000000e-02 1.000000e-02 1.000000e-02 1.000000e-02 1.000000e-02 1.000000e-02 1.000000e-02 1.000000e-02 1.000000e-02 1.000000e-02 1.000000e-02 1.000000e-02 1.000000e-02 1.000000e-02 1.000000e-02 1.000000e-02 1.000000e-02 1.000000e-02 1.000000e-02 1.000000e-02 1.000000e-02 1.000000e-02 1.000000e-02 1.000000e-02 1.000000e-02 1.000000e-02 1.000000e-02 1.000000e-02 1.000000e-02 1.000000e-02 1.000000e-02 1.000000e-02 1.000000e-02 1.000000e-02 1.000000e-02 1.000000e-02 1.000000e-02 1.000000e-02 1.000000e-02 1.000000e-02 1.000000e-02 1.000000e-02 1.000000e-02 1.000000e-02 1.000000e-02 1.000000e-02 1.000000e-02 1.000000e-02 1.000000e-02 1.000000e-02 1.000000e-02 1.000000e-02
<GCONST> -1.992451e+02
<STATE> 7
<MEAN> 72
 1.000000e+00 1.000000e+00 1.000000e+00 1.000000e+00 1.000000e+00 1.000000e+00 1.000000e+00 1.000000e+00 1.000000e+00 1.000000e+00 1.000000e+00 1.000000e+00 1.000000e+00 1.000000e+00 1.000000e+00 1.000000e+00 1.000000e+00 1.000000e+00 1.000000e+00 1.000000e+00 1.000000e+00 1.000000e+00 1.000000e+00 1.000000e+00 1.000000e+00 1.000000e+00 1.000000e+00 1.000000e+00 1.000000e+00 1.000000e+00 1.000000e+00 1.000000e+00 1.000000e+00 1.000000e+00 1.000000e+00 1.000000e+00 1.000000e+00 1.000000e+00 1.000000e+00 1.000000e+00 1.000000e+00 1.000000e+00 1.000000e+00 1.000000e+00 1.000000e+00 1.000000e+00 1.000000e+00 1.000000e+00 1.000000e+00 1.000000e+00 1.000000e+00 1.000000e+00 1.000000e+00 1.000000e+00 1.000000e+00 1.000000e+00 1.000000e+00 1.000000e+00 1.000000e+00 1.000000e+00 1.000000e+00 1.000000e+00 1.000000e+00 1.000000e+00 1.000000e+00 1.000000e+00 1.000000e+00 1.000000e+00 1.000000e+00 1.000000e+00 1.000000e+00 1.000000e+00
<VARIANCE> 72
 1.000000e-02 1.000000e-02 1.000000e-02 1.000000e-02 1.000000e-02 1.000000e-02 1.000000e-02 1.000000e-02 1.000000e-02 1.000000e-02 1.000000e-02 1.000000e-02 1.000000e-02 1.000000e-02 1.000000e-02 1.000000e-02 1.000000e-02 1.000000e-02 1.000000e-02 1.000000e-02 1.000000e-02 1.000000e-02 1.000000e-02 1.000000e-02 1.000000e-02 1.000000e-02 1.000000e-02 1.000000e-02 1.000000e-02 1.000000e-02 1.000000e-02 1.000000e-02 1.000000e-02 1.000000e-02 1.000000e-02 1.000000e-02 1.000000e-02 1.000000e-02 1.000000e-02 1.000000e-02 1.000000e-02 1.000000e-02 1.000000e-02 1.000000e-02 1.000000e-02 1.000000e-02 1.000000e-02 1.000000e-02 1.000000e-02 1.000000e-02 1.000000e-02 1.000000e-02 1.000000e-02 1.000000e-02 1.000000e-02 1.000000e-02 1.000000e-02 1.000000e-02 1.000000e-02 1.000000e-02 1.000000e-02 1.000000e-02 1.000000e-02 1.000000e-02 1.000000e-02 1.000000e-02 1.000000e-02 1.000000e-02 1.000000e-02 1.000000e-02 1.000000e-02 1.000000e-02
<GCONST> -1.992451e+02
<TRANSP> 8
 0.000000e+00 1.000000e+00 0.000000e+00 0.000000e+00 0.000000e+00 0.000000e+00 0.000000e+00 0.000000e+00
 0.000000e+00 7.284768e-01 2.715232e-01 0.000000e+00 0.000000e+00 0.000000e+00 0.000000e+00 0.000000e+00
 0.000000e+00 0.000000e+00 5.684211e-01 4.315789e-01 0.000000e+00 0.000000e+00 0.000000e+00 0.000000e+00
 0.000000e+00 0.000000e+00 0.000000e+00 6.639344e-01 3.360656e-01 0.000000e+00 0.000000e+00 0.000000e+00
 0.000000e+00 0.000000e+00 0.000000e+00 0.000000e+00 4.459459e-01 5.540541e-01 0.000000e+00 0.000000e+00
 0.000000e+00 0.000000e+00 0.000000e+00 0.000000e+00 0.000000e+00 8.519856e-01 1.480144e-01 0.000000e+00
 0.000000e+00 0.000000e+00 0.000000e+00 0.000000e+00 0.000000e+00 0.000000e+00 0.000000e+00 1.000000e+00
 0.000000e+00 0.000000e+00 0.000000e+00 0.000000e+00 0.000000e+00 0.000000e+00 0.000000e+00 0.000000e+00
<ENDHMM>
