~o
<STREAMINFO> 1 72
<VECSIZE> 72<NULLD><USER><DIAGC>
~h "left1"
<BEGINHMM>
<NUMSTATES> 8
<STATE> 2
<MEAN> 72
 1.000000e+00 1.000000e+00 1.000000e+00 1.000000e+00 1.000000e+00 1.000000e+00 1.000000e+00 1.000000e+00 1.000000e+00 1.000000e+00 1.000000e+00 1.000000e+00 1.000000e+00 1.000000e+00 9.818182e-01 9.818182e-01 1.000000e+00 1.000000e+00 1.000000e+00 1.000000e+00 9.818182e-01 9.454545e-01 9.454545e-01 9.272727e-01 1.000000e+00 1.000000e+00 1.000000e+00 1.000000e+00 9.454545e-01 7.818182e-01 8.545455e-01 8.727273e-01 1.000000e+00 1.000000e+00 1.000000e+00 1.000000e+00 9.454545e-01 7.272727e-01 7.636364e-01 7.818182e-01 1.000000e+00 1.000000e+00 1.000000e+00 9.818182e-01 8.727273e-01 6.909091e-01 5.272727e-01 3.818181e-01 1.000000e+00 1.000000e+00 1.000000e+00 9.636363e-01 7.636364e-01 5.454546e-01 3.636363e-01 2.000000e-01 1.000000e+00 1.000000e+00 1.000000e+00 9.454545e-01 7.090909e-01 5.090909e-01 3.272727e-01 5.454548e-02 1.000000e+00 1.000000e+00 1.000000e+00 9.272727e-01 7.090909e-01 4.363636e-01 2.181818e-01 1.818183e-02
<VARIANCE> 72
 1.000000e-02 1.000000e-02 1.000000e-02 1.000000e-02 1.000000e-02 1.000000e-02 1.000000e-02 1.000000e-02 1.000000e-02 1.000000e-02 1.000000e-02 1.000000e-02 1.000000e-02 1.000000e-02 1.785123e-02 1.785124e-02 1.000000e-02 1.000000e-02 1.000000e-02 1.000000e-02 1.785123e-02 5.157026e-02 5.157026e-02 6.743804e-02 1.000000e-02 1.000000e-02 1.000000e-02 1.000000e-02 5.157026e-02 1.705785e-01 1.242974e-01 1.110743e-01 1.000000e-02 1.000000e-02 1.000000e-02 1.000000e-02 5.157026e-02 1.983471e-01 1.804959e-01 1.705785e-01 1.000000e-02 1.000000e-02 1.000000e-02 1.785123e-02 1.110744e-01 2.135537e-01 2.492560e-01 2.360332e-01 1.000000e-02 1.000000e-02 1.000000e-02 3.504133e-02 1.804959e-01 2.479339e-01 2.314050e-01 1.600000e-01 1.000000e-02 1.000000e-02 1.000000e-02 5.157026e-02 2.062810e-01 2.499173e-01 2.201653e-01 5.157026e-02 1.000000e-02 1.000000e-02 1.000000e-02 6.743800e-02 2.062810e-01 2.459505e-01 1.705785e-01 1.785123e-02
<GCONST> -1.226860e+02
<STATE> 3
<MEAN> 72
 1.000000e+00 1.000000e+00 1.000000e+00 1.000000e+00 1.000000e+00 1.000000e+00 1.000000e+00 1.000000e+00 1.000000e+00 1.000000e+00 1.000000e+00 9.473684e-01 9.473684e-01 1.000000e+00 1.000000e+00 1.000000e+00 1.000000e+00 9.473684e-01 9.210526e-01 9.210526e-01 8.947368e-01 1.000000e+00 1.000000e+00 1.000000e+00 1.000000e+00 8.947368e-01 7.631579e-01 8.421053e-01 8.684211e-01 1.000000e+00 1.000000e+00 1.000000e+00 1.000000e+00 8.421053e-01 6.842105e-01 6.842105e-01 7.631579e-01 8.684211e-01 9.473684e-01 1.000000e+00 1.000000e+00 7.631579e-01 5.789474e-01 3.157895e-01 3.157895e-01 5.789474e-01 7.631579e-01 9.736842e-01 9.736842e-01 6.842105e-01 4.473684e-01 7.894737e-02 1.315790e-01 3.684210e-01 6.315789e-01 8.421053e-01 9.473684e-01 6.315789e-01 3.157895e-01 7.894737e-02 1.578947e-01 3.157895e-01 5.789474e-01 9.210526e-01 9.473684e-01 6.052632e-01 2.631579e-01 2.855950e-23 4.113668e-15 2.368421e-01 6.578947e-01 9.736842e-01
<VARIANCE> 72
 1.000000e-02 1.000000e-02 1.000000e-02 1.000000e-02 1.000000e-02 1.000000e-02 1.000000e-02 1.000000e-02 1.000000e-02 1.000000e-02 1.000000e-02 4.986148e-02 4.986149e-02 1.000000e-02 1.000000e-02 1.000000e-02 1.000000e-02 4.986148e-02 7.271470e-02 7.271469e-02 9.418283e-02 1.000000e-02 1.000000e-02 1.000000e-02 1.000000e-02 9.418279e-02 1.807479e-01 1.329640e-01 1.142659e-01 1.000000e-02 1.000000e-02 1.000000e-02 1.000000e-02 1.329640e-01 2.160665e-01 2.160664e-01 1.807479e-01 1.142659e-01 4.986149e-02 1.000000e-02 1.000000e-02 1.807479e-01 2.437673e-01 2.160665e-01 2.160664e-01 2.437674e-01 1.807479e-01 2.562329e-02 2.562328e-02 2.160664e-01 2.472299e-01 7.271472e-02 1.142659e-01 2.326870e-01 2.326870e-01 1.329640e-01 4.986149e-02 2.326870e-01 2.160664e-01 7.271472e-02 1.329640e-01 2.160664e-01 2.437673e-01 7.271471e-02 4.986149e-02 2.389196e-01 1.939058e-01 1.000000e-02 1.000000e-02 1.807479e-01 2.250692e-01 2.562329e-02
<GCONST> -8.725378e+01
<STATE> 4
<MEAN> 72
 1.000000e+00 1.000000e+00 1.000000e+00 1.000000e+00 1.000000e+00 1.000000e+00 1.000000e+00 1.000000e+00 9.750000e-01 1.000000e+00 1.000000e+00 1.000000e+00 1.000000e+00 1.000000e+00 1.000000e+00 1.000000e+00 8.750000e-01 9.500000e-01 1.000000e+00 1.000000e+00 1.000000e+00 1.000000e+00 1.000000e+00 1.000000e+00 8.250000e-01 8.750000e-01 1.000000e+00 1.000000e+00 1.000000e+00 1.000000e+00 1.000000e+00 1.000000e+00 7.000000e-01 8.000000e-01 9.500000e-01 1.000000e+00 1.000000e+00 1.000000e+00 1.000000e+00 1.000000e+00 4.000000e-01 6.000000e-01 6.750000e-01 8.250000e-01 1.000000e+00 1.000000e+00 1.000000e+00 1.000000e+00 2.000000e-01 2.250000e-01 4.000000e-01 6.750000e-01 9.500000e-01 1.000000e+00 1.000000e+00 1.000000e+00 7.500000e-02 1.250000e-01 3.250000e-01 6.250000e-01 8.750000e-01 1.000000e+00 1.000000e+00 1.000000e+00 2.500000e-02 5.000002e-02 2.000000e-01 5.250000e-01 9.000000e-01 1.000000e+00 1.000000e+00 1.000000e+00
<VARIANCE> 72
 1.000000e-02 1.000000e-02 1.000000e-02 1.000000e-02 1.000000e-02 1.000000e-02 1.000000e-02 1.000000e-02 2.437501e-02 1.000000e-02 1.000000e-02 1.000000e-02 1.000000e-02 1.000000e-02 1.000000e-02 1.000000e-02 1.093750e-01 4.750002e-02 1.000000e-02 1.000000e-02 1.000000e-02 1.000000e-02 1.000000e-02 1.000000e-02 1.443750e-01 1.093750e-01 1.000000e-02 1.000000e-02 1.000000e-02 1.000000e-02 1.000000e-02 1.000000e-02 2.100000e-01 1.600000e-01 4.750001e-02 1.000000e-02 1.000000e-02 1.000000e-02 1.000000e-02 1.000000e-02 2.400000e-01 2.400000e-01 2.193751e-01 1.443750e-01 1.000000e-02 1.000000e-02 1.000000e-02 1.000000e-02 1.600000e-01 1.743749e-01 2.400000e-01 2.193751e-01 4.750001e-02 1.000000e-02 1.000000e-02 1.000000e-02 6.937501e-02 1.093750e-01 2.193750e-01 2.343750e-01 1.093750e-01 1.000000e-02 1.000000e-02 1.000000e-02 2.437501e-02 4.750005e-02 1.600000e-01 2.493751e-01 9.000000e-02 1.000000e-02 1.000000e-02 1.000000e-02
<GCONST> -1.327976e+02
<STATE> 5
<MEAN> 72
 1.000000e+00 1.000000e+00 1.000000e+00 1.000000e+00 1.000000e+00 1.000000e+00 1.000000e+00 1.000000e+00 1.000000e+00 1.000000e+00 1.000000e+00 1.000000e+00 1.000000e+00 1.000000e+00 1.000000e+00 1.000000e+00 1.000000e+00 1.000000e+00 1.000000e+00 1.000000e+00 1.000000e+00 1.000000e+00 1.000000e+00 1.000000e+00 1.000000e+00 1.000000e+00 1.000000e+00 1.000000e+00 1.000000e+00 1.000000e+00 1.000000e+00 1.000000e+00 1.000000e+00 1.000000e+00 1.000000e+00 1.000000e+00 1.000000e+00 1.000000e+00 1.000000e+00 1.000000e+00 1.000000e+00 1.000000e+00 1.000000e+00 1.000000e+00 1.000000e+00 1.000000e+00 1.000000e+00 1.000000e+00 6.500000e-01 1.000000e+00 1.000000e+00 1.000000e+00 1.000000e+00 1.000000e+00 1.000000e+00 1.000000e+00 2.500000e-01 8.500000e-01 1.000000e+00 1.000000e+00 1.000000e+00 1.000000e+00 1.000000e+00 1.000000e+00 2.000000e-01 7.000000e-01 1.000000e+00 1.000000e+00 1.000000e+00 1.000000e+00 1.000000e+00 1.000000e+00
<VARIANCE> 72
 1.000000e-02 1.000000e-02 1.000000e-02 1.000000e-02 1.000000e-02 1.000000e-02 1.000000e-02 1.000000e-02 1.000000e-02 1.000000e-02 1.000000e-02 1.000000e-02 1.000000e-02 1.000000e-02 1.000000e-02 1.000000e-02 1.000000e-02 1.000000e-02 1.000000e-02 1.000000e-02 1.000000e-02 1.000000e-02 1.000000e-02 1.000000e-02 1.000000e-02 1.000000e-02 1.000000e-02 1.000000e-02 1.000000e-02 1.000000e-02 1.000000e-02 1.000000e-02 1.000000e-02 1.000000e-02 1.000000e-02 1.000000e-02 1.000000e-02 1.000000e-02 1.000000e-02 1.000000e-02 1.000000e-02 1.000000e-02 1.000000e-02 1.000000e-02 1.000000e-02 1.000000e-02 1.000000e-02 1.000000e-02 2.275000e-01 1.000000e-02 1.000000e-02 1.000000e-02 1.000000e-02 1.000000e-02 1.000000e-02 1.000000e-02 1.875000e-01 1.275000e-01 1.000000e-02 1.000000e-02 1.000000e-02 1.000000e-02 1.000000e-02 1.000000e-02 1.600000e-01 2.100000e-01 1.000000e-02 1.000000e-02 1.000000e-02 1.000000e-02 1.000000e-02 1.000000e-02
<GCONST> -1.848267e+02
<STATE> 6
<MEAN> 72
 1.000000e+00 1.000000e+00 1.000000e+00 1.000000e+00 1.000000e+00 1.000000e+00 1.000000e+00 1.000000e+00 1.000000e+00 1.000000e+00 1.000000e+00 1.000000e+00 1.000000e+00 1.000000e+00 1.000000e+00 1.000000e+00 1.000000e+00 1.000000e+00 1.000000e+00 1.000000e+00 1.000000e+00 1.000000e+00 1.000000e+00 1.000000e+00 1.000000e+00 1.000000e+00 1.000000e+00 1.000000e+00 1.000000e+00 1.000000e+00 1.000000e+00 1.000000e+00 1.000000e+00 1.000000e+00 1.000000e+00 1.000000e+00 1.000000e+00 1.000000e+00 1.000000e+00 1.000000e+00 1.000000e+00 1.000000e+00 1.000000e+00 1.000000e+00 1.000000e+00 1.000000e+00 1.000000e+00 1.000000e+00 1.000000e+00 1.000000e+00 1.000000e+00 1.000000e+00 1.000000e+00 1.000000e+00 1.000000e+00 1.000000e+00 1.000000e+00 1.000000e+00 1.000000e+00 1.000000e+00 1.000000e+00 1.000000e+00 1.000000e+00 1.000000e+00 1.000000e+00 1.000000e+00 1.000000e+00 1.000000e+00 1.000000e+00 1.000000e+00 1.000000e+00 1.000000e+00
<VARIANCE> 72
 1.000000e-02 1.000000e-02 1.000000e-02 1.000000e-02 1.000000e-02 1.000000e-02 1.000000e-02 1.000000e-02 1.000000e-02 1.000000e-02 1.000000e-02 1.000000e-02 1.000000e-02 1.000000e-02 1.000000e-02 1.000000e-02 1.000000e-02 1.000000e-02 1.000000e-02 1.000000e-02 1.000000e-02 1.000000e-02 1.000000e-02 1.000000e-02 1.000000e-02 1.000000e-02 1.000000e-02 1.000000e-02 1.000000e-02 1.000000e-02 1.000000e-02 1.000000e-02 1.000000e-02 1.000000e-02 1.000000e-02 1.000000e-02 1.000000e-02 1.000000e-02 1.000000e-02 1.000000e-02 1.000000e-02 1.000000e-02 1.000000e-02 1.000000e-02 1.000000e-02 1.000000e-02 1.000000e-02 1.000000e-02 1.000000e-02 1.000000e-02 1.000000e-02 1.000000e-02 1.000000e-02 1.000000e-02 1.000000e-02 1.000000e-02 1.000000e-02 1.000000e-02 1.000000e-02 1.000000e-02 1.000000e-02 1.000000e-02 1.000000e-02 1.000000e-02 1.000000e-02 1.000000e-02 1.000000e-02 1.000000e-02 1.000000e-02 1.000000e-02 1.000000e-02 1.000000e-02
<GCONST> -1.992451e+02
<STATE> 7
<MEAN> 72
 1.000000e+00 1.000000e+00 1.000000e+00 1.000000e+00 1.000000e+00 1.000000e+00 1.000000e+00 1.000000e+00 1.000000e+00 1.000000e+00 1.000000e+00 1.000000e+00 1.000000e+00 1.000000e+00 1.000000e+00 1.000000e+00 1.000000e+00 1.000000e+00 1.000000e+00 1.000000e+00 1.000000e+00 1.000000e+00 1.000000e+00 1.000000e+00 1.000000e+00 1.000000e+00 1.000000e+00 1.000000e+00 1.000000e+00 1.000000e+00 1.000000e+00 1.000000e+00 1.000000e+00 1.000000e+00 1.000000e+00 1.000000e+00 1.000000e+00 1.000000e+00 1.000000e+00 1.000000e+00 1.000000e+00 1.000000e+00 1.000000e+00 1.000000e+00 1.000000e+00 1.000000e+00 1.000000e+00 1.000000e+00 1.000000e+00 1.000000e+00 1.000000e+00 1.000000e+00 1.000000e+00 1.000000e+00 1.000000e+00 1.000000e+00 1.000000e+00 1.000000e+00 1.000000e+00 1.000000e+00 1.000000e+00 1.000000e+00 1.000000e+00 1.000000e+00 1.000000e+00 1.000000e+00 1.000000e+00 1.000000e+00 1.000000e+00 1.000000e+00 1.000000e+00 1.000000e+00
<VARIANCE> 72
 1.000000e-02 1.000000e-02 1.000000e-02 1.000000e-02 1.000000e-02 1.000000e-02 1.000000e-02 1.000000e-02 1.000000e-02 1.000000e-02 1.000000e-02 1.000000e-02 1.000000e-02 1.000000e-02 1.000000e-02 1.000000e-02 1.000000e-02 1.000000e-02 1.000000e-02 1.000000e-02 1.000000e-02 1.000000e-02 1.000000e-02 1.000000e-02 1.000000e-02 1.000000e-02 1.000000e-02 1.000000e-02 1.000000e-02 1.000000e-02 1.000000e-02 1.000000e-02 1.000000e-02 1.000000e-02 1.000000e-02 1.000000e-02 1.000000e-02 1.000000e-02 1.000000e-02 1.000000e-02 1.000000e-02 1.000000e-02 1.000000e-02 1.000000e-02 1.000000e-02 1.000000e-02 1.000000e-02 1.000000e-02 1.000000e-02 1.000000e-02 1.000000e-02 1.000000e-02 1.000000e-02 1.000000e-02 1.000000e-02 1.000000e-02 1.000000e-02 1.000000e-02 1.000000e-02 1.000000e-02 1.000000e-02 1.000000e-02 1.000000e-02 1.000000e-02 1.000000e-02 1.000000e-02 1.000000e-02 1.000000e-02 1.000000e-02 1.000000e-02 1.000000e-02 1.000000e-02
<GCONST> -1.992451e+02
<TRANSP> 8
 0.000000e+00 1.000000e+00 0.000000e+00 0.000000e+00 0.000000e+00 0.000000e+00 0.000000e+00 0.000000e+00
 0.000000e+00 6.909091e-01 3.090909e-01 0.000000e+00 0.000000e+00 0.000000e+00 0.000000e+00 0.000000e+00
 0.000000e+00 0.000000e+00 5.526316e-01 4.473684e-01 0.000000e+00 0.000000e+00 0.000000e+00 0.000000e+00
 0.000000e+00 0.000000e+00 0.000000e+00 5.750000e-01 4.250000e-01 0.000000e+00 0.000000e+00 0.000000e+00
 0.000000e+00 0.000000e+00 0.000000e+00 0.000000e+00 1.500000e-01 8.500000e-01 0.000000e+00 0.000000e+00
 0.000000e+00 0.000000e+00 0.000000e+00 0.000000e+00 0.000000e+00 8.508772e-01 1.491228e-01 0.000000e+00
 0.000000e+00 0.000000e+00 0.000000e+00 0.000000e+00 0.000000e+00 0.000000e+00 0.000000e+00 1.000000e+00
 0.000000e+00 0.000000e+00 0.000000e+00 0.000000e+00 0.000000e+00 0.000000e+00 0.000000e+00 0.000000e+00
<ENDHMM>
