~o
<STREAMINFO> 1 72
<VECSIZE> 72<NULLD><USER><DIAGC>
~h "up1"
<BEGINHMM>
<NUMSTATES> 8
<STATE> 2
<MEAN> 72
 7.761194e-01 7.313433e-01 7.462686e-01 4.029851e-01 1.194030e-01 4.477613e-02 0.000000e+00 0.000000e+00 7.761194e-01 7.910448e-01 7.462686e-01 5.522388e-01 3.731343e-01 2.835821e-01 2.388059e-01 2.089552e-01 9.850746e-01 9.253731e-01 8.059701e-01 7.313433e-01 6.567164e-01 5.223880e-01 4.776120e-01 4.477612e-01 1.000000e+00 1.000000e+00 1.000000e+00 1.000000e+00 8.955224e-01 7.910448e-01 7.462686e-01 7.014925e-01 1.000000e+00 1.000000e+00 1.000000e+00 1.000000e+00 1.000000e+00 1.000000e+00 9.701493e-01 9.552239e-01 1.000000e+00 1.000000e+00 1.000000e+00 1.000000e+00 1.000000e+00 1.000000e+00 1.000000e+00 1.000000e+00 1.000000e+00 1.000000e+00 1.000000e+00 1.000000e+00 1.000000e+00 1.000000e+00 1.000000e+00 1.000000e+00 1.000000e+00 1.000000e+00 1.000000e+00 1.000000e+00 1.000000e+00 1.000000e+00 1.000000e+00 1.000000e+00 1.000000e+00 1.000000e+00 1.000000e+00 1.000000e+00 1.000000e+00 1.000000e+00 1.000000e+00 1.000000e+00
<VARIANCE> 72
 1.737581e-01 1.964801e-01 1.893519e-01 2.405883e-01 1.051458e-01 4.277122e-02 1.000000e-02 1.000000e-02 1.737581e-01 1.652928e-01 1.893518e-01 2.472712e-01 2.339050e-01 2.031631e-01 1.817778e-01 1.652928e-01 1.470260e-02 6.905770e-02 1.563822e-01 1.964801e-01 2.254399e-01 2.494988e-01 2.494987e-01 2.472712e-01 1.000000e-02 1.000000e-02 1.000000e-02 1.000000e-02 9.356204e-02 1.652928e-01 1.893518e-01 2.094007e-01 1.000000e-02 1.000000e-02 1.000000e-02 1.000000e-02 1.000000e-02 1.000000e-02 2.895969e-02 4.277121e-02 1.000000e-02 1.000000e-02 1.000000e-02 1.000000e-02 1.000000e-02 1.000000e-02 1.000000e-02 1.000000e-02 1.000000e-02 1.000000e-02 1.000000e-02 1.000000e-02 1.000000e-02 1.000000e-02 1.000000e-02 1.000000e-02 1.000000e-02 1.000000e-02 1.000000e-02 1.000000e-02 1.000000e-02 1.000000e-02 1.000000e-02 1.000000e-02 1.000000e-02 1.000000e-02 1.000000e-02 1.000000e-02 1.000000e-02 1.000000e-02 1.000000e-02 1.000000e-02
<GCONST> -1.254632e+02
<STATE> 3
<MEAN> 72
 1.000000e+00 1.000000e+00 1.000000e+00 9.387755e-01 8.367347e-01 6.122450e-01 5.918368e-01 6.734694e-01 9.387755e-01 1.000000e+00 9.183673e-01 7.346939e-01 5.102041e-01 2.857143e-01 2.857143e-01 3.469388e-01 7.551020e-01 8.367347e-01 8.163265e-01 5.102041e-01 1.224490e-01 -1.504466e-15 -1.504466e-15 4.785288e-15 7.142857e-01 6.734694e-01 4.897959e-01 2.040816e-01 2.040817e-02 0.000000e+00 0.000000e+00 0.000000e+00 7.346939e-01 6.734694e-01 5.714286e-01 3.265306e-01 1.632653e-01 1.020408e-01 2.040817e-02 2.392644e-15 9.387755e-01 8.571429e-01 7.551020e-01 6.530612e-01 5.102041e-01 4.285714e-01 3.061225e-01 2.448980e-01 1.000000e+00 1.000000e+00 1.000000e+00 1.000000e+00 8.571429e-01 7.142857e-01 6.530612e-01 6.122449e-01 1.000000e+00 1.000000e+00 1.000000e+00 1.000000e+00 1.000000e+00 1.000000e+00 9.387755e-01 8.979592e-01 1.000000e+00 1.000000e+00 1.000000e+00 1.000000e+00 1.000000e+00 1.000000e+00 1.000000e+00 1.000000e+00
<VARIANCE> 72
 1.000000e-02 1.000000e-02 1.000000e-02 5.747604e-02 1.366098e-01 2.374011e-01 2.415660e-01 2.199084e-01 5.747604e-02 1.000000e-02 7.496873e-02 1.949187e-01 2.498958e-01 2.040817e-01 2.040817e-01 2.265722e-01 1.849229e-01 1.366098e-01 1.499375e-01 2.498958e-01 1.074552e-01 1.000000e-02 1.000000e-02 1.000000e-02 2.040816e-01 2.199083e-01 2.498959e-01 1.624324e-01 1.999167e-02 1.000000e-02 1.000000e-02 1.000000e-02 1.949189e-01 2.199084e-01 2.448980e-01 2.199083e-01 1.366098e-01 9.162845e-02 1.999169e-02 1.000000e-02 5.747603e-02 1.224490e-01 1.849229e-01 2.265722e-01 2.498959e-01 2.448980e-01 2.124114e-01 1.849229e-01 1.000000e-02 1.000000e-02 1.000000e-02 1.000000e-02 1.224490e-01 2.040817e-01 2.265722e-01 2.374011e-01 1.000000e-02 1.000000e-02 1.000000e-02 1.000000e-02 1.000000e-02 1.000000e-02 5.747604e-02 9.162842e-02 1.000000e-02 1.000000e-02 1.000000e-02 1.000000e-02 1.000000e-02 1.000000e-02 1.000000e-02 1.000000e-02
<GCONST> -8.337115e+01
<STATE> 4
<MEAN> 72
 1.000000e+00 1.000000e+00 1.000000e+00 1.000000e+00 1.000000e+00 1.000000e+00 1.000000e+00 1.000000e+00 1.000000e+00 1.000000e+00 1.000000e+00 1.000000e+00 1.000000e+00 1.000000e+00 1.000000e+00 1.000000e+00 1.000000e+00 1.000000e+00 1.000000e+00 1.000000e+00 1.000000e+00 9.642857e-01 9.464286e-01 9.821429e-01 1.000000e+00 1.000000e+00 1.000000e+00 9.642857e-01 8.214286e-01 7.500000e-01 6.785714e-01 7.142857e-01 9.821429e-01 1.000000e+00 9.642857e-01 8.214286e-01 6.250001e-01 5.000000e-01 4.285714e-01 4.464286e-01 8.214286e-01 8.571429e-01 8.392857e-01 6.071429e-01 3.392857e-01 2.678571e-01 1.785714e-01 1.964286e-01 8.214286e-01 7.678571e-01 6.250000e-01 3.750000e-01 8.928572e-02 3.571428e-02 -7.612958e-15 1.065814e-14 7.857143e-01 7.142857e-01 6.250000e-01 4.285714e-01 1.071429e-01 3.571429e-02 1.065814e-14 5.329071e-15 8.214286e-01 8.035714e-01 6.785714e-01 4.464286e-01 3.214286e-01 2.678571e-01 1.428571e-01 1.071428e-01
<VARIANCE> 72
 1.000000e-02 1.000000e-02 1.000000e-02 1.000000e-02 1.000000e-02 1.000000e-02 1.000000e-02 1.000000e-02 1.000000e-02 1.000000e-02 1.000000e-02 1.000000e-02 1.000000e-02 1.000000e-02 1.000000e-02 1.000000e-02 1.000000e-02 1.000000e-02 1.000000e-02 1.000000e-02 1.000000e-02 3.443880e-02 5.070152e-02 1.753827e-02 1.000000e-02 1.000000e-02 1.000000e-02 3.443879e-02 1.466836e-01 1.875000e-01 2.181122e-01 2.040816e-01 1.753827e-02 1.000000e-02 3.443877e-02 1.466836e-01 2.343750e-01 2.500000e-01 2.448980e-01 2.471302e-01 1.466836e-01 1.224490e-01 1.348851e-01 2.385205e-01 2.241710e-01 1.961097e-01 1.466836e-01 1.578444e-01 1.466836e-01 1.782525e-01 2.343750e-01 2.343750e-01 8.131377e-02 3.443879e-02 1.000000e-02 1.000000e-02 1.683674e-01 2.040817e-01 2.343750e-01 2.448980e-01 9.566326e-02 3.443876e-02 1.000000e-02 1.000000e-02 1.466836e-01 1.578443e-01 2.181122e-01 2.471302e-01 2.181122e-01 1.961097e-01 1.224490e-01 9.566324e-02
<GCONST> -8.966286e+01
<STATE> 5
<MEAN> 72
 1.000000e+00 1.000000e+00 1.000000e+00 1.000000e+00 1.000000e+00 1.000000e+00 1.000000e+00 1.000000e+00 1.000000e+00 1.000000e+00 1.000000e+00 1.000000e+00 1.000000e+00 1.000000e+00 1.000000e+00 1.000000e+00 1.000000e+00 1.000000e+00 1.000000e+00 1.000000e+00 1.000000e+00 1.000000e+00 1.000000e+00 1.000000e+00 1.000000e+00 1.000000e+00 1.000000e+00 1.000000e+00 1.000000e+00 1.000000e+00 1.000000e+00 1.000000e+00 1.000000e+00 1.000000e+00 1.000000e+00 1.000000e+00 1.000000e+00 1.000000e+00 1.000000e+00 1.000000e+00 1.000000e+00 1.000000e+00 1.000000e+00 1.000000e+00 1.000000e+00 1.000000e+00 1.000000e+00 1.000000e+00 1.000000e+00 1.000000e+00 1.000000e+00 1.000000e+00 1.000000e+00 1.000000e+00 9.629630e-01 9.259259e-01 1.000000e+00 1.000000e+00 1.000000e+00 1.000000e+00 9.259259e-01 5.555555e-01 3.703704e-01 3.703704e-01 9.629630e-01 1.000000e+00 1.000000e+00 8.518518e-01 4.074074e-01 2.592593e-01 2.631640e-16 2.631640e-16
<VARIANCE> 72
 1.000000e-02 1.000000e-02 1.000000e-02 1.000000e-02 1.000000e-02 1.000000e-02 1.000000e-02 1.000000e-02 1.000000e-02 1.000000e-02 1.000000e-02 1.000000e-02 1.000000e-02 1.000000e-02 1.000000e-02 1.000000e-02 1.000000e-02 1.000000e-02 1.000000e-02 1.000000e-02 1.000000e-02 1.000000e-02 1.000000e-02 1.000000e-02 1.000000e-02 1.000000e-02 1.000000e-02 1.000000e-02 1.000000e-02 1.000000e-02 1.000000e-02 1.000000e-02 1.000000e-02 1.000000e-02 1.000000e-02 1.000000e-02 1.000000e-02 1.000000e-02 1.000000e-02 1.000000e-02 1.000000e-02 1.000000e-02 1.000000e-02 1.000000e-02 1.000000e-02 1.000000e-02 1.000000e-02 1.000000e-02 1.000000e-02 1.000000e-02 1.000000e-02 1.000000e-02 1.000000e-02 1.000000e-02 3.566530e-02 6.858710e-02 1.000000e-02 1.000000e-02 1.000000e-02 1.000000e-02 6.858710e-02 2.469136e-01 2.331961e-01 2.331961e-01 3.566530e-02 1.000000e-02 1.000000e-02 1.262003e-01 2.414266e-01 1.920439e-01 1.000000e-02 1.000000e-02
<GCONST> -1.746714e+02
<STATE> 6
<MEAN> 72
 1.000000e+00 1.000000e+00 1.000000e+00 1.000000e+00 1.000000e+00 1.000000e+00 1.000000e+00 1.000000e+00 1.000000e+00 1.000000e+00 1.000000e+00 1.000000e+00 1.000000e+00 1.000000e+00 1.000000e+00 1.000000e+00 1.000000e+00 1.000000e+00 1.000000e+00 1.000000e+00 1.000000e+00 1.000000e+00 1.000000e+00 1.000000e+00 1.000000e+00 1.000000e+00 1.000000e+00 1.000000e+00 1.000000e+00 1.000000e+00 1.000000e+00 1.000000e+00 1.000000e+00 1.000000e+00 1.000000e+00 1.000000e+00 1.000000e+00 1.000000e+00 1.000000e+00 1.000000e+00 1.000000e+00 1.000000e+00 1.000000e+00 1.000000e+00 1.000000e+00 1.000000e+00 1.000000e+00 1.000000e+00 1.000000e+00 1.000000e+00 1.000000e+00 1.000000e+00 1.000000e+00 1.000000e+00 1.000000e+00 1.000000e+00 1.000000e+00 1.000000e+00 1.000000e+00 1.000000e+00 1.000000e+00 1.000000e+00 1.000000e+00 1.000000e+00 1.000000e+00 1.000000e+00 1.000000e+00 1.000000e+00 1.000000e+00 1.000000e+00 1.000000e+00 1.000000e+00
<VARIANCE> 72
 1.000000e-02 1.000000e-02 1.000000e-02 1.000000e-02 1.000000e-02 1.000000e-02 1.000000e-02 1.000000e-02 1.000000e-02 1.000000e-02 1.000000e-02 1.000000e-02 1.000000e-02 1.000000e-02 1.000000e-02 1.000000e-02 1.000000e-02 1.000000e-02 1.000000e-02 1.000000e-02 1.000000e-02 1.000000e-02 1.000000e-02 1.000000e-02 1.000000e-02 1.000000e-02 1.000000e-02 1.000000e-02 1.000000e-02 1.000000e-02 1.000000e-02 1.000000e-02 1.000000e-02 1.000000e-02 1.000000e-02 1.000000e-02 1.000000e-02 1.000000e-02 1.000000e-02 1.000000e-02 1.000000e-02 1.000000e-02 1.000000e-02 1.000000e-02 1.000000e-02 1.000000e-02 1.000000e-02 1.000000e-02 1.000000e-02 1.000000e-02 1.000000e-02 1.000000e-02 1.000000e-02 1.000000e-02 1.000000e-02 1.000000e-02 1.000000e-02 1.000000e-02 1.000000e-02 1.000000e-02 1.000000e-02 1.000000e-02 1.000000e-02 1.000000e-02 1.000000e-02 1.000000e-02 1.000000e-02 1.000000e-02 1.000000e-02 1.000000e-02 1.000000e-02 1.000000e-02
<GCONST> -1.992451e+02
<STATE> 7
<MEAN> 72
 1.000000e+00 1.000000e+00 1.000000e+00 1.000000e+00 1.000000e+00 1.000000e+00 1.000000e+00 1.000000e+00 1.000000e+00 1.000000e+00 1.000000e+00 1.000000e+00 1.000000e+00 1.000000e+00 1.000000e+00 1.000000e+00 1.000000e+00 1.000000e+00 1.000000e+00 1.000000e+00 1.000000e+00 1.000000e+00 1.000000e+00 1.000000e+00 1.000000e+00 1.000000e+00 1.000000e+00 1.000000e+00 1.000000e+00 1.000000e+00 1.000000e+00 1.000000e+00 1.000000e+00 1.000000e+00 1.000000e+00 1.000000e+00 1.000000e+00 1.000000e+00 1.000000e+00 1.000000e+00 1.000000e+00 1.000000e+00 1.000000e+00 1.000000e+00 1.000000e+00 1.000000e+00 1.000000e+00 1.000000e+00 1.000000e+00 1.000000e+00 1.000000e+00 1.000000e+00 1.000000e+00 1.000000e+00 1.000000e+00 1.000000e+00 1.000000e+00 1.000000e+00 1.000000e+00 1.000000e+00 1.000000e+00 1.000000e+00 1.000000e+00 1.000000e+00 1.000000e+00 1.000000e+00 1.000000e+00 1.000000e+00 1.000000e+00 1.000000e+00 1.000000e+00 1.000000e+00
<VARIANCE> 72
 1.000000e-02 1.000000e-02 1.000000e-02 1.000000e-02 1.000000e-02 1.000000e-02 1.000000e-02 1.000000e-02 1.000000e-02 1.000000e-02 1.000000e-02 1.000000e-02 1.000000e-02 1.000000e-02 1.000000e-02 1.000000e-02 1.000000e-02 1.000000e-02 1.000000e-02 1.000000e-02 1.000000e-02 1.000000e-02 1.000000e-02 1.000000e-02 1.000000e-02 1.000000e-02 1.000000e-02 1.000000e-02 1.000000e-02 1.000000e-02 1.000000e-02 1.000000e-02 1.000000e-02 1.000000e-02 1.000000e-02 1.000000e-02 1.000000e-02 1.000000e-02 1.000000e-02 1.000000e-02 1.000000e-02 1.000000e-02 1.000000e-02 1.000000e-02 1.000000e-02 1.000000e-02 1.000000e-02 1.000000e-02 1.000000e-02 1.000000e-02 1.000000e-02 1.000000e-02 1.000000e-02 1.000000e-02 1.000000e-02 1.000000e-02 1.000000e-02 1.000000e-02 1.000000e-02 1.000000e-02 1.000000e-02 1.000000e-02 1.000000e-02 1.000000e-02 1.000000e-02 1.000000e-02 1.000000e-02 1.000000e-02 1.000000e-02 1.000000e-02 1.000000e-02 1.000000e-02
<GCONST> -1.992451e+02
<TRANSP> 8
 0.000000e+00 1.000000e+00 0.000000e+00 0.000000e+00 0.000000e+00 0.000000e+00 0.000000e+00 0.000000e+00
 0.000000e+00 7.462686e-01 2.537313e-01 0.000000e+00 0.000000e+00 0.000000e+00 0.000000e+00 0.000000e+00
 0.000000e+00 0.000000e+00 6.530612e-01 3.469388e-01 0.000000e+00 0.000000e+00 0.000000e+00 0.000000e+00
 0.000000e+00 0.000000e+00 0.000000e+00 6.964286e-01 3.035714e-01 0.000000e+00 0.000000e+00 0.000000e+00
 0.000000e+00 0.000000e+00 0.000000e+00 0.000000e+00 3.703704e-01 6.296296e-01 0.000000e+00 0.000000e+00
 0.000000e+00 0.000000e+00 0.000000e+00 0.000000e+00 0.000000e+00 8.571429e-01 1.428571e-01 0.000000e+00
 0.000000e+00 0.000000e+00 0.000000e+00 0.000000e+00 0.000000e+00 0.000000e+00 0.000000e+00 1.000000e+00
 0.000000e+00 0.000000e+00 0.000000e+00 0.000000e+00 0.000000e+00 0.000000e+00 0.000000e+00 0.000000e+00
<ENDHMM>
