~o
<STREAMINFO> 1 72
<VECSIZE> 72<NULLD><USER><DIAGC>
~h "upleft1"
<BEGINHMM>
<NUMSTATES> 8
<STATE> 2
<MEAN> 72
 1.000000e+00 1.000000e+00 1.000000e+00 1.000000e+00 9.883721e-01 8.255814e-01 7.558140e-01 8.837209e-01 1.000000e+00 1.000000e+00 1.000000e+00 1.000000e+00 9.069768e-01 8.255814e-01 7.325581e-01 6.976744e-01 1.000000e+00 1.000000e+00 1.000000e+00 9.883721e-01 9.069768e-01 7.906977e-01 7.325581e-01 2.558140e-01 1.000000e+00 1.000000e+00 1.000000e+00 1.000000e+00 1.000000e+00 8.372093e-01 6.627907e-01 2.209302e-01 1.000000e+00 1.000000e+00 1.000000e+00 1.000000e+00 1.000000e+00 9.651163e-01 6.860465e-01 4.186047e-01 1.000000e+00 1.000000e+00 1.000000e+00 1.000000e+00 1.000000e+00 1.000000e+00 8.720930e-01 6.279070e-01 1.000000e+00 1.000000e+00 1.000000e+00 1.000000e+00 1.000000e+00 1.000000e+00 1.000000e+00 8.488372e-01 1.000000e+00 1.000000e+00 1.000000e+00 1.000000e+00 1.000000e+00 1.000000e+00 1.000000e+00 9.651163e-01 1.000000e+00 1.000000e+00 1.000000e+00 1.000000e+00 1.000000e+00 1.000000e+00 1.000000e+00 1.000000e+00
<VARIANCE> 72
 1.000000e-02 1.000000e-02 1.000000e-02 1.000000e-02 1.149269e-02 1.439968e-01 1.845592e-01 1.027582e-01 1.000000e-02 1.000000e-02 1.000000e-02 1.000000e-02 8.436991e-02 1.439968e-01 1.959168e-01 2.109248e-01 1.000000e-02 1.000000e-02 1.000000e-02 1.149270e-02 8.436991e-02 1.654948e-01 1.959168e-01 1.903733e-01 1.000000e-02 1.000000e-02 1.000000e-02 1.000000e-02 1.000000e-02 1.362898e-01 2.234993e-01 1.721200e-01 1.000000e-02 1.000000e-02 1.000000e-02 1.000000e-02 1.000000e-02 3.366685e-02 2.153868e-01 2.433748e-01 1.000000e-02 1.000000e-02 1.000000e-02 1.000000e-02 1.000000e-02 1.000000e-02 1.115468e-01 2.336398e-01 1.000000e-02 1.000000e-02 1.000000e-02 1.000000e-02 1.000000e-02 1.000000e-02 1.000000e-02 1.283125e-01 1.000000e-02 1.000000e-02 1.000000e-02 1.000000e-02 1.000000e-02 1.000000e-02 1.000000e-02 3.366686e-02 1.000000e-02 1.000000e-02 1.000000e-02 1.000000e-02 1.000000e-02 1.000000e-02 1.000000e-02 1.000000e-02
<GCONST> -1.440008e+02
<STATE> 3
<MEAN> 72
 1.000000e+00 1.000000e+00 1.000000e+00 1.000000e+00 1.000000e+00 1.000000e+00 1.000000e+00 1.000000e+00 1.000000e+00 1.000000e+00 1.000000e+00 1.000000e+00 9.814815e-01 9.814815e-01 1.000000e+00 1.000000e+00 1.000000e+00 1.000000e+00 9.629630e-01 8.518518e-01 8.703704e-01 9.814815e-01 9.629630e-01 9.629630e-01 1.000000e+00 1.000000e+00 9.259259e-01 7.592593e-01 7.407407e-01 7.962963e-01 6.111111e-01 5.740741e-01 1.000000e+00 1.000000e+00 9.074074e-01 7.962963e-01 6.851852e-01 3.148148e-01 9.259258e-02 2.592593e-01 1.000000e+00 1.000000e+00 9.814815e-01 8.703704e-01 5.555556e-01 1.666667e-01 0.000000e+00 4.955215e-29 1.000000e+00 1.000000e+00 1.000000e+00 1.000000e+00 7.407407e-01 4.074074e-01 3.703705e-02 4.101518e-35 1.000000e+00 1.000000e+00 1.000000e+00 1.000000e+00 9.444444e-01 6.666667e-01 3.333333e-01 9.259259e-02 1.000000e+00 1.000000e+00 1.000000e+00 1.000000e+00 1.000000e+00 9.259259e-01 6.296296e-01 3.333333e-01
<VARIANCE> 72
 1.000000e-02 1.000000e-02 1.000000e-02 1.000000e-02 1.000000e-02 1.000000e-02 1.000000e-02 1.000000e-02 1.000000e-02 1.000000e-02 1.000000e-02 1.000000e-02 1.817557e-02 1.817557e-02 1.000000e-02 1.000000e-02 1.000000e-02 1.000000e-02 3.566530e-02 1.262003e-01 1.128257e-01 1.817557e-02 3.566530e-02 3.566530e-02 1.000000e-02 1.000000e-02 6.858710e-02 1.827846e-01 1.920438e-01 1.622085e-01 2.376544e-01 2.445130e-01 1.000000e-02 1.000000e-02 8.401921e-02 1.622085e-01 2.157065e-01 2.157065e-01 8.401927e-02 1.920439e-01 1.000000e-02 1.000000e-02 1.817558e-02 1.128258e-01 2.469136e-01 1.388888e-01 1.000000e-02 1.000000e-02 1.000000e-02 1.000000e-02 1.000000e-02 1.000000e-02 1.920439e-01 2.414267e-01 3.566529e-02 1.000000e-02 1.000000e-02 1.000000e-02 1.000000e-02 1.000000e-02 5.246909e-02 2.222222e-01 2.222222e-01 8.401913e-02 1.000000e-02 1.000000e-02 1.000000e-02 1.000000e-02 1.000000e-02 6.858710e-02 2.331963e-01 2.222222e-01
<GCONST> -1.211675e+02
<STATE> 4
<MEAN> 72
 1.000000e+00 1.000000e+00 1.000000e+00 1.000000e+00 1.000000e+00 1.000000e+00 1.000000e+00 1.000000e+00 1.000000e+00 1.000000e+00 1.000000e+00 1.000000e+00 1.000000e+00 1.000000e+00 1.000000e+00 1.000000e+00 1.000000e+00 1.000000e+00 9.772727e-01 1.000000e+00 1.000000e+00 1.000000e+00 1.000000e+00 1.000000e+00 1.000000e+00 9.545454e-01 9.772727e-01 9.772727e-01 1.000000e+00 1.000000e+00 1.000000e+00 1.000000e+00 9.545454e-01 8.636364e-01 7.727273e-01 9.545454e-01 9.318182e-01 9.318182e-01 9.772727e-01 1.000000e+00 9.772727e-01 8.181818e-01 7.045454e-01 6.590909e-01 5.454546e-01 5.000000e-01 7.045454e-01 1.000000e+00 9.318182e-01 8.181818e-01 6.590909e-01 3.181818e-01 6.818185e-02 1.136364e-01 2.727273e-01 6.818182e-01 1.000000e+00 9.090909e-01 7.272727e-01 2.727273e-01 0.000000e+00 0.000000e+00 9.090908e-02 3.863636e-01 1.000000e+00 1.000000e+00 8.863636e-01 5.909091e-01 2.272727e-01 2.272728e-02 2.272728e-02 1.590909e-01
<VARIANCE> 72
 1.000000e-02 1.000000e-02 1.000000e-02 1.000000e-02 1.000000e-02 1.000000e-02 1.000000e-02 1.000000e-02 1.000000e-02 1.000000e-02 1.000000e-02 1.000000e-02 1.000000e-02 1.000000e-02 1.000000e-02 1.000000e-02 1.000000e-02 1.000000e-02 2.221075e-02 1.000000e-02 1.000000e-02 1.000000e-02 1.000000e-02 1.000000e-02 1.000000e-02 4.338844e-02 2.221075e-02 2.221075e-02 1.000000e-02 1.000000e-02 1.000000e-02 1.000000e-02 4.338843e-02 1.177686e-01 1.756198e-01 4.338844e-02 6.353304e-02 6.353305e-02 2.221075e-02 1.000000e-02 2.221075e-02 1.487603e-01 2.081612e-01 2.246900e-01 2.479339e-01 2.500000e-01 2.081611e-01 1.000000e-02 6.353306e-02 1.487603e-01 2.246900e-01 2.169421e-01 6.353300e-02 1.007231e-01 1.983470e-01 2.169421e-01 1.000000e-02 8.264464e-02 1.983470e-01 1.983471e-01 1.000000e-02 1.000000e-02 8.264465e-02 2.370867e-01 1.000000e-02 1.000000e-02 1.007231e-01 2.417356e-01 1.756198e-01 2.221075e-02 2.221075e-02 1.337811e-01
<GCONST> -1.166335e+02
<STATE> 5
<MEAN> 72
 1.000000e+00 1.000000e+00 1.000000e+00 1.000000e+00 1.000000e+00 1.000000e+00 1.000000e+00 1.000000e+00 1.000000e+00 1.000000e+00 1.000000e+00 1.000000e+00 1.000000e+00 1.000000e+00 1.000000e+00 1.000000e+00 1.000000e+00 1.000000e+00 1.000000e+00 1.000000e+00 1.000000e+00 1.000000e+00 1.000000e+00 1.000000e+00 1.000000e+00 1.000000e+00 1.000000e+00 1.000000e+00 1.000000e+00 1.000000e+00 1.000000e+00 1.000000e+00 1.000000e+00 1.000000e+00 1.000000e+00 1.000000e+00 1.000000e+00 1.000000e+00 1.000000e+00 1.000000e+00 9.322034e-01 1.000000e+00 1.000000e+00 1.000000e+00 1.000000e+00 1.000000e+00 1.000000e+00 1.000000e+00 8.813559e-01 9.152542e-01 9.322034e-01 9.152542e-01 8.983051e-01 1.000000e+00 1.000000e+00 1.000000e+00 7.796610e-01 6.440678e-01 6.271186e-01 5.932204e-01 5.932204e-01 7.796611e-01 1.000000e+00 1.000000e+00 6.610169e-01 4.406780e-01 1.355932e-01 1.864407e-01 3.050848e-01 6.271186e-01 7.627119e-01 1.000000e+00
<VARIANCE> 72
 1.000000e-02 1.000000e-02 1.000000e-02 1.000000e-02 1.000000e-02 1.000000e-02 1.000000e-02 1.000000e-02 1.000000e-02 1.000000e-02 1.000000e-02 1.000000e-02 1.000000e-02 1.000000e-02 1.000000e-02 1.000000e-02 1.000000e-02 1.000000e-02 1.000000e-02 1.000000e-02 1.000000e-02 1.000000e-02 1.000000e-02 1.000000e-02 1.000000e-02 1.000000e-02 1.000000e-02 1.000000e-02 1.000000e-02 1.000000e-02 1.000000e-02 1.000000e-02 1.000000e-02 1.000000e-02 1.000000e-02 1.000000e-02 1.000000e-02 1.000000e-02 1.000000e-02 1.000000e-02 6.320026e-02 1.000000e-02 1.000000e-02 1.000000e-02 1.000000e-02 1.000000e-02 1.000000e-02 1.000000e-02 1.045676e-01 7.756388e-02 6.320025e-02 7.756392e-02 9.135304e-02 1.000000e-02 1.000000e-02 1.000000e-02 1.717897e-01 2.292445e-01 2.338410e-01 2.413101e-01 2.413101e-01 1.717897e-01 1.000000e-02 1.000000e-02 2.240734e-01 2.464809e-01 1.172076e-01 1.516806e-01 2.120081e-01 2.338410e-01 1.809826e-01 1.000000e-02
<GCONST> -1.479660e+02
<STATE> 6
<MEAN> 72
 1.000000e+00 1.000000e+00 1.000000e+00 1.000000e+00 1.000000e+00 1.000000e+00 1.000000e+00 1.000000e+00 1.000000e+00 1.000000e+00 1.000000e+00 1.000000e+00 1.000000e+00 1.000000e+00 1.000000e+00 1.000000e+00 1.000000e+00 1.000000e+00 1.000000e+00 1.000000e+00 1.000000e+00 1.000000e+00 1.000000e+00 1.000000e+00 1.000000e+00 1.000000e+00 1.000000e+00 1.000000e+00 1.000000e+00 1.000000e+00 1.000000e+00 1.000000e+00 1.000000e+00 1.000000e+00 1.000000e+00 1.000000e+00 1.000000e+00 1.000000e+00 1.000000e+00 1.000000e+00 1.000000e+00 1.000000e+00 1.000000e+00 1.000000e+00 1.000000e+00 1.000000e+00 1.000000e+00 1.000000e+00 1.000000e+00 1.000000e+00 1.000000e+00 1.000000e+00 1.000000e+00 1.000000e+00 1.000000e+00 1.000000e+00 1.000000e+00 1.000000e+00 1.000000e+00 1.000000e+00 1.000000e+00 1.000000e+00 1.000000e+00 1.000000e+00 1.000000e+00 1.000000e+00 1.000000e+00 1.000000e+00 1.000000e+00 1.000000e+00 1.000000e+00 1.000000e+00
<VARIANCE> 72
 1.000000e-02 1.000000e-02 1.000000e-02 1.000000e-02 1.000000e-02 1.000000e-02 1.000000e-02 1.000000e-02 1.000000e-02 1.000000e-02 1.000000e-02 1.000000e-02 1.000000e-02 1.000000e-02 1.000000e-02 1.000000e-02 1.000000e-02 1.000000e-02 1.000000e-02 1.000000e-02 1.000000e-02 1.000000e-02 1.000000e-02 1.000000e-02 1.000000e-02 1.000000e-02 1.000000e-02 1.000000e-02 1.000000e-02 1.000000e-02 1.000000e-02 1.000000e-02 1.000000e-02 1.000000e-02 1.000000e-02 1.000000e-02 1.000000e-02 1.000000e-02 1.000000e-02 1.000000e-02 1.000000e-02 1.000000e-02 1.000000e-02 1.000000e-02 1.000000e-02 1.000000e-02 1.000000e-02 1.000000e-02 1.000000e-02 1.000000e-02 1.000000e-02 1.000000e-02 1.000000e-02 1.000000e-02 1.000000e-02 1.000000e-02 1.000000e-02 1.000000e-02 1.000000e-02 1.000000e-02 1.000000e-02 1.000000e-02 1.000000e-02 1.000000e-02 1.000000e-02 1.000000e-02 1.000000e-02 1.000000e-02 1.000000e-02 1.000000e-02 1.000000e-02 1.000000e-02
<GCONST> -1.992451e+02
<STATE> 7
<MEAN> 72
 1.000000e+00 1.000000e+00 1.000000e+00 1.000000e+00 1.000000e+00 1.000000e+00 1.000000e+00 1.000000e+00 1.000000e+00 1.000000e+00 1.000000e+00 1.000000e+00 1.000000e+00 1.000000e+00 1.000000e+00 1.000000e+00 1.000000e+00 1.000000e+00 1.000000e+00 1.000000e+00 1.000000e+00 1.000000e+00 1.000000e+00 1.000000e+00 1.000000e+00 1.000000e+00 1.000000e+00 1.000000e+00 1.000000e+00 1.000000e+00 1.000000e+00 1.000000e+00 1.000000e+00 1.000000e+00 1.000000e+00 1.000000e+00 1.000000e+00 1.000000e+00 1.000000e+00 1.000000e+00 1.000000e+00 1.000000e+00 1.000000e+00 1.000000e+00 1.000000e+00 1.000000e+00 1.000000e+00 1.000000e+00 1.000000e+00 1.000000e+00 1.000000e+00 1.000000e+00 1.000000e+00 1.000000e+00 1.000000e+00 1.000000e+00 1.000000e+00 1.000000e+00 1.000000e+00 1.000000e+00 1.000000e+00 1.000000e+00 1.000000e+00 1.000000e+00 1.000000e+00 1.000000e+00 1.000000e+00 1.000000e+00 1.000000e+00 1.000000e+00 1.000000e+00 1.000000e+00
<VARIANCE> 72
 1.000000e-02 1.000000e-02 1.000000e-02 1.000000e-02 1.000000e-02 1.000000e-02 1.000000e-02 1.000000e-02 1.000000e-02 1.000000e-02 1.000000e-02 1.000000e-02 1.000000e-02 1.000000e-02 1.000000e-02 1.000000e-02 1.000000e-02 1.000000e-02 1.000000e-02 1.000000e-02 1.000000e-02 1.000000e-02 1.000000e-02 1.000000e-02 1.000000e-02 1.000000e-02 1.000000e-02 1.000000e-02 1.000000e-02 1.000000e-02 1.000000e-02 1.000000e-02 1.000000e-02 1.000000e-02 1.000000e-02 1.000000e-02 1.000000e-02 1.000000e-02 1.000000e-02 1.000000e-02 1.000000e-02 1.000000e-02 1.000000e-02 1.000000e-02 1.000000e-02 1.000000e-02 1.000000e-02 1.000000e-02 1.000000e-02 1.000000e-02 1.000000e-02 1.000000e-02 1.000000e-02 1.000000e-02 1.000000e-02 1.000000e-02 1.000000e-02 1.000000e-02 1.000000e-02 1.000000e-02 1.000000e-02 1.000000e-02 1.000000e-02 1.000000e-02 1.000000e-02 1.000000e-02 1.000000e-02 1.000000e-02 1.000000e-02 1.000000e-02 1.000000e-02 1.000000e-02
<GCONST> -1.992451e+02
<TRANSP> 8
 0.000000e+00 1.000000e+00 0.000000e+00 0.000000e+00 0.000000e+00 0.000000e+00 0.000000e+00 0.000000e+00
 0.000000e+00 7.558140e-01 2.441860e-01 0.000000e+00 0.000000e+00 0.000000e+00 0.000000e+00 0.000000e+00
 0.000000e+00 0.000000e+00 6.111111e-01 3.888889e-01 0.000000e+00 0.000000e+00 0.000000e+00 0.000000e+00
 0.000000e+00 0.000000e+00 0.000000e+00 5.227273e-01 4.772727e-01 0.000000e+00 0.000000e+00 0.000000e+00
 0.000000e+00 0.000000e+00 0.000000e+00 0.000000e+00 6.440678e-01 3.559322e-01 0.000000e+00 0.000000e+00
 0.000000e+00 0.000000e+00 0.000000e+00 0.000000e+00 0.000000e+00 8.500000e-01 1.500000e-01 0.000000e+00
 0.000000e+00 0.000000e+00 0.000000e+00 0.000000e+00 0.000000e+00 0.000000e+00 0.000000e+00 1.000000e+00
 0.000000e+00 0.000000e+00 0.000000e+00 0.000000e+00 0.000000e+00 0.000000e+00 0.000000e+00 0.000000e+00
<ENDHMM>
