~o
<STREAMINFO> 1 142
<VECSIZE> 142<NULLD><USER><DIAGC>
~h "adult"
<BEGINHMM>
<NUMSTATES> 4
<STATE> 2
<MEAN> 142
 5.037248e-01 5.104155e-01 3.787685e-01 3.980787e-01 4.685013e-01 2.833053e-01 3.236785e-01 3.471636e-01 4.678417e-01 5.379184e-01 5.333340e-01 4.809741e-01 3.561553e-01 4.693635e-01 4.309509e-01 3.520155e-01 3.691226e-01 5.330594e-01 2.636452e-01 3.473269e-01 3.965901e-01 5.048488e-01 3.779280e-01 5.072660e-01 4.868518e-01 4.094650e-01 4.382594e-01 4.304927e-01 5.406853e-01 4.034663e-01 3.862410e-01 4.493356e-01 3.226862e-01 6.106920e-01 4.917419e-01 4.653435e-01 4.629952e-01 5.469686e-01 5.455570e-01 3.678339e-01 5.808260e-01 5.795744e-01 4.693747e-01 2.950994e-01 2.062837e-01 4.503885e-01 4.327433e-01 4.980246e-01 4.194770e-01 3.536490e-01 5.007457e-01 4.073935e-01 5.182918e-01 3.516606e-01 4.103644e-01 4.458979e-01 4.395502e-01 3.746708e-01 3.590210e-01 3.619649e-01 4.435496e-01 4.276886e-01 4.681756e-01 4.749611e-01 5.502915e-01 4.170159e-01 4.364937e-01 3.722444e-01 3.825224e-01 4.608918e-01 4.057020e-01 4.706953e-01 4.663079e-01 4.119706e-01 3.141972e-01 4.533095e-01 4.284432e-01 5.393211e-01 4.890646e-01 4.720525e-01 6.556106e-01 4.503878e-01 5.133384e-01 3.779148e-01 3.315696e-01 3.432499e-01 4.838532e-01 5.745260e-01 4.886955e-01 3.325903e-01 4.967850e-01 3.292897e-01 5.525866e-01 4.078082e-01 4.147050e-01 5.547528e-01 4.836167e-01 4.657729e-01 6.364057e-01 4.261664e-01 5.035909e-01 4.215869e-01 4.741988e-01 4.984497e-01 3.857068e-01 3.422657e-01 4.215149e-01 4.710781e-01 4.011436e-01 3.002843e-01 4.473609e-01 4.474306e-01 3.271695e-01 5.609825e-01 4.041967e-01 5.020479e-01 4.835380e-01 5.310549e-01 5.869849e-01 4.438899e-01 5.146384e-01 4.773106e-01 4.365007e-01 4.583988e-01 4.063534e-01 4.000387e-01 4.737339e-01 6.285935e-01 5.648301e-01 3.830901e-01 4.596791e-01 5.603961e-01 4.925688e-01 4.977937e-01 5.506100e-01 5.357297e-01 3.413911e-01 4.682108e-01 4.582154e-01 4.667326e-01 4.793335e-01 3.858880e-01
<VARIANCE> 142
 2.000000e-01 2.000000e-01 2.000000e-01 2.000000e-01 2.000000e-01 2.000000e-01 2.000000e-01 2.000000e-01 2.000000e-01 2.000000e-01 2.000000e-01 2.000000e-01 2.000000e-01 2.000000e-01 2.000000e-01 2.000000e-01 2.000000e-01 2.000000e-01 2.000000e-01 2.000000e-01 2.000000e-01 2.000000e-01 2.000000e-01 2.000000e-01 2.000000e-01 2.000000e-01 2.000000e-01 2.000000e-01 2.000000e-01 2.000000e-01 2.000000e-01 2.000000e-01 2.000000e-01 2.000000e-01 2.000000e-01 2.000000e-01 2.000000e-01 2.000000e-01 2.000000e-01 2.000000e-01 2.000000e-01 2.000000e-01 2.000000e-01 2.000000e-01 2.000000e-01 2.000000e-01 2.000000e-01 2.000000e-01 2.000000e-01 2.000000e-01 2.000000e-01 2.000000e-01 2.000000e-01 2.000000e-01 2.000000e-01 2.000000e-01 2.000000e-01 2.000000e-01 2.000000e-01 2.000000e-01 2.000000e-01 2.000000e-01 2.000000e-01 2.000000e-01 2.000000e-01 2.000000e-01 2.000000e-01 2.000000e-01 2.000000e-01 2.000000e-01 2.000000e-01 2.000000e-01 2.000000e-01 2.000000e-01 2.000000e-01 2.000000e-01 2.000000e-01 2.000000e-01 2.000000e-01 2.000000e-01 2.000000e-01 2.000000e-01 2.000000e-01 2.000000e-01 2.000000e-01 2.000000e-01 2.000000e-01 2.000000e-01 2.000000e-01 2.000000e-01 2.000000e-01 2.000000e-01 2.000000e-01 2.000000e-01 2.000000e-01 2.000000e-01 2.000000e-01 2.000000e-01 2.000000e-01 2.000000e-01 2.000000e-01 2.000000e-01 2.000000e-01 2.000000e-01 2.000000e-01 2.000000e-01 2.000000e-01 2.000000e-01 2.000000e-01 2.000000e-01 2.000000e-01 2.000000e-01 2.000000e-01 2.000000e-01 2.000000e-01 2.000000e-01 2.000000e-01 2.000000e-01 2.000000e-01 2.000000e-01 2.000000e-01 2.000000e-01 2.000000e-01 2.000000e-01 2.000000e-01 2.000000e-01 2.000000e-01 2.000000e-01 2.000000e-01 2.000000e-01 2.000000e-01 2.000000e-01 2.000000e-01 2.000000e-01 2.000000e-01 2.000000e-01 2.000000e-01 2.000000e-01 2.000000e-01 2.000000e-01 2.000000e-01 2.000000e-01
<GCONST> 3.243863e+01
<STATE> 3
<MEAN> 142
 7.689615e-01 3.414538e-01 3.039353e-01 2.954425e-01 2.516730e-01 3.720409e-01 4.030959e-01 4.111251e-01 3.308204e-01 4.404862e-01 3.863720e-01 4.463160e-01 4.302644e-01 4.168479e-01 2.076796e-01 3.619364e-01 3.919633e-01 3.895355e-01 2.744603e-01 4.162205e-01 4.261128e-01 4.466224e-01 3.811056e-01 4.399186e-01 4.032090e-01 4.213259e-01 3.441147e-01 3.309857e-01 3.851796e-01 3.181191e-01 4.460958e-01 4.929571e-01 4.519843e-01 4.761896e-01 4.227381e-01 3.802837e-01 2.400534e-01 3.552665e-01 3.139530e-01 3.145087e-01 3.612426e-01 4.553604e-01 2.606118e-01 4.159582e-01 2.187211e-01 4.079539e-01 3.914146e-01 4.421281e-01 3.345307e-01 2.559194e-01 4.509371e-01 4.359018e-01 4.518780e-01 2.550020e-01 4.239543e-01 2.989669e-01 4.059844e-01 3.274554e-01 3.140295e-01 2.130826e-01 4.394491e-01 5.463279e-01 4.275149e-01 4.502359e-01 3.900130e-01 4.096233e-01 3.502177e-01 3.339908e-01 4.213021e-01 3.818560e-01 5.005509e-01 4.952304e-01 4.449010e-01 3.718419e-01 3.660359e-01 3.654204e-01 4.673403e-01 3.654146e-01 4.839791e-01 3.883066e-01 4.161758e-01 3.378215e-01 4.046796e-01 3.787849e-01 2.854068e-01 4.603862e-01 4.076918e-01 4.278819e-01 4.435813e-01 3.343164e-01 3.807070e-01 3.062511e-01 3.893007e-01 3.063913e-01 3.231237e-01 4.943077e-01 3.628002e-01 3.282783e-01 4.577405e-01 4.243595e-01 3.504866e-01 4.728620e-01 3.055707e-01 3.486360e-01 2.818066e-01 2.943985e-01 4.366812e-01 3.297946e-01 3.707764e-01 3.505336e-01 4.224366e-01 3.333070e-01 3.003818e-01 2.903692e-01 3.958271e-01 3.962169e-01 3.811365e-01 3.635792e-01 4.486125e-01 3.681747e-01 4.004849e-01 4.897883e-01 4.538130e-01 3.779340e-01 4.421965e-01 3.837909e-01 3.755290e-01 3.757370e-01 3.803274e-01 4.394822e-01 3.843998e-01 3.251978e-01 4.438999e-01 4.071387e-01 3.318641e-01 3.281766e-01 4.222166e-01 3.410027e-01 3.470257e-01 3.525517e-01 5.093496e-01 4.021390e-01
<VARIANCE> 142
 2.000000e-01 2.000000e-01 2.000000e-01 2.000000e-01 2.000000e-01 2.000000e-01 2.000000e-01 2.000000e-01 2.000000e-01 2.000000e-01 2.000000e-01 2.000000e-01 2.000000e-01 2.000000e-01 2.000000e-01 2.000000e-01 2.000000e-01 2.000000e-01 2.000000e-01 2.000000e-01 2.000000e-01 2.000000e-01 2.000000e-01 2.000000e-01 2.000000e-01 2.000000e-01 2.000000e-01 2.000000e-01 2.000000e-01 2.000000e-01 2.000000e-01 2.000000e-01 2.000000e-01 2.000000e-01 2.000000e-01 2.000000e-01 2.000000e-01 2.000000e-01 2.000000e-01 2.000000e-01 2.000000e-01 2.000000e-01 2.000000e-01 2.000000e-01 2.000000e-01 2.000000e-01 2.000000e-01 2.000000e-01 2.000000e-01 2.000000e-01 2.000000e-01 2.000000e-01 2.000000e-01 2.000000e-01 2.000000e-01 2.000000e-01 2.000000e-01 2.000000e-01 2.000000e-01 2.000000e-01 2.000000e-01 2.000000e-01 2.000000e-01 2.000000e-01 2.000000e-01 2.000000e-01 2.000000e-01 2.000000e-01 2.000000e-01 2.000000e-01 2.000000e-01 2.000000e-01 2.000000e-01 2.000000e-01 2.000000e-01 2.000000e-01 2.000000e-01 2.000000e-01 2.000000e-01 2.000000e-01 2.000000e-01 2.000000e-01 2.000000e-01 2.000000e-01 2.000000e-01 2.000000e-01 2.000000e-01 2.000000e-01 2.000000e-01 2.000000e-01 2.000000e-01 2.000000e-01 2.000000e-01 2.000000e-01 2.000000e-01 2.000000e-01 2.000000e-01 2.000000e-01 2.000000e-01 2.000000e-01 2.000000e-01 2.000000e-01 2.000000e-01 2.000000e-01 2.000000e-01 2.000000e-01 2.000000e-01 2.000000e-01 2.000000e-01 2.000000e-01 2.000000e-01 2.000000e-01 2.000000e-01 2.000000e-01 2.000000e-01 2.000000e-01 2.000000e-01 2.000000e-01 2.000000e-01 2.000000e-01 2.000000e-01 2.000000e-01 2.000000e-01 2.000000e-01 2.000000e-01 2.000000e-01 2.000000e-01 2.000000e-01 2.000000e-01 2.000000e-01 2.000000e-01 2.000000e-01 2.000000e-01 2.000000e-01 2.000000e-01 2.000000e-01 2.000000e-01 2.000000e-01 2.000000e-01 2.000000e-01 2.000000e-01 2.000000e-01
<GCONST> 3.243863e+01
<TRANSP> 4
 0.000000e+00 1.000000e+00 0.000000e+00 0.000000e+00
 0.000000e+00 8.129781e-01 1.870219e-01 0.000000e+00
 0.000000e+00 0.000000e+00 8.927004e-01 1.072996e-01
 0.000000e+00 0.000000e+00 0.000000e+00 0.000000e+00
<ENDHMM>
