~o
<STREAMINFO> 1 142
<VECSIZE> 142<NULLD><USER><DIAGC>
~h "arch"
<BEGINHMM>
<NUMSTATES> 4
<STATE> 2
<MEAN> 142
 6.097031e-01 4.454867e-01 4.433759e-01 4.284220e-01 3.343993e-01 2.854574e-01 3.851432e-01 3.762826e-01 3.478643e-01 4.631613e-01 4.791799e-01 4.437481e-01 4.437794e-01 4.669134e-01 3.577520e-01 3.438508e-01 4.224188e-01 3.997957e-01 3.369657e-01 3.527261e-01 4.458204e-01 4.973589e-01 4.090219e-01 4.755959e-01 4.930700e-01 3.961872e-01 4.589812e-01 4.924464e-01 4.139854e-01 4.094512e-01 4.956781e-01 3.929012e-01 4.867393e-01 4.088540e-01 4.555147e-01 3.611363e-01 4.569373e-01 3.398670e-01 3.828767e-01 3.658504e-01 3.154849e-01 4.718773e-01 3.692445e-01 2.711314e-01 2.944680e-01 4.887853e-01 5.087246e-01 3.643525e-01 4.357691e-01 4.036622e-01 4.657218e-01 3.170722e-01 4.309996e-01 2.899428e-01 4.889400e-01 4.262999e-01 4.455456e-01 3.546724e-01 3.801762e-01 3.818207e-01 4.465942e-01 4.934385e-01 3.734530e-01 3.665719e-01 3.681200e-01 5.565603e-01 3.454837e-01 4.172640e-01 4.632396e-01 3.503861e-01 4.374834e-01 3.877916e-01 4.496075e-01 4.778228e-01 3.315175e-01 3.621128e-01 4.819668e-01 5.311172e-01 4.494223e-01 5.070254e-01 4.641087e-01 3.695551e-01 3.412155e-01 4.486431e-01 3.591312e-01 4.583447e-01 3.712732e-01 4.208596e-01 4.285079e-01 3.633844e-01 3.662829e-01 3.367655e-01 4.786727e-01 3.850057e-01 5.191283e-01 4.730149e-01 4.705139e-01 3.251244e-01 4.618072e-01 4.126952e-01 4.573507e-01 5.235130e-01 3.679520e-01 3.695876e-01 3.922046e-01 3.322388e-01 3.458515e-01 3.546238e-01 3.746106e-01 3.837737e-01 4.199974e-01 3.767745e-01 4.548141e-01 3.887182e-01 4.617860e-01 4.465614e-01 3.819019e-01 4.983772e-01 4.454533e-01 4.235837e-01 4.187885e-01 5.127830e-01 4.692923e-01 3.579956e-01 3.990559e-01 4.867311e-01 4.493916e-01 3.163479e-01 3.963910e-01 3.663869e-01 4.016570e-01 4.609187e-01 3.836642e-01 4.164119e-01 4.316043e-01 4.703041e-01 4.220148e-01 4.357417e-01 3.503197e-01 3.945538e-01 5.139142e-01 4.752959e-01
<VARIANCE> 142
 2.000000e-01 2.000000e-01 2.000000e-01 2.000000e-01 2.000000e-01 2.000000e-01 2.000000e-01 2.000000e-01 2.000000e-01 2.000000e-01 2.000000e-01 2.000000e-01 2.000000e-01 2.000000e-01 2.000000e-01 2.000000e-01 2.000000e-01 2.000000e-01 2.000000e-01 2.000000e-01 2.000000e-01 2.000000e-01 2.000000e-01 2.000000e-01 2.000000e-01 2.000000e-01 2.000000e-01 2.000000e-01 2.000000e-01 2.000000e-01 2.000000e-01 2.000000e-01 2.000000e-01 2.000000e-01 2.000000e-01 2.000000e-01 2.000000e-01 2.000000e-01 2.000000e-01 2.000000e-01 2.000000e-01 2.000000e-01 2.000000e-01 2.000000e-01 2.000000e-01 2.000000e-01 2.000000e-01 2.000000e-01 2.000000e-01 2.000000e-01 2.000000e-01 2.000000e-01 2.000000e-01 2.000000e-01 2.000000e-01 2.000000e-01 2.000000e-01 2.000000e-01 2.000000e-01 2.000000e-01 2.000000e-01 2.000000e-01 2.000000e-01 2.000000e-01 2.000000e-01 2.000000e-01 2.000000e-01 2.000000e-01 2.000000e-01 2.000000e-01 2.000000e-01 2.000000e-01 2.000000e-01 2.000000e-01 2.000000e-01 2.000000e-01 2.000000e-01 2.000000e-01 2.000000e-01 2.000000e-01 2.000000e-01 2.000000e-01 2.000000e-01 2.000000e-01 2.000000e-01 2.000000e-01 2.000000e-01 2.000000e-01 2.000000e-01 2.000000e-01 2.000000e-01 2.000000e-01 2.000000e-01 2.000000e-01 2.000000e-01 2.000000e-01 2.000000e-01 2.000000e-01 2.000000e-01 2.000000e-01 2.000000e-01 2.000000e-01 2.000000e-01 2.000000e-01 2.000000e-01 2.000000e-01 2.000000e-01 2.000000e-01 2.000000e-01 2.000000e-01 2.000000e-01 2.000000e-01 2.000000e-01 2.000000e-01 2.000000e-01 2.000000e-01 2.000000e-01 2.000000e-01 2.000000e-01 2.000000e-01 2.000000e-01 2.000000e-01 2.000000e-01 2.000000e-01 2.000000e-01 2.000000e-01 2.000000e-01 2.000000e-01 2.000000e-01 2.000000e-01 2.000000e-01 2.000000e-01 2.000000e-01 2.000000e-01 2.000000e-01 2.000000e-01 2.000000e-01 2.000000e-01 2.000000e-01 2.000000e-01 2.000000e-01 2.000000e-01
<GCONST> 3.243863e+01
<STATE> 3
<MEAN> 142
 5.020435e-01 2.409338e-01 2.798280e-01 2.893005e-01 2.677509e-01 4.643751e-01 3.321358e-01 3.801227e-01 5.010977e-01 4.412224e-01 4.929376e-01 4.756864e-01 5.527307e-01 5.572722e-01 3.282246e-01 3.251422e-01 3.000634e-01 3.388419e-01 4.026788e-01 5.475775e-01 4.028917e-01 3.521326e-01 4.883616e-01 3.453588e-01 4.597606e-01 6.009369e-01 3.020900e-01 3.614961e-01 3.922087e-01 5.212476e-01 4.697739e-01 3.656199e-01 2.442454e-01 4.353990e-01 3.737875e-01 2.792541e-01 2.667948e-01 5.463740e-01 3.259659e-01 4.405516e-01 5.003013e-01 3.583773e-01 3.589529e-01 4.348279e-01 2.070318e-01 2.726880e-01 3.483669e-01 5.635137e-01 4.162966e-01 4.248879e-01 5.672457e-01 6.395625e-01 5.059139e-01 3.978386e-01 3.903239e-01 3.505988e-01 4.366450e-01 4.231530e-01 4.328497e-01 3.030351e-01 5.464843e-01 3.761017e-01 4.426107e-01 4.975463e-01 5.381131e-01 3.649255e-01 6.083236e-01 3.816174e-01 3.689212e-01 5.769942e-01 5.549641e-01 4.406956e-01 3.121533e-01 3.922186e-01 4.384002e-01 5.618071e-01 4.002312e-01 3.213884e-01 5.359613e-01 3.382937e-01 4.602851e-01 2.735923e-01 4.093485e-01 3.222872e-01 3.884265e-01 3.356219e-01 4.968912e-01 5.032856e-01 4.557308e-01 3.315156e-01 4.205346e-01 3.003760e-01 4.303530e-01 4.571503e-01 2.587814e-01 4.688300e-01 3.807232e-01 5.044643e-01 4.877830e-01 5.527517e-01 4.249372e-01 3.353992e-01 4.520787e-01 4.752819e-01 3.130362e-01 3.594024e-01 5.552141e-01 5.194008e-01 4.906616e-01 3.480389e-01 4.595496e-01 3.611430e-01 3.444541e-01 1.719689e-01 2.625139e-01 5.514976e-01 3.558404e-01 3.830388e-01 4.142261e-01 3.745514e-01 3.779660e-01 3.174254e-01 4.471635e-01 3.058626e-01 4.379739e-01 2.645743e-01 3.549828e-01 4.743102e-01 3.941308e-01 4.529832e-01 4.089416e-01 3.464935e-01 5.418114e-01 5.680906e-01 3.417664e-01 3.694071e-01 3.639400e-01 3.865646e-01 4.402870e-01 2.560268e-01 3.269818e-01 4.447733e-01
<VARIANCE> 142
 2.000000e-01 2.000000e-01 2.000000e-01 2.000000e-01 2.000000e-01 2.000000e-01 2.000000e-01 2.000000e-01 2.000000e-01 2.000000e-01 2.000000e-01 2.000000e-01 2.000000e-01 2.000000e-01 2.000000e-01 2.000000e-01 2.000000e-01 2.000000e-01 2.000000e-01 2.000000e-01 2.000000e-01 2.000000e-01 2.000000e-01 2.000000e-01 2.000000e-01 2.000000e-01 2.000000e-01 2.000000e-01 2.000000e-01 2.000000e-01 2.000000e-01 2.000000e-01 2.000000e-01 2.000000e-01 2.000000e-01 2.000000e-01 2.000000e-01 2.000000e-01 2.000000e-01 2.000000e-01 2.000000e-01 2.000000e-01 2.000000e-01 2.000000e-01 2.000000e-01 2.000000e-01 2.000000e-01 2.000000e-01 2.000000e-01 2.000000e-01 2.000000e-01 2.000000e-01 2.000000e-01 2.000000e-01 2.000000e-01 2.000000e-01 2.000000e-01 2.000000e-01 2.000000e-01 2.000000e-01 2.000000e-01 2.000000e-01 2.000000e-01 2.000000e-01 2.000000e-01 2.000000e-01 2.000000e-01 2.000000e-01 2.000000e-01 2.000000e-01 2.000000e-01 2.000000e-01 2.000000e-01 2.000000e-01 2.000000e-01 2.000000e-01 2.000000e-01 2.000000e-01 2.000000e-01 2.000000e-01 2.000000e-01 2.000000e-01 2.000000e-01 2.000000e-01 2.000000e-01 2.000000e-01 2.000000e-01 2.000000e-01 2.000000e-01 2.000000e-01 2.000000e-01 2.000000e-01 2.000000e-01 2.000000e-01 2.000000e-01 2.000000e-01 2.000000e-01 2.000000e-01 2.000000e-01 2.000000e-01 2.000000e-01 2.000000e-01 2.000000e-01 2.000000e-01 2.000000e-01 2.000000e-01 2.000000e-01 2.000000e-01 2.000000e-01 2.000000e-01 2.000000e-01 2.000000e-01 2.000000e-01 2.000000e-01 2.000000e-01 2.000000e-01 2.000000e-01 2.000000e-01 2.000000e-01 2.000000e-01 2.000000e-01 2.000000e-01 2.000000e-01 2.000000e-01 2.000000e-01 2.000000e-01 2.000000e-01 2.000000e-01 2.000000e-01 2.000000e-01 2.000000e-01 2.000000e-01 2.000000e-01 2.000000e-01 2.000000e-01 2.000000e-01 2.000000e-01 2.000000e-01 2.000000e-01 2.000000e-01 2.000000e-01 2.000000e-01
<GCONST> 3.243863e+01
<TRANSP> 4
 0.000000e+00 1.000000e+00 0.000000e+00 0.000000e+00
 0.000000e+00 8.956960e-01 1.043040e-01 0.000000e+00
 0.000000e+00 0.000000e+00 7.964435e-01 2.035565e-01
 0.000000e+00 0.000000e+00 0.000000e+00 0.000000e+00
<ENDHMM>
