~o
<STREAMINFO> 1 142
<VECSIZE> 142<NULLD><USER><DIAGC>
~h "area"
<BEGINHMM>
<NUMSTATES> 4
<STATE> 2
<MEAN> 142
 6.578411e-01 3.439544e-01 3.619698e-01 3.099934e-01 2.467224e-01 3.646971e-01 3.296116e-01 3.311746e-01 4.295420e-01 4.463455e-01 5.442520e-01 4.400948e-01 4.341122e-01 5.646814e-01 2.814042e-01 2.745263e-01 3.354043e-01 3.950921e-01 3.978846e-01 4.502923e-01 4.292989e-01 4.156573e-01 4.082023e-01 4.043972e-01 4.646686e-01 4.460418e-01 4.451744e-01 4.089042e-01 4.475863e-01 4.085968e-01 4.630449e-01 4.357161e-01 3.733792e-01 4.351954e-01 4.623447e-01 2.692238e-01 3.259901e-01 4.214309e-01 3.468251e-01 2.829995e-01 3.617453e-01 4.346655e-01 3.461384e-01 3.362112e-01 2.253723e-01 3.909388e-01 3.291098e-01 4.110186e-01 3.454846e-01 4.281006e-01 4.395405e-01 4.777601e-01 5.191960e-01 3.140639e-01 4.402731e-01 4.382346e-01 4.137229e-01 3.365902e-01 3.474956e-01 2.519229e-01 4.896595e-01 4.172585e-01 3.991277e-01 4.834894e-01 4.607363e-01 3.686637e-01 4.122767e-01 3.972649e-01 4.327800e-01 4.555608e-01 4.793476e-01 4.128994e-01 3.921126e-01 4.200827e-01 4.073299e-01 4.104695e-01 4.202566e-01 3.790548e-01 4.868980e-01 4.229261e-01 4.490155e-01 3.055714e-01 3.888937e-01 3.718542e-01 3.155785e-01 3.710767e-01 4.505244e-01 4.833932e-01 4.323807e-01 3.256943e-01 3.807295e-01 2.921203e-01 4.504768e-01 4.860280e-01 3.880969e-01 4.609343e-01 3.803491e-01 4.154983e-01 4.145065e-01 4.929947e-01 4.208997e-01 4.393919e-01 3.844201e-01 4.011095e-01 3.251474e-01 3.020180e-01 4.622070e-01 4.577246e-01 4.728347e-01 3.127383e-01 4.716974e-01 3.836992e-01 2.978880e-01 2.628464e-01 3.245485e-01 4.461382e-01 4.368523e-01 4.169228e-01 4.584314e-01 4.064326e-01 3.986437e-01 4.570258e-01 4.737659e-01 3.659558e-01 3.747808e-01 3.986766e-01 4.299657e-01 4.099680e-01 4.019240e-01 4.118204e-01 3.554247e-01 3.480704e-01 4.259464e-01 4.402014e-01 3.031411e-01 3.754136e-01 4.162998e-01 3.827378e-01 3.084528e-01 3.077101e-01 3.693926e-01 4.656530e-01
<VARIANCE> 142
 2.000000e-01 2.000000e-01 2.000000e-01 2.000000e-01 2.000000e-01 2.000000e-01 2.000000e-01 2.000000e-01 2.000000e-01 2.000000e-01 2.000000e-01 2.000000e-01 2.000000e-01 2.000000e-01 2.000000e-01 2.000000e-01 2.000000e-01 2.000000e-01 2.000000e-01 2.000000e-01 2.000000e-01 2.000000e-01 2.000000e-01 2.000000e-01 2.000000e-01 2.000000e-01 2.000000e-01 2.000000e-01 2.000000e-01 2.000000e-01 2.000000e-01 2.000000e-01 2.000000e-01 2.000000e-01 2.000000e-01 2.000000e-01 2.000000e-01 2.000000e-01 2.000000e-01 2.000000e-01 2.000000e-01 2.000000e-01 2.000000e-01 2.000000e-01 2.000000e-01 2.000000e-01 2.000000e-01 2.000000e-01 2.000000e-01 2.000000e-01 2.000000e-01 2.000000e-01 2.000000e-01 2.000000e-01 2.000000e-01 2.000000e-01 2.000000e-01 2.000000e-01 2.000000e-01 2.000000e-01 2.000000e-01 2.000000e-01 2.000000e-01 2.000000e-01 2.000000e-01 2.000000e-01 2.000000e-01 2.000000e-01 2.000000e-01 2.000000e-01 2.000000e-01 2.000000e-01 2.000000e-01 2.000000e-01 2.000000e-01 2.000000e-01 2.000000e-01 2.000000e-01 2.000000e-01 2.000000e-01 2.000000e-01 2.000000e-01 2.000000e-01 2.000000e-01 2.000000e-01 2.000000e-01 2.000000e-01 2.000000e-01 2.000000e-01 2.000000e-01 2.000000e-01 2.000000e-01 2.000000e-01 2.000000e-01 2.000000e-01 2.000000e-01 2.000000e-01 2.000000e-01 2.000000e-01 2.000000e-01 2.000000e-01 2.000000e-01 2.000000e-01 2.000000e-01 2.000000e-01 2.000000e-01 2.000000e-01 2.000000e-01 2.000000e-01 2.000000e-01 2.000000e-01 2.000000e-01 2.000000e-01 2.000000e-01 2.000000e-01 2.000000e-01 2.000000e-01 2.000000e-01 2.000000e-01 2.000000e-01 2.000000e-01 2.000000e-01 2.000000e-01 2.000000e-01 2.000000e-01 2.000000e-01 2.000000e-01 2.000000e-01 2.000000e-01 2.000000e-01 2.000000e-01 2.000000e-01 2.000000e-01 2.000000e-01 2.000000e-01 2.000000e-01 2.000000e-01 2.000000e-01 2.000000e-01 2.000000e-01 2.000000e-01 2.000000e-01
<GCONST> 3.243863e+01
<STATE> 3
<MEAN> 142
 5.575114e-01 3.434490e-01 3.928021e-01 4.530316e-01 4.208941e-01 5.808280e-01 4.292756e-01 3.819096e-01 4.269028e-01 4.282222e-01 5.028169e-01 3.650348e-01 3.540264e-01 5.172673e-01 4.064001e-01 4.623027e-01 3.246028e-01 2.890668e-01 4.855213e-01 4.584851e-01 5.670665e-01 5.533286e-01 4.299262e-01 3.765388e-01 5.185905e-01 4.282219e-01 5.085538e-01 3.493365e-01 3.784018e-01 3.609077e-01 5.080809e-01 3.821211e-01 3.842828e-01 5.151631e-01 4.428622e-01 3.431147e-01 4.833450e-01 3.641706e-01 3.682799e-01 4.649969e-01 4.474390e-01 3.750546e-01 3.434793e-01 4.920490e-01 3.313465e-01 3.282016e-01 3.944659e-01 4.894364e-01 5.378315e-01 3.669841e-01 4.936163e-01 3.883298e-01 4.731385e-01 2.809448e-01 4.523298e-01 4.009439e-01 5.691457e-01 5.445374e-01 4.630750e-01 5.448677e-01 4.791121e-01 4.125504e-01 3.665323e-01 4.227193e-01 3.924581e-01 4.101470e-01 4.405393e-01 6.170645e-01 4.152088e-01 4.322443e-01 4.650424e-01 4.621850e-01 3.689683e-01 4.218273e-01 4.343653e-01 4.206769e-01 4.410030e-01 3.630721e-01 5.056080e-01 5.269336e-01 4.311552e-01 3.779561e-01 3.496886e-01 4.760629e-01 4.635001e-01 3.999536e-01 4.432265e-01 4.161457e-01 5.507162e-01 4.440091e-01 2.680202e-01 3.934361e-01 4.027413e-01 3.916521e-01 3.691015e-01 4.104086e-01 3.964511e-01 3.058665e-01 4.787011e-01 5.138144e-01 3.832726e-01 4.913882e-01 3.767085e-01 3.624994e-01 4.847694e-01 2.779284e-01 3.930315e-01 4.119701e-01 5.191727e-01 6.572698e-01 3.487574e-01 3.836542e-01 3.708254e-01 4.030140e-01 3.049863e-01 3.906756e-01 3.888720e-01 4.188617e-01 4.540344e-01 4.771986e-01 4.167044e-01 3.454877e-01 3.789850e-01 3.762828e-01 5.833765e-01 3.829757e-01 3.441409e-01 3.345076e-01 3.157552e-01 5.398241e-01 4.663142e-01 3.207496e-01 2.946789e-01 4.011001e-01 3.687739e-01 4.419003e-01 4.800046e-01 4.152931e-01 5.466676e-01 3.819512e-01 3.252969e-01 4.483210e-01
<VARIANCE> 142
 2.000000e-01 2.000000e-01 2.000000e-01 2.000000e-01 2.000000e-01 2.000000e-01 2.000000e-01 2.000000e-01 2.000000e-01 2.000000e-01 2.000000e-01 2.000000e-01 2.000000e-01 2.000000e-01 2.000000e-01 2.000000e-01 2.000000e-01 2.000000e-01 2.000000e-01 2.000000e-01 2.000000e-01 2.000000e-01 2.000000e-01 2.000000e-01 2.000000e-01 2.000000e-01 2.000000e-01 2.000000e-01 2.000000e-01 2.000000e-01 2.000000e-01 2.000000e-01 2.000000e-01 2.000000e-01 2.000000e-01 2.000000e-01 2.000000e-01 2.000000e-01 2.000000e-01 2.000000e-01 2.000000e-01 2.000000e-01 2.000000e-01 2.000000e-01 2.000000e-01 2.000000e-01 2.000000e-01 2.000000e-01 2.000000e-01 2.000000e-01 2.000000e-01 2.000000e-01 2.000000e-01 2.000000e-01 2.000000e-01 2.000000e-01 2.000000e-01 2.000000e-01 2.000000e-01 2.000000e-01 2.000000e-01 2.000000e-01 2.000000e-01 2.000000e-01 2.000000e-01 2.000000e-01 2.000000e-01 2.000000e-01 2.000000e-01 2.000000e-01 2.000000e-01 2.000000e-01 2.000000e-01 2.000000e-01 2.000000e-01 2.000000e-01 2.000000e-01 2.000000e-01 2.000000e-01 2.000000e-01 2.000000e-01 2.000000e-01 2.000000e-01 2.000000e-01 2.000000e-01 2.000000e-01 2.000000e-01 2.000000e-01 2.000000e-01 2.000000e-01 2.000000e-01 2.000000e-01 2.000000e-01 2.000000e-01 2.000000e-01 2.000000e-01 2.000000e-01 2.000000e-01 2.000000e-01 2.000000e-01 2.000000e-01 2.000000e-01 2.000000e-01 2.000000e-01 2.000000e-01 2.000000e-01 2.000000e-01 2.000000e-01 2.000000e-01 2.000000e-01 2.000000e-01 2.000000e-01 2.000000e-01 2.000000e-01 2.000000e-01 2.000000e-01 2.000000e-01 2.000000e-01 2.000000e-01 2.000000e-01 2.000000e-01 2.000000e-01 2.000000e-01 2.000000e-01 2.000000e-01 2.000000e-01 2.000000e-01 2.000000e-01 2.000000e-01 2.000000e-01 2.000000e-01 2.000000e-01 2.000000e-01 2.000000e-01 2.000000e-01 2.000000e-01 2.000000e-01 2.000000e-01 2.000000e-01 2.000000e-01 2.000000e-01 2.000000e-01
<GCONST> 3.243863e+01
<TRANSP> 4
 0.000000e+00 1.000000e+00 0.000000e+00 0.000000e+00
 0.000000e+00 8.874822e-01 1.125178e-01 0.000000e+00
 0.000000e+00 0.000000e+00 8.249457e-01 1.750543e-01
 0.000000e+00 0.000000e+00 0.000000e+00 0.000000e+00
<ENDHMM>
