~o
<STREAMINFO> 1 142
<VECSIZE> 142<NULLD><USER><DIAGC>
~h "badge"
<BEGINHMM>
<NUMSTATES> 4
<STATE> 2
<MEAN> 142
 9.107821e-01 3.552213e-01 4.676747e-01 3.179076e-01 2.515703e-01 3.730142e-01 4.862109e-01 4.041041e-01 2.901033e-01 3.447036e-01 4.561073e-01 4.743234e-01 4.239505e-01 4.666021e-01 1.821221e-01 2.997989e-01 3.878144e-01 3.847138e-01 3.735468e-01 4.810591e-01 4.839404e-01 4.939366e-01 4.613676e-01 3.881272e-01 4.121400e-01 3.700779e-01 3.996338e-01 3.609536e-01 3.795262e-01 2.948805e-01 4.402478e-01 4.537062e-01 5.554311e-01 3.731709e-01 4.270160e-01 3.126638e-01 2.563714e-01 2.443805e-01 2.452926e-01 2.577289e-01 2.607199e-01 3.608318e-01 2.928182e-01 4.754143e-01 2.625597e-01 4.507842e-01 4.514249e-01 3.549787e-01 3.890830e-01 3.516971e-01 4.799186e-01 4.625932e-01 4.405029e-01 2.030920e-01 5.573273e-01 2.910015e-01 5.324386e-01 4.165099e-01 3.813576e-01 2.498360e-01 5.500486e-01 4.581208e-01 3.830868e-01 3.962561e-01 3.519006e-01 5.054306e-01 3.203733e-01 3.856940e-01 4.840405e-01 3.034758e-01 5.198249e-01 5.451792e-01 4.757821e-01 4.436266e-01 4.535814e-01 4.061271e-01 4.916624e-01 4.772084e-01 4.437602e-01 4.253392e-01 3.636234e-01 3.184508e-01 3.145108e-01 4.784265e-01 2.822088e-01 5.048974e-01 3.836118e-01 4.145221e-01 3.878202e-01 3.614742e-01 4.153208e-01 4.178604e-01 3.897479e-01 3.927966e-01 3.906054e-01 4.850135e-01 4.243664e-01 3.089737e-01 3.768249e-01 4.383423e-01 3.653724e-01 5.151304e-01 3.627127e-01 2.637022e-01 3.286352e-01 3.274598e-01 4.099394e-01 3.396312e-01 4.262265e-01 3.652302e-01 4.589580e-01 4.157064e-01 2.986177e-01 2.757620e-01 3.545216e-01 3.984992e-01 3.376539e-01 4.011080e-01 4.046572e-01 4.910122e-01 4.016310e-01 6.047802e-01 5.149903e-01 4.323615e-01 5.221177e-01 4.730238e-01 4.275242e-01 3.036229e-01 3.084370e-01 4.385436e-01 4.064136e-01 3.648062e-01 4.640963e-01 3.914073e-01 3.010790e-01 3.376333e-01 5.395495e-01 2.781892e-01 2.995703e-01 3.284568e-01 5.085186e-01 5.771663e-01
<VARIANCE> 142
 2.000000e-01 2.000000e-01 2.000000e-01 2.000000e-01 2.000000e-01 2.000000e-01 2.000000e-01 2.000000e-01 2.000000e-01 2.000000e-01 2.000000e-01 2.000000e-01 2.000000e-01 2.000000e-01 2.000000e-01 2.000000e-01 2.000000e-01 2.000000e-01 2.000000e-01 2.000000e-01 2.000000e-01 2.000000e-01 2.000000e-01 2.000000e-01 2.000000e-01 2.000000e-01 2.000000e-01 2.000000e-01 2.000000e-01 2.000000e-01 2.000000e-01 2.000000e-01 2.000000e-01 2.000000e-01 2.000000e-01 2.000000e-01 2.000000e-01 2.000000e-01 2.000000e-01 2.000000e-01 2.000000e-01 2.000000e-01 2.000000e-01 2.000000e-01 2.000000e-01 2.000000e-01 2.000000e-01 2.000000e-01 2.000000e-01 2.000000e-01 2.000000e-01 2.000000e-01 2.000000e-01 2.000000e-01 2.000000e-01 2.000000e-01 2.000000e-01 2.000000e-01 2.000000e-01 2.000000e-01 2.000000e-01 2.000000e-01 2.000000e-01 2.000000e-01 2.000000e-01 2.000000e-01 2.000000e-01 2.000000e-01 2.000000e-01 2.000000e-01 2.000000e-01 2.000000e-01 2.000000e-01 2.000000e-01 2.000000e-01 2.000000e-01 2.000000e-01 2.000000e-01 2.000000e-01 2.000000e-01 2.000000e-01 2.000000e-01 2.000000e-01 2.000000e-01 2.000000e-01 2.000000e-01 2.000000e-01 2.000000e-01 2.000000e-01 2.000000e-01 2.000000e-01 2.000000e-01 2.000000e-01 2.000000e-01 2.000000e-01 2.000000e-01 2.000000e-01 2.000000e-01 2.000000e-01 2.000000e-01 2.000000e-01 2.000000e-01 2.000000e-01 2.000000e-01 2.000000e-01 2.000000e-01 2.000000e-01 2.000000e-01 2.000000e-01 2.000000e-01 2.000000e-01 2.000000e-01 2.000000e-01 2.000000e-01 2.000000e-01 2.000000e-01 2.000000e-01 2.000000e-01 2.000000e-01 2.000000e-01 2.000000e-01 2.000000e-01 2.000000e-01 2.000000e-01 2.000000e-01 2.000000e-01 2.000000e-01 2.000000e-01 2.000000e-01 2.000000e-01 2.000000e-01 2.000000e-01 2.000000e-01 2.000000e-01 2.000000e-01 2.000000e-01 2.000000e-01 2.000000e-01 2.000000e-01 2.000000e-01 2.000000e-01 2.000000e-01
<GCONST> 3.243863e+01
<STATE> 3
<MEAN> 142
 5.391219e-01 3.107626e-01 4.222368e-01 3.062029e-01 3.435983e-01 2.430135e-01 3.341337e-01 2.834688e-01 3.660867e-01 3.701529e-01 4.143725e-01 4.681115e-01 3.934796e-01 4.468683e-01 3.482313e-01 2.424287e-01 3.937297e-01 3.610669e-01 3.429917e-01 3.918370e-01 4.078594e-01 4.042949e-01 3.599541e-01 3.842778e-01 4.870360e-01 3.996617e-01 3.447583e-01 4.169225e-01 4.458439e-01 4.023694e-01 4.868874e-01 3.958493e-01 3.672217e-01 4.695272e-01 4.427654e-01 3.258154e-01 3.691694e-01 4.085312e-01 3.328725e-01 3.943694e-01 3.579625e-01 4.130020e-01 3.599081e-01 2.970064e-01 2.527653e-01 3.719962e-01 4.620365e-01 3.866565e-01 3.691721e-01 3.253346e-01 4.041313e-01 4.029611e-01 4.288642e-01 2.963513e-01 4.177844e-01 4.427038e-01 3.977643e-01 3.052898e-01 3.196109e-01 3.373705e-01 3.958640e-01 4.944259e-01 3.820419e-01 4.216865e-01 4.331825e-01 4.308659e-01 3.929096e-01 3.833385e-01 3.891236e-01 3.854567e-01 5.048484e-01 3.755155e-01 3.819513e-01 4.602148e-01 2.943986e-01 4.154262e-01 5.013245e-01 4.577115e-01 4.513148e-01 3.814780e-01 4.525544e-01 2.760267e-01 3.658493e-01 3.653525e-01 3.869759e-01 3.563981e-01 4.600089e-01 4.261283e-01 4.452697e-01 2.986420e-01 3.776626e-01 2.418540e-01 4.205993e-01 3.759093e-01 4.234008e-01 4.878187e-01 4.960580e-01 3.709011e-01 4.614203e-01 4.469526e-01 5.037355e-01 4.374631e-01 4.021097e-01 3.877572e-01 3.198273e-01 2.902507e-01 3.262580e-01 4.559514e-01 3.913718e-01 3.269501e-01 3.998423e-01 3.508276e-01 3.212781e-01 3.402015e-01 3.823998e-01 4.854743e-01 2.961515e-01 4.120659e-01 4.148499e-01 3.881726e-01 3.615966e-01 4.765207e-01 4.401225e-01 3.277710e-01 3.893990e-01 4.046375e-01 4.237630e-01 4.142668e-01 3.976206e-01 3.595482e-01 4.085929e-01 4.296175e-01 3.637259e-01 5.291207e-01 3.736570e-01 4.207585e-01 3.525381e-01 3.738807e-01 3.575882e-01 3.081483e-01 4.868639e-01 4.651544e-01
<VARIANCE> 142
 2.000000e-01 2.000000e-01 2.000000e-01 2.000000e-01 2.000000e-01 2.000000e-01 2.000000e-01 2.000000e-01 2.000000e-01 2.000000e-01 2.000000e-01 2.000000e-01 2.000000e-01 2.000000e-01 2.000000e-01 2.000000e-01 2.000000e-01 2.000000e-01 2.000000e-01 2.000000e-01 2.000000e-01 2.000000e-01 2.000000e-01 2.000000e-01 2.000000e-01 2.000000e-01 2.000000e-01 2.000000e-01 2.000000e-01 2.000000e-01 2.000000e-01 2.000000e-01 2.000000e-01 2.000000e-01 2.000000e-01 2.000000e-01 2.000000e-01 2.000000e-01 2.000000e-01 2.000000e-01 2.000000e-01 2.000000e-01 2.000000e-01 2.000000e-01 2.000000e-01 2.000000e-01 2.000000e-01 2.000000e-01 2.000000e-01 2.000000e-01 2.000000e-01 2.000000e-01 2.000000e-01 2.000000e-01 2.000000e-01 2.000000e-01 2.000000e-01 2.000000e-01 2.000000e-01 2.000000e-01 2.000000e-01 2.000000e-01 2.000000e-01 2.000000e-01 2.000000e-01 2.000000e-01 2.000000e-01 2.000000e-01 2.000000e-01 2.000000e-01 2.000000e-01 2.000000e-01 2.000000e-01 2.000000e-01 2.000000e-01 2.000000e-01 2.000000e-01 2.000000e-01 2.000000e-01 2.000000e-01 2.000000e-01 2.000000e-01 2.000000e-01 2.000000e-01 2.000000e-01 2.000000e-01 2.000000e-01 2.000000e-01 2.000000e-01 2.000000e-01 2.000000e-01 2.000000e-01 2.000000e-01 2.000000e-01 2.000000e-01 2.000000e-01 2.000000e-01 2.000000e-01 2.000000e-01 2.000000e-01 2.000000e-01 2.000000e-01 2.000000e-01 2.000000e-01 2.000000e-01 2.000000e-01 2.000000e-01 2.000000e-01 2.000000e-01 2.000000e-01 2.000000e-01 2.000000e-01 2.000000e-01 2.000000e-01 2.000000e-01 2.000000e-01 2.000000e-01 2.000000e-01 2.000000e-01 2.000000e-01 2.000000e-01 2.000000e-01 2.000000e-01 2.000000e-01 2.000000e-01 2.000000e-01 2.000000e-01 2.000000e-01 2.000000e-01 2.000000e-01 2.000000e-01 2.000000e-01 2.000000e-01 2.000000e-01 2.000000e-01 2.000000e-01 2.000000e-01 2.000000e-01 2.000000e-01 2.000000e-01 2.000000e-01 2.000000e-01
<GCONST> 3.243863e+01
<TRANSP> 4
 0.000000e+00 1.000000e+00 0.000000e+00 0.000000e+00
 0.000000e+00 8.793628e-01 1.206372e-01 0.000000e+00
 0.000000e+00 0.000000e+00 8.308150e-01 1.691850e-01
 0.000000e+00 0.000000e+00 0.000000e+00 0.000000e+00
<ENDHMM>
