~o
<STREAMINFO> 1 142
<VECSIZE> 142<NULLD><USER><DIAGC>
~h "beautiful"
<BEGINHMM>
<NUMSTATES> 4
<STATE> 2
<MEAN> 142
 5.082271e-01 4.403870e-01 3.445704e-01 4.074920e-01 3.713163e-01 2.705193e-01 2.983857e-01 3.146238e-01 3.755166e-01 4.161429e-01 4.861488e-01 4.653687e-01 3.944879e-01 4.988995e-01 3.144314e-01 3.323409e-01 3.829594e-01 4.382653e-01 2.846662e-01 3.310981e-01 3.438599e-01 4.078697e-01 3.016964e-01 4.693393e-01 4.711562e-01 3.652161e-01 4.297340e-01 4.515526e-01 4.671378e-01 4.327663e-01 4.072469e-01 4.363056e-01 3.839280e-01 4.459466e-01 4.300772e-01 3.750092e-01 4.243411e-01 3.845437e-01 4.314177e-01 3.486721e-01 4.396034e-01 5.329591e-01 3.930438e-01 2.750016e-01 2.535287e-01 4.607590e-01 4.350205e-01 3.894182e-01 3.422951e-01 3.200491e-01 4.720592e-01 4.024116e-01 4.540440e-01 3.392897e-01 4.503781e-01 4.720964e-01 4.179705e-01 2.768570e-01 3.165812e-01 2.958415e-01 4.007120e-01 4.637990e-01 4.416151e-01 4.136560e-01 5.130635e-01 4.426935e-01 4.148566e-01 3.623469e-01 4.279878e-01 4.244810e-01 4.401765e-01 3.807923e-01 4.164911e-01 4.182528e-01 2.972780e-01 3.658420e-01 4.472204e-01 4.576137e-01 4.442337e-01 4.098906e-01 5.631843e-01 4.100938e-01 4.236270e-01 3.906186e-01 3.393592e-01 3.724690e-01 4.288432e-01 4.774634e-01 4.825373e-01 3.332317e-01 4.014972e-01 2.924955e-01 5.218099e-01 4.031720e-01 4.361111e-01 5.042666e-01 4.709803e-01 3.839444e-01 5.066178e-01 4.344499e-01 4.433833e-01 4.379192e-01 3.560441e-01 4.300524e-01 3.452544e-01 2.996585e-01 3.866275e-01 4.372206e-01 4.000875e-01 3.063873e-01 3.810857e-01 3.797916e-01 3.905657e-01 3.976063e-01 3.714584e-01 4.515450e-01 3.974479e-01 4.239978e-01 5.041021e-01 4.246544e-01 4.611042e-01 4.639537e-01 4.621836e-01 3.997251e-01 3.508824e-01 4.316921e-01 4.696658e-01 5.431593e-01 4.801472e-01 3.285151e-01 4.040290e-01 4.727975e-01 4.263865e-01 4.946355e-01 4.095127e-01 4.670820e-01 4.050001e-01 4.682862e-01 3.654967e-01 4.098367e-01 4.458393e-01 3.753195e-01
<VARIANCE> 142
 2.000000e-01 2.000000e-01 2.000000e-01 2.000000e-01 2.000000e-01 2.000000e-01 2.000000e-01 2.000000e-01 2.000000e-01 2.000000e-01 2.000000e-01 2.000000e-01 2.000000e-01 2.000000e-01 2.000000e-01 2.000000e-01 2.000000e-01 2.000000e-01 2.000000e-01 2.000000e-01 2.000000e-01 2.000000e-01 2.000000e-01 2.000000e-01 2.000000e-01 2.000000e-01 2.000000e-01 2.000000e-01 2.000000e-01 2.000000e-01 2.000000e-01 2.000000e-01 2.000000e-01 2.000000e-01 2.000000e-01 2.000000e-01 2.000000e-01 2.000000e-01 2.000000e-01 2.000000e-01 2.000000e-01 2.000000e-01 2.000000e-01 2.000000e-01 2.000000e-01 2.000000e-01 2.000000e-01 2.000000e-01 2.000000e-01 2.000000e-01 2.000000e-01 2.000000e-01 2.000000e-01 2.000000e-01 2.000000e-01 2.000000e-01 2.000000e-01 2.000000e-01 2.000000e-01 2.000000e-01 2.000000e-01 2.000000e-01 2.000000e-01 2.000000e-01 2.000000e-01 2.000000e-01 2.000000e-01 2.000000e-01 2.000000e-01 2.000000e-01 2.000000e-01 2.000000e-01 2.000000e-01 2.000000e-01 2.000000e-01 2.000000e-01 2.000000e-01 2.000000e-01 2.000000e-01 2.000000e-01 2.000000e-01 2.000000e-01 2.000000e-01 2.000000e-01 2.000000e-01 2.000000e-01 2.000000e-01 2.000000e-01 2.000000e-01 2.000000e-01 2.000000e-01 2.000000e-01 2.000000e-01 2.000000e-01 2.000000e-01 2.000000e-01 2.000000e-01 2.000000e-01 2.000000e-01 2.000000e-01 2.000000e-01 2.000000e-01 2.000000e-01 2.000000e-01 2.000000e-01 2.000000e-01 2.000000e-01 2.000000e-01 2.000000e-01 2.000000e-01 2.000000e-01 2.000000e-01 2.000000e-01 2.000000e-01 2.000000e-01 2.000000e-01 2.000000e-01 2.000000e-01 2.000000e-01 2.000000e-01 2.000000e-01 2.000000e-01 2.000000e-01 2.000000e-01 2.000000e-01 2.000000e-01 2.000000e-01 2.000000e-01 2.000000e-01 2.000000e-01 2.000000e-01 2.000000e-01 2.000000e-01 2.000000e-01 2.000000e-01 2.000000e-01 2.000000e-01 2.000000e-01 2.000000e-01 2.000000e-01 2.000000e-01 2.000000e-01
<GCONST> 3.243863e+01
<STATE> 3
<MEAN> 142
 5.824771e-01 3.233529e-01 3.534927e-01 3.802390e-01 2.913596e-01 2.945591e-01 3.717794e-01 3.817527e-01 3.706188e-01 4.037915e-01 5.069827e-01 4.050148e-01 4.352216e-01 5.021119e-01 3.111826e-01 3.987434e-01 3.636520e-01 3.448981e-01 3.466519e-01 4.412747e-01 5.149559e-01 5.210755e-01 4.077336e-01 4.745727e-01 5.055755e-01 4.058221e-01 4.616343e-01 3.309528e-01 4.025503e-01 3.573409e-01 4.669611e-01 4.212574e-01 3.879127e-01 4.730781e-01 4.123807e-01 3.244410e-01 4.072179e-01 3.150554e-01 3.386181e-01 3.502249e-01 3.001718e-01 3.940200e-01 3.231357e-01 3.599474e-01 2.468293e-01 3.655763e-01 4.856109e-01 4.072208e-01 4.352951e-01 3.627396e-01 4.293867e-01 4.034540e-01 4.721715e-01 2.720666e-01 4.340627e-01 3.770100e-01 4.761666e-01 3.682295e-01 3.613782e-01 3.648363e-01 4.167142e-01 4.542696e-01 3.874035e-01 3.992455e-01 3.556489e-01 4.323944e-01 3.542950e-01 4.589841e-01 4.346558e-01 3.477197e-01 4.164284e-01 4.074695e-01 3.764807e-01 4.225155e-01 3.649977e-01 3.561116e-01 4.345295e-01 3.443531e-01 5.187716e-01 4.686079e-01 4.148689e-01 3.673479e-01 3.450073e-01 4.325247e-01 3.159314e-01 4.034533e-01 3.881472e-01 4.029234e-01 4.593271e-01 3.341918e-01 2.909857e-01 3.517731e-01 3.651892e-01 3.399086e-01 4.084533e-01 4.137132e-01 4.049757e-01 2.994445e-01 4.349401e-01 4.602184e-01 4.135841e-01 5.305395e-01 3.791137e-01 3.212773e-01 3.651162e-01 3.671391e-01 3.761016e-01 3.615403e-01 4.290223e-01 4.084150e-01 3.878492e-01 3.425880e-01 3.486520e-01 3.272752e-01 3.187386e-01 3.677116e-01 3.612444e-01 4.390810e-01 3.631890e-01 4.780279e-01 4.190765e-01 4.523813e-01 4.329967e-01 3.129812e-01 4.476972e-01 3.949082e-01 3.366157e-01 3.279346e-01 3.036648e-01 4.584013e-01 3.924688e-01 3.384132e-01 3.352365e-01 4.306317e-01 3.235838e-01 3.982660e-01 4.479586e-01 3.813086e-01 3.942930e-01 3.923761e-01 4.109419e-01 4.353787e-01
<VARIANCE> 142
 2.000000e-01 2.000000e-01 2.000000e-01 2.000000e-01 2.000000e-01 2.000000e-01 2.000000e-01 2.000000e-01 2.000000e-01 2.000000e-01 2.000000e-01 2.000000e-01 2.000000e-01 2.000000e-01 2.000000e-01 2.000000e-01 2.000000e-01 2.000000e-01 2.000000e-01 2.000000e-01 2.000000e-01 2.000000e-01 2.000000e-01 2.000000e-01 2.000000e-01 2.000000e-01 2.000000e-01 2.000000e-01 2.000000e-01 2.000000e-01 2.000000e-01 2.000000e-01 2.000000e-01 2.000000e-01 2.000000e-01 2.000000e-01 2.000000e-01 2.000000e-01 2.000000e-01 2.000000e-01 2.000000e-01 2.000000e-01 2.000000e-01 2.000000e-01 2.000000e-01 2.000000e-01 2.000000e-01 2.000000e-01 2.000000e-01 2.000000e-01 2.000000e-01 2.000000e-01 2.000000e-01 2.000000e-01 2.000000e-01 2.000000e-01 2.000000e-01 2.000000e-01 2.000000e-01 2.000000e-01 2.000000e-01 2.000000e-01 2.000000e-01 2.000000e-01 2.000000e-01 2.000000e-01 2.000000e-01 2.000000e-01 2.000000e-01 2.000000e-01 2.000000e-01 2.000000e-01 2.000000e-01 2.000000e-01 2.000000e-01 2.000000e-01 2.000000e-01 2.000000e-01 2.000000e-01 2.000000e-01 2.000000e-01 2.000000e-01 2.000000e-01 2.000000e-01 2.000000e-01 2.000000e-01 2.000000e-01 2.000000e-01 2.000000e-01 2.000000e-01 2.000000e-01 2.000000e-01 2.000000e-01 2.000000e-01 2.000000e-01 2.000000e-01 2.000000e-01 2.000000e-01 2.000000e-01 2.000000e-01 2.000000e-01 2.000000e-01 2.000000e-01 2.000000e-01 2.000000e-01 2.000000e-01 2.000000e-01 2.000000e-01 2.000000e-01 2.000000e-01 2.000000e-01 2.000000e-01 2.000000e-01 2.000000e-01 2.000000e-01 2.000000e-01 2.000000e-01 2.000000e-01 2.000000e-01 2.000000e-01 2.000000e-01 2.000000e-01 2.000000e-01 2.000000e-01 2.000000e-01 2.000000e-01 2.000000e-01 2.000000e-01 2.000000e-01 2.000000e-01 2.000000e-01 2.000000e-01 2.000000e-01 2.000000e-01 2.000000e-01 2.000000e-01 2.000000e-01 2.000000e-01 2.000000e-01 2.000000e-01 2.000000e-01 2.000000e-01
<GCONST> 3.243863e+01
<TRANSP> 4
 0.000000e+00 1.000000e+00 0.000000e+00 0.000000e+00
 0.000000e+00 8.184015e-01 1.815986e-01 0.000000e+00
 0.000000e+00 0.000000e+00 8.963016e-01 1.036984e-01
 0.000000e+00 0.000000e+00 0.000000e+00 0.000000e+00
<ENDHMM>
