~o
<STREAMINFO> 1 142
<VECSIZE> 142<NULLD><USER><DIAGC>
~h "black"
<BEGINHMM>
<NUMSTATES> 4
<STATE> 2
<MEAN> 142
 6.996740e-01 3.592966e-01 4.031603e-01 4.169327e-01 3.760289e-01 4.113146e-01 4.732803e-01 3.454104e-01 3.419237e-01 3.419464e-01 3.860170e-01 4.873491e-01 3.888317e-01 4.263762e-01 3.323287e-01 3.880325e-01 3.830079e-01 3.901120e-01 2.820249e-01 4.099287e-01 4.609037e-01 4.133675e-01 3.837899e-01 4.306990e-01 4.124570e-01 3.871370e-01 3.764400e-01 4.308152e-01 3.339042e-01 3.718076e-01 4.598942e-01 4.330877e-01 5.736439e-01 3.944507e-01 4.319369e-01 3.154002e-01 3.389410e-01 2.269830e-01 2.653542e-01 4.394313e-01 2.942578e-01 3.680704e-01 2.670483e-01 3.445154e-01 3.527651e-01 4.456877e-01 4.369134e-01 4.063001e-01 3.832931e-01 3.241051e-01 4.947821e-01 3.374746e-01 3.553829e-01 2.518899e-01 5.128793e-01 3.362279e-01 3.223580e-01 3.215707e-01 3.266817e-01 3.750090e-01 5.310735e-01 4.704788e-01 3.539460e-01 3.665871e-01 3.828957e-01 5.231591e-01 2.666603e-01 4.013428e-01 4.959840e-01 3.065938e-01 5.128323e-01 4.890345e-01 4.161911e-01 4.209452e-01 3.841687e-01 3.797858e-01 5.041292e-01 4.483363e-01 3.589928e-01 4.256059e-01 4.130881e-01 3.751980e-01 3.054558e-01 4.207268e-01 4.449561e-01 5.166092e-01 4.096559e-01 4.499520e-01 4.331633e-01 4.622242e-01 3.458070e-01 3.936353e-01 4.751399e-01 3.695570e-01 4.303817e-01 4.711346e-01 4.825332e-01 3.027331e-01 3.649911e-01 4.347851e-01 3.587790e-01 4.396228e-01 3.538248e-01 3.054661e-01 2.960632e-01 2.581105e-01 3.160884e-01 2.849548e-01 3.809301e-01 4.408180e-01 3.568862e-01 3.605836e-01 4.959435e-01 2.897784e-01 3.305483e-01 4.231092e-01 2.989117e-01 4.091547e-01 4.273953e-01 4.073191e-01 3.832280e-01 4.865253e-01 4.244291e-01 4.291103e-01 4.752687e-01 4.173205e-01 4.464553e-01 3.058007e-01 3.004708e-01 4.336359e-01 4.829445e-01 3.719983e-01 4.365677e-01 3.503327e-01 3.367572e-01 3.772268e-01 5.338621e-01 4.014080e-01 4.639781e-01 3.694015e-01 4.362426e-01 5.058134e-01
<VARIANCE> 142
 2.000000e-01 2.000000e-01 2.000000e-01 2.000000e-01 2.000000e-01 2.000000e-01 2.000000e-01 2.000000e-01 2.000000e-01 2.000000e-01 2.000000e-01 2.000000e-01 2.000000e-01 2.000000e-01 2.000000e-01 2.000000e-01 2.000000e-01 2.000000e-01 2.000000e-01 2.000000e-01 2.000000e-01 2.000000e-01 2.000000e-01 2.000000e-01 2.000000e-01 2.000000e-01 2.000000e-01 2.000000e-01 2.000000e-01 2.000000e-01 2.000000e-01 2.000000e-01 2.000000e-01 2.000000e-01 2.000000e-01 2.000000e-01 2.000000e-01 2.000000e-01 2.000000e-01 2.000000e-01 2.000000e-01 2.000000e-01 2.000000e-01 2.000000e-01 2.000000e-01 2.000000e-01 2.000000e-01 2.000000e-01 2.000000e-01 2.000000e-01 2.000000e-01 2.000000e-01 2.000000e-01 2.000000e-01 2.000000e-01 2.000000e-01 2.000000e-01 2.000000e-01 2.000000e-01 2.000000e-01 2.000000e-01 2.000000e-01 2.000000e-01 2.000000e-01 2.000000e-01 2.000000e-01 2.000000e-01 2.000000e-01 2.000000e-01 2.000000e-01 2.000000e-01 2.000000e-01 2.000000e-01 2.000000e-01 2.000000e-01 2.000000e-01 2.000000e-01 2.000000e-01 2.000000e-01 2.000000e-01 2.000000e-01 2.000000e-01 2.000000e-01 2.000000e-01 2.000000e-01 2.000000e-01 2.000000e-01 2.000000e-01 2.000000e-01 2.000000e-01 2.000000e-01 2.000000e-01 2.000000e-01 2.000000e-01 2.000000e-01 2.000000e-01 2.000000e-01 2.000000e-01 2.000000e-01 2.000000e-01 2.000000e-01 2.000000e-01 2.000000e-01 2.000000e-01 2.000000e-01 2.000000e-01 2.000000e-01 2.000000e-01 2.000000e-01 2.000000e-01 2.000000e-01 2.000000e-01 2.000000e-01 2.000000e-01 2.000000e-01 2.000000e-01 2.000000e-01 2.000000e-01 2.000000e-01 2.000000e-01 2.000000e-01 2.000000e-01 2.000000e-01 2.000000e-01 2.000000e-01 2.000000e-01 2.000000e-01 2.000000e-01 2.000000e-01 2.000000e-01 2.000000e-01 2.000000e-01 2.000000e-01 2.000000e-01 2.000000e-01 2.000000e-01 2.000000e-01 2.000000e-01 2.000000e-01 2.000000e-01 2.000000e-01 2.000000e-01
<GCONST> 3.243863e+01
<STATE> 3
<MEAN> 142
 5.639213e-01 4.292180e-01 2.943237e-01 3.154474e-01 3.061042e-01 4.040341e-01 3.437677e-01 3.656989e-01 3.855912e-01 5.088308e-01 4.537027e-01 5.421695e-01 4.838566e-01 4.691291e-01 3.916584e-01 3.346419e-01 4.405988e-01 4.520963e-01 3.149711e-01 3.929298e-01 3.784724e-01 3.440753e-01 3.608285e-01 4.193739e-01 4.416813e-01 4.351119e-01 4.120840e-01 4.292342e-01 4.254677e-01 5.177225e-01 4.827396e-01 3.759573e-01 3.502060e-01 4.522608e-01 4.509579e-01 3.819907e-01 3.674892e-01 4.755875e-01 4.257030e-01 3.727277e-01 4.586373e-01 4.207400e-01 4.428786e-01 3.402269e-01 3.155114e-01 4.513833e-01 3.330632e-01 4.083240e-01 3.309551e-01 3.698802e-01 5.026788e-01 4.496152e-01 5.152488e-01 3.735085e-01 4.034168e-01 3.855286e-01 4.327294e-01 2.855134e-01 3.668526e-01 3.022735e-01 4.383120e-01 4.161456e-01 4.122048e-01 4.625331e-01 5.042024e-01 3.806505e-01 4.710672e-01 3.651349e-01 4.141704e-01 5.399423e-01 4.427142e-01 4.923171e-01 4.352620e-01 3.901207e-01 3.864872e-01 4.346461e-01 3.991543e-01 2.793843e-01 4.529724e-01 3.220734e-01 5.019329e-01 3.408507e-01 4.742649e-01 3.576888e-01 3.784263e-01 3.922566e-01 4.451771e-01 4.764535e-01 4.513698e-01 4.348416e-01 4.650806e-01 4.271968e-01 4.820355e-01 4.307719e-01 3.820349e-01 4.904498e-01 4.134328e-01 4.164816e-01 4.534071e-01 3.772659e-01 3.907234e-01 3.990666e-01 3.653016e-01 4.948455e-01 3.086208e-01 3.317554e-01 4.428516e-01 4.525351e-01 4.119816e-01 3.092121e-01 4.741589e-01 4.765956e-01 2.874953e-01 3.815505e-01 3.956087e-01 5.058121e-01 4.550495e-01 3.399407e-01 4.881690e-01 3.525212e-01 3.781921e-01 4.157142e-01 3.454291e-01 5.490139e-01 3.693409e-01 3.891668e-01 5.190760e-01 4.676296e-01 5.032253e-01 3.883246e-01 3.284113e-01 4.002122e-01 4.810744e-01 4.313549e-01 3.872421e-01 3.789740e-01 4.459949e-01 4.157843e-01 3.723968e-01 3.588694e-01 4.400518e-01 3.355240e-01
<VARIANCE> 142
 2.000000e-01 2.000000e-01 2.000000e-01 2.000000e-01 2.000000e-01 2.000000e-01 2.000000e-01 2.000000e-01 2.000000e-01 2.000000e-01 2.000000e-01 2.000000e-01 2.000000e-01 2.000000e-01 2.000000e-01 2.000000e-01 2.000000e-01 2.000000e-01 2.000000e-01 2.000000e-01 2.000000e-01 2.000000e-01 2.000000e-01 2.000000e-01 2.000000e-01 2.000000e-01 2.000000e-01 2.000000e-01 2.000000e-01 2.000000e-01 2.000000e-01 2.000000e-01 2.000000e-01 2.000000e-01 2.000000e-01 2.000000e-01 2.000000e-01 2.000000e-01 2.000000e-01 2.000000e-01 2.000000e-01 2.000000e-01 2.000000e-01 2.000000e-01 2.000000e-01 2.000000e-01 2.000000e-01 2.000000e-01 2.000000e-01 2.000000e-01 2.000000e-01 2.000000e-01 2.000000e-01 2.000000e-01 2.000000e-01 2.000000e-01 2.000000e-01 2.000000e-01 2.000000e-01 2.000000e-01 2.000000e-01 2.000000e-01 2.000000e-01 2.000000e-01 2.000000e-01 2.000000e-01 2.000000e-01 2.000000e-01 2.000000e-01 2.000000e-01 2.000000e-01 2.000000e-01 2.000000e-01 2.000000e-01 2.000000e-01 2.000000e-01 2.000000e-01 2.000000e-01 2.000000e-01 2.000000e-01 2.000000e-01 2.000000e-01 2.000000e-01 2.000000e-01 2.000000e-01 2.000000e-01 2.000000e-01 2.000000e-01 2.000000e-01 2.000000e-01 2.000000e-01 2.000000e-01 2.000000e-01 2.000000e-01 2.000000e-01 2.000000e-01 2.000000e-01 2.000000e-01 2.000000e-01 2.000000e-01 2.000000e-01 2.000000e-01 2.000000e-01 2.000000e-01 2.000000e-01 2.000000e-01 2.000000e-01 2.000000e-01 2.000000e-01 2.000000e-01 2.000000e-01 2.000000e-01 2.000000e-01 2.000000e-01 2.000000e-01 2.000000e-01 2.000000e-01 2.000000e-01 2.000000e-01 2.000000e-01 2.000000e-01 2.000000e-01 2.000000e-01 2.000000e-01 2.000000e-01 2.000000e-01 2.000000e-01 2.000000e-01 2.000000e-01 2.000000e-01 2.000000e-01 2.000000e-01 2.000000e-01 2.000000e-01 2.000000e-01 2.000000e-01 2.000000e-01 2.000000e-01 2.000000e-01 2.000000e-01 2.000000e-01 2.000000e-01
<GCONST> 3.243863e+01
<TRANSP> 4
 0.000000e+00 1.000000e+00 0.000000e+00 0.000000e+00
 0.000000e+00 8.573315e-01 1.426686e-01 0.000000e+00
 0.000000e+00 0.000000e+00 8.678942e-01 1.321058e-01
 0.000000e+00 0.000000e+00 0.000000e+00 0.000000e+00
<ENDHMM>
