~o
<STREAMINFO> 1 142
<VECSIZE> 142<NULLD><USER><DIAGC>
~h "boy"
<BEGINHMM>
<NUMSTATES> 4
<STATE> 2
<MEAN> 142
 6.238363e-01 3.461179e-01 3.460542e-01 3.379352e-01 2.919367e-01 4.425757e-01 3.941034e-01 2.902771e-01 4.271203e-01 3.954496e-01 4.796028e-01 4.797665e-01 4.287128e-01 4.766741e-01 2.899412e-01 2.812364e-01 3.966606e-01 4.276445e-01 3.592047e-01 4.143769e-01 4.399962e-01 4.040258e-01 4.149451e-01 4.058502e-01 4.331246e-01 4.245261e-01 4.150689e-01 3.738259e-01 3.950902e-01 4.358217e-01 4.693957e-01 3.630786e-01 4.030979e-01 4.039700e-01 4.117401e-01 3.206798e-01 2.936984e-01 4.022369e-01 3.352354e-01 3.342074e-01 3.955751e-01 3.667425e-01 4.049275e-01 3.585083e-01 2.613401e-01 3.831463e-01 3.633791e-01 3.769508e-01 3.648881e-01 3.777211e-01 5.606552e-01 4.594631e-01 4.744113e-01 3.157246e-01 4.220001e-01 3.873963e-01 4.301397e-01 3.481135e-01 4.056613e-01 3.427019e-01 4.833260e-01 4.250419e-01 3.670784e-01 4.508054e-01 4.801550e-01 3.786344e-01 4.331729e-01 3.891910e-01 4.901993e-01 4.714145e-01 4.469355e-01 5.031679e-01 3.607635e-01 4.040521e-01 4.574074e-01 4.435251e-01 4.316401e-01 3.349154e-01 4.331210e-01 3.779809e-01 4.713016e-01 3.117386e-01 3.838303e-01 4.584008e-01 3.758479e-01 4.356975e-01 4.497015e-01 4.764773e-01 5.102637e-01 4.324766e-01 4.155936e-01 4.027767e-01 4.649597e-01 3.988862e-01 3.505524e-01 4.722357e-01 3.775904e-01 4.311562e-01 3.808347e-01 4.948516e-01 3.759145e-01 4.025503e-01 3.790763e-01 4.438309e-01 2.676063e-01 2.680388e-01 4.432641e-01 3.803308e-01 4.046445e-01 3.404987e-01 4.366881e-01 4.342836e-01 2.916805e-01 3.077016e-01 3.764017e-01 5.146275e-01 4.781844e-01 3.365006e-01 4.609570e-01 4.101856e-01 3.708798e-01 4.358622e-01 4.058982e-01 5.551386e-01 4.157962e-01 3.668885e-01 4.676726e-01 4.710693e-01 3.827887e-01 4.238488e-01 3.637179e-01 3.986565e-01 5.032071e-01 4.551364e-01 3.181576e-01 3.465763e-01 4.440666e-01 3.825492e-01 3.133079e-01 3.277669e-01 3.916642e-01 3.910892e-01
<VARIANCE> 142
 2.000000e-01 2.000000e-01 2.000000e-01 2.000000e-01 2.000000e-01 2.000000e-01 2.000000e-01 2.000000e-01 2.000000e-01 2.000000e-01 2.000000e-01 2.000000e-01 2.000000e-01 2.000000e-01 2.000000e-01 2.000000e-01 2.000000e-01 2.000000e-01 2.000000e-01 2.000000e-01 2.000000e-01 2.000000e-01 2.000000e-01 2.000000e-01 2.000000e-01 2.000000e-01 2.000000e-01 2.000000e-01 2.000000e-01 2.000000e-01 2.000000e-01 2.000000e-01 2.000000e-01 2.000000e-01 2.000000e-01 2.000000e-01 2.000000e-01 2.000000e-01 2.000000e-01 2.000000e-01 2.000000e-01 2.000000e-01 2.000000e-01 2.000000e-01 2.000000e-01 2.000000e-01 2.000000e-01 2.000000e-01 2.000000e-01 2.000000e-01 2.000000e-01 2.000000e-01 2.000000e-01 2.000000e-01 2.000000e-01 2.000000e-01 2.000000e-01 2.000000e-01 2.000000e-01 2.000000e-01 2.000000e-01 2.000000e-01 2.000000e-01 2.000000e-01 2.000000e-01 2.000000e-01 2.000000e-01 2.000000e-01 2.000000e-01 2.000000e-01 2.000000e-01 2.000000e-01 2.000000e-01 2.000000e-01 2.000000e-01 2.000000e-01 2.000000e-01 2.000000e-01 2.000000e-01 2.000000e-01 2.000000e-01 2.000000e-01 2.000000e-01 2.000000e-01 2.000000e-01 2.000000e-01 2.000000e-01 2.000000e-01 2.000000e-01 2.000000e-01 2.000000e-01 2.000000e-01 2.000000e-01 2.000000e-01 2.000000e-01 2.000000e-01 2.000000e-01 2.000000e-01 2.000000e-01 2.000000e-01 2.000000e-01 2.000000e-01 2.000000e-01 2.000000e-01 2.000000e-01 2.000000e-01 2.000000e-01 2.000000e-01 2.000000e-01 2.000000e-01 2.000000e-01 2.000000e-01 2.000000e-01 2.000000e-01 2.000000e-01 2.000000e-01 2.000000e-01 2.000000e-01 2.000000e-01 2.000000e-01 2.000000e-01 2.000000e-01 2.000000e-01 2.000000e-01 2.000000e-01 2.000000e-01 2.000000e-01 2.000000e-01 2.000000e-01 2.000000e-01 2.000000e-01 2.000000e-01 2.000000e-01 2.000000e-01 2.000000e-01 2.000000e-01 2.000000e-01 2.000000e-01 2.000000e-01 2.000000e-01 2.000000e-01 2.000000e-01
<GCONST> 3.243863e+01
<STATE> 3
<MEAN> 142
 5.177529e-01 3.072054e-01 4.136208e-01 4.953079e-01 4.574393e-01 3.905152e-01 5.160670e-01 2.964698e-01 3.584293e-01 3.677234e-01 3.871391e-01 3.354772e-01 3.310615e-01 3.807950e-01 4.222751e-01 4.884451e-01 3.596696e-01 3.321255e-01 2.818870e-01 3.161094e-01 5.258952e-01 4.908269e-01 3.722259e-01 4.981375e-01 4.670622e-01 3.741365e-01 4.259895e-01 3.902337e-01 3.615452e-01 3.500038e-01 4.722689e-01 3.640129e-01 5.214732e-01 4.600126e-01 4.071894e-01 3.691033e-01 4.536090e-01 3.153836e-01 2.788298e-01 5.561048e-01 3.451798e-01 4.044307e-01 3.304724e-01 2.426957e-01 3.901425e-01 3.518441e-01 5.197867e-01 4.035444e-01 5.235931e-01 3.340116e-01 5.132094e-01 3.396472e-01 2.989785e-01 3.243019e-01 4.736137e-01 3.201663e-01 3.075556e-01 3.168139e-01 3.221036e-01 6.074196e-01 5.399610e-01 4.225355e-01 3.111407e-01 2.949858e-01 3.243658e-01 5.274668e-01 3.037165e-01 5.688630e-01 4.654419e-01 3.281923e-01 4.630034e-01 4.113953e-01 3.639392e-01 3.784934e-01 3.244672e-01 3.828276e-01 5.406524e-01 4.236031e-01 4.170789e-01 5.135525e-01 4.655529e-01 3.620384e-01 3.774219e-01 4.887605e-01 5.477111e-01 5.094743e-01 4.037501e-01 4.262513e-01 5.512790e-01 4.546678e-01 2.182010e-01 4.792762e-01 4.345954e-01 2.704945e-01 4.632390e-01 3.662299e-01 4.904577e-01 3.056431e-01 4.730562e-01 4.792353e-01 3.775258e-01 4.452371e-01 3.863316e-01 3.521716e-01 3.529321e-01 3.048347e-01 3.014185e-01 3.392600e-01 4.589261e-01 5.210422e-01 3.002386e-01 3.050007e-01 4.919371e-01 3.455055e-01 2.927257e-01 4.132536e-01 2.783382e-01 4.627499e-01 3.605676e-01 3.766056e-01 4.178021e-01 3.934363e-01 3.648097e-01 3.935518e-01 3.384935e-01 3.233879e-01 3.608451e-01 3.039858e-01 2.325491e-01 3.587633e-01 5.520436e-01 4.161845e-01 3.393593e-01 3.671963e-01 3.920169e-01 4.799187e-01 5.312329e-01 4.881814e-01 6.095966e-01 4.118510e-01 3.950325e-01 4.180998e-01
<VARIANCE> 142
 2.000000e-01 2.000000e-01 2.000000e-01 2.000000e-01 2.000000e-01 2.000000e-01 2.000000e-01 2.000000e-01 2.000000e-01 2.000000e-01 2.000000e-01 2.000000e-01 2.000000e-01 2.000000e-01 2.000000e-01 2.000000e-01 2.000000e-01 2.000000e-01 2.000000e-01 2.000000e-01 2.000000e-01 2.000000e-01 2.000000e-01 2.000000e-01 2.000000e-01 2.000000e-01 2.000000e-01 2.000000e-01 2.000000e-01 2.000000e-01 2.000000e-01 2.000000e-01 2.000000e-01 2.000000e-01 2.000000e-01 2.000000e-01 2.000000e-01 2.000000e-01 2.000000e-01 2.000000e-01 2.000000e-01 2.000000e-01 2.000000e-01 2.000000e-01 2.000000e-01 2.000000e-01 2.000000e-01 2.000000e-01 2.000000e-01 2.000000e-01 2.000000e-01 2.000000e-01 2.000000e-01 2.000000e-01 2.000000e-01 2.000000e-01 2.000000e-01 2.000000e-01 2.000000e-01 2.000000e-01 2.000000e-01 2.000000e-01 2.000000e-01 2.000000e-01 2.000000e-01 2.000000e-01 2.000000e-01 2.000000e-01 2.000000e-01 2.000000e-01 2.000000e-01 2.000000e-01 2.000000e-01 2.000000e-01 2.000000e-01 2.000000e-01 2.000000e-01 2.000000e-01 2.000000e-01 2.000000e-01 2.000000e-01 2.000000e-01 2.000000e-01 2.000000e-01 2.000000e-01 2.000000e-01 2.000000e-01 2.000000e-01 2.000000e-01 2.000000e-01 2.000000e-01 2.000000e-01 2.000000e-01 2.000000e-01 2.000000e-01 2.000000e-01 2.000000e-01 2.000000e-01 2.000000e-01 2.000000e-01 2.000000e-01 2.000000e-01 2.000000e-01 2.000000e-01 2.000000e-01 2.000000e-01 2.000000e-01 2.000000e-01 2.000000e-01 2.000000e-01 2.000000e-01 2.000000e-01 2.000000e-01 2.000000e-01 2.000000e-01 2.000000e-01 2.000000e-01 2.000000e-01 2.000000e-01 2.000000e-01 2.000000e-01 2.000000e-01 2.000000e-01 2.000000e-01 2.000000e-01 2.000000e-01 2.000000e-01 2.000000e-01 2.000000e-01 2.000000e-01 2.000000e-01 2.000000e-01 2.000000e-01 2.000000e-01 2.000000e-01 2.000000e-01 2.000000e-01 2.000000e-01 2.000000e-01 2.000000e-01 2.000000e-01 2.000000e-01
<GCONST> 3.243863e+01
<TRANSP> 4
 0.000000e+00 1.000000e+00 0.000000e+00 0.000000e+00
 0.000000e+00 8.929576e-01 1.070424e-01 0.000000e+00
 0.000000e+00 0.000000e+00 8.203700e-01 1.796299e-01
 0.000000e+00 0.000000e+00 0.000000e+00 0.000000e+00
<ENDHMM>
