~o
<STREAMINFO> 1 142
<VECSIZE> 142<NULLD><USER><DIAGC>
~h "brother"
<BEGINHMM>
<NUMSTATES> 4
<STATE> 2
<MEAN> 142
 4.785417e-01 3.526209e-01 4.193756e-01 3.984690e-01 4.613909e-01 4.153706e-01 4.315284e-01 3.548323e-01 4.334284e-01 4.380468e-01 4.668995e-01 3.778630e-01 3.732920e-01 5.146900e-01 4.644198e-01 3.931149e-01 3.607314e-01 3.753949e-01 4.243435e-01 3.778834e-01 5.096925e-01 5.168188e-01 3.832156e-01 4.664887e-01 5.481409e-01 3.919013e-01 4.532404e-01 3.893285e-01 4.066592e-01 3.712484e-01 4.611345e-01 3.539190e-01 4.078591e-01 5.633669e-01 4.205695e-01 3.992056e-01 5.089779e-01 3.943752e-01 4.389026e-01 4.940017e-01 4.439803e-01 4.538756e-01 3.769111e-01 3.831622e-01 2.903366e-01 3.779245e-01 4.734521e-01 5.244915e-01 5.592568e-01 3.800040e-01 5.117255e-01 4.050600e-01 4.179745e-01 3.074896e-01 4.201122e-01 3.920599e-01 4.862402e-01 4.654433e-01 4.465789e-01 4.756236e-01 4.545237e-01 4.437679e-01 4.251153e-01 3.802676e-01 4.080879e-01 4.274248e-01 4.492220e-01 5.709917e-01 4.537218e-01 4.417377e-01 4.479292e-01 3.808802e-01 4.371918e-01 4.131286e-01 3.489665e-01 3.909359e-01 4.586732e-01 4.638523e-01 4.906425e-01 5.171278e-01 4.963555e-01 4.139058e-01 3.927405e-01 4.805450e-01 4.233873e-01 4.033869e-01 3.837417e-01 4.177465e-01 5.518852e-01 4.040637e-01 3.243711e-01 3.634070e-01 4.462104e-01 3.953404e-01 4.759873e-01 4.369859e-01 4.572927e-01 3.324829e-01 5.549794e-01 5.192044e-01 4.485009e-01 4.818145e-01 3.390251e-01 3.923254e-01 4.309444e-01 3.242871e-01 4.180900e-01 4.134122e-01 4.491585e-01 5.868024e-01 3.637376e-01 3.554338e-01 4.370598e-01 4.979456e-01 3.221533e-01 3.940004e-01 3.574960e-01 5.155217e-01 4.508898e-01 4.677678e-01 4.671538e-01 3.725079e-01 3.545406e-01 3.862514e-01 5.593810e-01 3.321765e-01 3.908440e-01 3.964565e-01 3.615329e-01 4.910541e-01 4.889890e-01 4.248023e-01 3.420921e-01 4.150496e-01 4.584440e-01 5.069920e-01 4.560888e-01 5.103545e-01 5.475373e-01 4.419973e-01 3.994500e-01 4.027346e-01
<VARIANCE> 142
 2.000000e-01 2.000000e-01 2.000000e-01 2.000000e-01 2.000000e-01 2.000000e-01 2.000000e-01 2.000000e-01 2.000000e-01 2.000000e-01 2.000000e-01 2.000000e-01 2.000000e-01 2.000000e-01 2.000000e-01 2.000000e-01 2.000000e-01 2.000000e-01 2.000000e-01 2.000000e-01 2.000000e-01 2.000000e-01 2.000000e-01 2.000000e-01 2.000000e-01 2.000000e-01 2.000000e-01 2.000000e-01 2.000000e-01 2.000000e-01 2.000000e-01 2.000000e-01 2.000000e-01 2.000000e-01 2.000000e-01 2.000000e-01 2.000000e-01 2.000000e-01 2.000000e-01 2.000000e-01 2.000000e-01 2.000000e-01 2.000000e-01 2.000000e-01 2.000000e-01 2.000000e-01 2.000000e-01 2.000000e-01 2.000000e-01 2.000000e-01 2.000000e-01 2.000000e-01 2.000000e-01 2.000000e-01 2.000000e-01 2.000000e-01 2.000000e-01 2.000000e-01 2.000000e-01 2.000000e-01 2.000000e-01 2.000000e-01 2.000000e-01 2.000000e-01 2.000000e-01 2.000000e-01 2.000000e-01 2.000000e-01 2.000000e-01 2.000000e-01 2.000000e-01 2.000000e-01 2.000000e-01 2.000000e-01 2.000000e-01 2.000000e-01 2.000000e-01 2.000000e-01 2.000000e-01 2.000000e-01 2.000000e-01 2.000000e-01 2.000000e-01 2.000000e-01 2.000000e-01 2.000000e-01 2.000000e-01 2.000000e-01 2.000000e-01 2.000000e-01 2.000000e-01 2.000000e-01 2.000000e-01 2.000000e-01 2.000000e-01 2.000000e-01 2.000000e-01 2.000000e-01 2.000000e-01 2.000000e-01 2.000000e-01 2.000000e-01 2.000000e-01 2.000000e-01 2.000000e-01 2.000000e-01 2.000000e-01 2.000000e-01 2.000000e-01 2.000000e-01 2.000000e-01 2.000000e-01 2.000000e-01 2.000000e-01 2.000000e-01 2.000000e-01 2.000000e-01 2.000000e-01 2.000000e-01 2.000000e-01 2.000000e-01 2.000000e-01 2.000000e-01 2.000000e-01 2.000000e-01 2.000000e-01 2.000000e-01 2.000000e-01 2.000000e-01 2.000000e-01 2.000000e-01 2.000000e-01 2.000000e-01 2.000000e-01 2.000000e-01 2.000000e-01 2.000000e-01 2.000000e-01 2.000000e-01 2.000000e-01 2.000000e-01 2.000000e-01
<GCONST> 3.243863e+01
<STATE> 3
<MEAN> 142
 6.016861e-01 4.082734e-01 3.059661e-01 3.631214e-01 2.995661e-01 2.776586e-01 3.230474e-01 2.827574e-01 3.357694e-01 4.235295e-01 4.117020e-01 4.038201e-01 3.360031e-01 4.082791e-01 2.970953e-01 3.156419e-01 4.327681e-01 4.740376e-01 2.626491e-01 2.984833e-01 4.181212e-01 4.262247e-01 3.546996e-01 4.624227e-01 4.535862e-01 3.773281e-01 3.916654e-01 3.700509e-01 4.298370e-01 4.057742e-01 4.665230e-01 4.393944e-01 3.578067e-01 4.501612e-01 4.234248e-01 3.963498e-01 3.206053e-01 3.232783e-01 4.267278e-01 2.678466e-01 4.021211e-01 4.909937e-01 3.788181e-01 2.979004e-01 2.014858e-01 4.209597e-01 4.183317e-01 3.396616e-01 3.788802e-01 3.194828e-01 4.879903e-01 3.660873e-01 4.169824e-01 2.892269e-01 4.503264e-01 4.052700e-01 3.932798e-01 3.086586e-01 3.496454e-01 2.918073e-01 3.722721e-01 4.464022e-01 3.990192e-01 4.103633e-01 3.933593e-01 4.659299e-01 3.489253e-01 3.542752e-01 4.101404e-01 4.012702e-01 4.200782e-01 4.130509e-01 4.363121e-01 3.700134e-01 2.986663e-01 3.296477e-01 4.132305e-01 4.286223e-01 4.367306e-01 3.929312e-01 4.793948e-01 3.773520e-01 4.202507e-01 4.053599e-01 3.165739e-01 3.980088e-01 3.663016e-01 4.111267e-01 4.577197e-01 3.221225e-01 3.695365e-01 2.815508e-01 4.382216e-01 3.543699e-01 4.541510e-01 4.774267e-01 4.279729e-01 3.693625e-01 4.407089e-01 3.877362e-01 3.917812e-01 4.613055e-01 3.330350e-01 4.241223e-01 2.827242e-01 2.712536e-01 3.892372e-01 3.860349e-01 3.386734e-01 3.083223e-01 3.799345e-01 3.819686e-01 3.019224e-01 3.887564e-01 3.823467e-01 4.279306e-01 4.290857e-01 3.847999e-01 4.614317e-01 3.749823e-01 4.329420e-01 5.032651e-01 4.232873e-01 4.386580e-01 3.716458e-01 3.987148e-01 4.191641e-01 4.177330e-01 4.112092e-01 3.409946e-01 3.343003e-01 4.688481e-01 3.507136e-01 3.727393e-01 4.141360e-01 4.325577e-01 4.097095e-01 4.076701e-01 3.193238e-01 3.853620e-01 4.987161e-01 3.818579e-01
<VARIANCE> 142
 2.000000e-01 2.000000e-01 2.000000e-01 2.000000e-01 2.000000e-01 2.000000e-01 2.000000e-01 2.000000e-01 2.000000e-01 2.000000e-01 2.000000e-01 2.000000e-01 2.000000e-01 2.000000e-01 2.000000e-01 2.000000e-01 2.000000e-01 2.000000e-01 2.000000e-01 2.000000e-01 2.000000e-01 2.000000e-01 2.000000e-01 2.000000e-01 2.000000e-01 2.000000e-01 2.000000e-01 2.000000e-01 2.000000e-01 2.000000e-01 2.000000e-01 2.000000e-01 2.000000e-01 2.000000e-01 2.000000e-01 2.000000e-01 2.000000e-01 2.000000e-01 2.000000e-01 2.000000e-01 2.000000e-01 2.000000e-01 2.000000e-01 2.000000e-01 2.000000e-01 2.000000e-01 2.000000e-01 2.000000e-01 2.000000e-01 2.000000e-01 2.000000e-01 2.000000e-01 2.000000e-01 2.000000e-01 2.000000e-01 2.000000e-01 2.000000e-01 2.000000e-01 2.000000e-01 2.000000e-01 2.000000e-01 2.000000e-01 2.000000e-01 2.000000e-01 2.000000e-01 2.000000e-01 2.000000e-01 2.000000e-01 2.000000e-01 2.000000e-01 2.000000e-01 2.000000e-01 2.000000e-01 2.000000e-01 2.000000e-01 2.000000e-01 2.000000e-01 2.000000e-01 2.000000e-01 2.000000e-01 2.000000e-01 2.000000e-01 2.000000e-01 2.000000e-01 2.000000e-01 2.000000e-01 2.000000e-01 2.000000e-01 2.000000e-01 2.000000e-01 2.000000e-01 2.000000e-01 2.000000e-01 2.000000e-01 2.000000e-01 2.000000e-01 2.000000e-01 2.000000e-01 2.000000e-01 2.000000e-01 2.000000e-01 2.000000e-01 2.000000e-01 2.000000e-01 2.000000e-01 2.000000e-01 2.000000e-01 2.000000e-01 2.000000e-01 2.000000e-01 2.000000e-01 2.000000e-01 2.000000e-01 2.000000e-01 2.000000e-01 2.000000e-01 2.000000e-01 2.000000e-01 2.000000e-01 2.000000e-01 2.000000e-01 2.000000e-01 2.000000e-01 2.000000e-01 2.000000e-01 2.000000e-01 2.000000e-01 2.000000e-01 2.000000e-01 2.000000e-01 2.000000e-01 2.000000e-01 2.000000e-01 2.000000e-01 2.000000e-01 2.000000e-01 2.000000e-01 2.000000e-01 2.000000e-01 2.000000e-01 2.000000e-01 2.000000e-01
<GCONST> 3.243863e+01
<TRANSP> 4
 0.000000e+00 1.000000e+00 0.000000e+00 0.000000e+00
 0.000000e+00 8.340852e-01 1.659149e-01 0.000000e+00
 0.000000e+00 0.000000e+00 8.861737e-01 1.138263e-01
 0.000000e+00 0.000000e+00 0.000000e+00 0.000000e+00
<ENDHMM>
