~o
<STREAMINFO> 1 142
<VECSIZE> 142<NULLD><USER><DIAGC>
~h "brown"
<BEGINHMM>
<NUMSTATES> 4
<STATE> 2
<MEAN> 142
 4.463404e-01 3.775792e-01 3.490782e-01 3.803778e-01 4.055533e-01 3.153763e-01 3.131214e-01 3.500675e-01 4.082568e-01 5.568826e-01 5.219498e-01 5.253102e-01 3.490443e-01 4.958720e-01 3.449827e-01 3.169748e-01 4.569455e-01 4.473847e-01 2.954205e-01 4.007845e-01 3.901118e-01 3.831373e-01 3.669603e-01 4.299152e-01 4.949827e-01 3.848666e-01 3.973981e-01 4.650255e-01 4.327177e-01 4.917249e-01 4.480693e-01 3.542085e-01 3.177583e-01 4.937778e-01 4.211405e-01 3.819752e-01 4.336556e-01 3.735182e-01 4.721101e-01 4.120281e-01 3.939218e-01 4.844719e-01 4.665167e-01 3.519274e-01 2.732191e-01 3.953836e-01 4.371948e-01 4.436111e-01 3.898611e-01 3.639164e-01 4.854606e-01 4.664591e-01 5.336944e-01 2.964253e-01 3.942908e-01 4.860662e-01 4.603513e-01 3.659554e-01 3.368273e-01 3.446892e-01 4.444312e-01 3.967292e-01 3.493646e-01 3.911558e-01 5.313143e-01 3.297418e-01 4.690089e-01 3.915862e-01 2.823169e-01 5.169700e-01 4.511063e-01 3.927516e-01 3.462118e-01 5.048668e-01 3.224895e-01 3.699061e-01 4.272050e-01 4.136735e-01 5.364769e-01 4.085468e-01 5.801377e-01 2.738326e-01 4.593300e-01 3.168504e-01 3.677914e-01 2.852105e-01 3.983930e-01 4.526570e-01 4.975257e-01 3.448027e-01 4.647182e-01 2.482340e-01 5.226582e-01 3.463417e-01 4.352314e-01 5.673872e-01 4.528519e-01 4.057179e-01 5.705443e-01 4.180260e-01 5.178571e-01 4.262076e-01 3.663319e-01 4.863530e-01 3.554708e-01 3.591787e-01 3.253572e-01 4.609342e-01 4.220379e-01 3.604874e-01 4.646477e-01 4.532464e-01 3.712048e-01 5.157397e-01 4.319386e-01 4.678304e-01 4.357353e-01 4.492257e-01 4.768178e-01 3.891015e-01 3.940561e-01 4.105912e-01 3.584014e-01 3.695875e-01 3.801761e-01 3.912369e-01 5.561152e-01 5.987874e-01 5.321372e-01 4.333115e-01 4.414464e-01 4.803731e-01 4.759279e-01 5.951174e-01 4.216403e-01 4.590259e-01 3.922215e-01 4.462283e-01 4.687378e-01 3.880827e-01 4.965998e-01 4.233440e-01
<VARIANCE> 142
 2.000000e-01 2.000000e-01 2.000000e-01 2.000000e-01 2.000000e-01 2.000000e-01 2.000000e-01 2.000000e-01 2.000000e-01 2.000000e-01 2.000000e-01 2.000000e-01 2.000000e-01 2.000000e-01 2.000000e-01 2.000000e-01 2.000000e-01 2.000000e-01 2.000000e-01 2.000000e-01 2.000000e-01 2.000000e-01 2.000000e-01 2.000000e-01 2.000000e-01 2.000000e-01 2.000000e-01 2.000000e-01 2.000000e-01 2.000000e-01 2.000000e-01 2.000000e-01 2.000000e-01 2.000000e-01 2.000000e-01 2.000000e-01 2.000000e-01 2.000000e-01 2.000000e-01 2.000000e-01 2.000000e-01 2.000000e-01 2.000000e-01 2.000000e-01 2.000000e-01 2.000000e-01 2.000000e-01 2.000000e-01 2.000000e-01 2.000000e-01 2.000000e-01 2.000000e-01 2.000000e-01 2.000000e-01 2.000000e-01 2.000000e-01 2.000000e-01 2.000000e-01 2.000000e-01 2.000000e-01 2.000000e-01 2.000000e-01 2.000000e-01 2.000000e-01 2.000000e-01 2.000000e-01 2.000000e-01 2.000000e-01 2.000000e-01 2.000000e-01 2.000000e-01 2.000000e-01 2.000000e-01 2.000000e-01 2.000000e-01 2.000000e-01 2.000000e-01 2.000000e-01 2.000000e-01 2.000000e-01 2.000000e-01 2.000000e-01 2.000000e-01 2.000000e-01 2.000000e-01 2.000000e-01 2.000000e-01 2.000000e-01 2.000000e-01 2.000000e-01 2.000000e-01 2.000000e-01 2.000000e-01 2.000000e-01 2.000000e-01 2.000000e-01 2.000000e-01 2.000000e-01 2.000000e-01 2.000000e-01 2.000000e-01 2.000000e-01 2.000000e-01 2.000000e-01 2.000000e-01 2.000000e-01 2.000000e-01 2.000000e-01 2.000000e-01 2.000000e-01 2.000000e-01 2.000000e-01 2.000000e-01 2.000000e-01 2.000000e-01 2.000000e-01 2.000000e-01 2.000000e-01 2.000000e-01 2.000000e-01 2.000000e-01 2.000000e-01 2.000000e-01 2.000000e-01 2.000000e-01 2.000000e-01 2.000000e-01 2.000000e-01 2.000000e-01 2.000000e-01 2.000000e-01 2.000000e-01 2.000000e-01 2.000000e-01 2.000000e-01 2.000000e-01 2.000000e-01 2.000000e-01 2.000000e-01 2.000000e-01 2.000000e-01 2.000000e-01
<GCONST> 3.243863e+01
<STATE> 3
<MEAN> 142
 6.734255e-01 3.218902e-01 3.610900e-01 3.234156e-01 2.777431e-01 2.973020e-01 3.678947e-01 3.490535e-01 3.332675e-01 3.738054e-01 4.574892e-01 4.536524e-01 3.595397e-01 4.440335e-01 2.498396e-01 2.897446e-01 3.607556e-01 3.287951e-01 3.292752e-01 3.778291e-01 4.660125e-01 4.567285e-01 3.927067e-01 4.194506e-01 4.539973e-01 3.664267e-01 4.290409e-01 3.499966e-01 3.853884e-01 2.977349e-01 4.758422e-01 4.003375e-01 4.305758e-01 4.432975e-01 3.979097e-01 3.158481e-01 3.148986e-01 2.391649e-01 3.072776e-01 3.393867e-01 2.664460e-01 3.885000e-01 2.709574e-01 3.683927e-01 1.954971e-01 3.540748e-01 4.391863e-01 3.825632e-01 3.915665e-01 3.326104e-01 4.639049e-01 3.955978e-01 4.111582e-01 2.407689e-01 4.725113e-01 3.410245e-01 5.010620e-01 3.312248e-01 3.949840e-01 2.742191e-01 4.089498e-01 4.743172e-01 3.954594e-01 3.892116e-01 3.721314e-01 4.563778e-01 3.237000e-01 4.532708e-01 4.544374e-01 3.636589e-01 4.157694e-01 4.512276e-01 4.095134e-01 4.009088e-01 3.171341e-01 3.584795e-01 4.914477e-01 4.012351e-01 5.087500e-01 3.776723e-01 4.136915e-01 3.723573e-01 3.020732e-01 4.438472e-01 2.809831e-01 3.854842e-01 3.520053e-01 4.046266e-01 4.368878e-01 3.293586e-01 3.521024e-01 3.171247e-01 3.351845e-01 3.591082e-01 3.836288e-01 4.294670e-01 4.325509e-01 2.523648e-01 4.206395e-01 4.330999e-01 4.015797e-01 4.787695e-01 3.625437e-01 2.940494e-01 3.176945e-01 3.488495e-01 3.900155e-01 3.565643e-01 4.051040e-01 3.773288e-01 3.937580e-01 3.678096e-01 3.166767e-01 3.449031e-01 3.541136e-01 3.627721e-01 3.472134e-01 4.260001e-01 4.089591e-01 4.459746e-01 3.979312e-01 4.879151e-01 5.052528e-01 3.368489e-01 4.366769e-01 3.832974e-01 3.634943e-01 3.289548e-01 2.639451e-01 4.242598e-01 3.886856e-01 3.224554e-01 3.717800e-01 4.021709e-01 3.288250e-01 4.151575e-01 4.156739e-01 3.423624e-01 3.616108e-01 3.499128e-01 4.778283e-01 4.540877e-01
<VARIANCE> 142
 2.000000e-01 2.000000e-01 2.000000e-01 2.000000e-01 2.000000e-01 2.000000e-01 2.000000e-01 2.000000e-01 2.000000e-01 2.000000e-01 2.000000e-01 2.000000e-01 2.000000e-01 2.000000e-01 2.000000e-01 2.000000e-01 2.000000e-01 2.000000e-01 2.000000e-01 2.000000e-01 2.000000e-01 2.000000e-01 2.000000e-01 2.000000e-01 2.000000e-01 2.000000e-01 2.000000e-01 2.000000e-01 2.000000e-01 2.000000e-01 2.000000e-01 2.000000e-01 2.000000e-01 2.000000e-01 2.000000e-01 2.000000e-01 2.000000e-01 2.000000e-01 2.000000e-01 2.000000e-01 2.000000e-01 2.000000e-01 2.000000e-01 2.000000e-01 2.000000e-01 2.000000e-01 2.000000e-01 2.000000e-01 2.000000e-01 2.000000e-01 2.000000e-01 2.000000e-01 2.000000e-01 2.000000e-01 2.000000e-01 2.000000e-01 2.000000e-01 2.000000e-01 2.000000e-01 2.000000e-01 2.000000e-01 2.000000e-01 2.000000e-01 2.000000e-01 2.000000e-01 2.000000e-01 2.000000e-01 2.000000e-01 2.000000e-01 2.000000e-01 2.000000e-01 2.000000e-01 2.000000e-01 2.000000e-01 2.000000e-01 2.000000e-01 2.000000e-01 2.000000e-01 2.000000e-01 2.000000e-01 2.000000e-01 2.000000e-01 2.000000e-01 2.000000e-01 2.000000e-01 2.000000e-01 2.000000e-01 2.000000e-01 2.000000e-01 2.000000e-01 2.000000e-01 2.000000e-01 2.000000e-01 2.000000e-01 2.000000e-01 2.000000e-01 2.000000e-01 2.000000e-01 2.000000e-01 2.000000e-01 2.000000e-01 2.000000e-01 2.000000e-01 2.000000e-01 2.000000e-01 2.000000e-01 2.000000e-01 2.000000e-01 2.000000e-01 2.000000e-01 2.000000e-01 2.000000e-01 2.000000e-01 2.000000e-01 2.000000e-01 2.000000e-01 2.000000e-01 2.000000e-01 2.000000e-01 2.000000e-01 2.000000e-01 2.000000e-01 2.000000e-01 2.000000e-01 2.000000e-01 2.000000e-01 2.000000e-01 2.000000e-01 2.000000e-01 2.000000e-01 2.000000e-01 2.000000e-01 2.000000e-01 2.000000e-01 2.000000e-01 2.000000e-01 2.000000e-01 2.000000e-01 2.000000e-01 2.000000e-01 2.000000e-01 2.000000e-01
<GCONST> 3.243863e+01
<TRANSP> 4
 0.000000e+00 1.000000e+00 0.000000e+00 0.000000e+00
 0.000000e+00 7.804186e-01 2.195814e-01 0.000000e+00
 0.000000e+00 0.000000e+00 8.981761e-01 1.018239e-01
 0.000000e+00 0.000000e+00 0.000000e+00 0.000000e+00
<ENDHMM>
