~o
<STREAMINFO> 1 142
<VECSIZE> 142<NULLD><USER><DIAGC>
~h "button"
<BEGINHMM>
<NUMSTATES> 4
<STATE> 2
<MEAN> 142
 4.739326e-01 3.496604e-01 2.664416e-01 3.212674e-01 2.487472e-01 1.954370e-01 2.586372e-01 2.692004e-01 3.174300e-01 4.688001e-01 4.363520e-01 4.058371e-01 3.349665e-01 4.366653e-01 3.386081e-01 2.976077e-01 4.015316e-01 4.397886e-01 2.527268e-01 3.130999e-01 3.672990e-01 4.386483e-01 3.426434e-01 4.904287e-01 4.684119e-01 3.567419e-01 3.442373e-01 3.416807e-01 4.838014e-01 4.027105e-01 4.303862e-01 4.221919e-01 3.180639e-01 5.006354e-01 4.562999e-01 3.138482e-01 2.817946e-01 4.004023e-01 3.516072e-01 2.567386e-01 3.475238e-01 4.729797e-01 3.972981e-01 2.479508e-01 2.201011e-01 3.759029e-01 3.955032e-01 3.121602e-01 3.500856e-01 3.375860e-01 4.903005e-01 3.872030e-01 4.575980e-01 2.505002e-01 3.751030e-01 4.244129e-01 3.520427e-01 2.266248e-01 2.964855e-01 2.913624e-01 3.228555e-01 4.391349e-01 4.000318e-01 4.273843e-01 3.528109e-01 3.809359e-01 3.375817e-01 2.597361e-01 3.477674e-01 4.283535e-01 4.041405e-01 3.339598e-01 3.986101e-01 4.011218e-01 2.726686e-01 2.875124e-01 3.843700e-01 3.438932e-01 4.666299e-01 3.413497e-01 4.949767e-01 3.657168e-01 4.221375e-01 3.639445e-01 3.015597e-01 3.034348e-01 3.596319e-01 4.345164e-01 4.935015e-01 3.284915e-01 3.524733e-01 2.870829e-01 4.408181e-01 3.826703e-01 4.222401e-01 4.522186e-01 4.307820e-01 3.593459e-01 3.932655e-01 4.240723e-01 4.356097e-01 4.859642e-01 3.464164e-01 3.918573e-01 2.657459e-01 2.672610e-01 3.497461e-01 4.297805e-01 2.891123e-01 2.819023e-01 4.387642e-01 3.617979e-01 3.005817e-01 3.288828e-01 3.766193e-01 4.257033e-01 4.274062e-01 3.912617e-01 4.394495e-01 3.363717e-01 3.874753e-01 4.265042e-01 3.912543e-01 3.720160e-01 3.149597e-01 3.534935e-01 4.370162e-01 3.867721e-01 4.131992e-01 3.737409e-01 3.154643e-01 4.175354e-01 2.890345e-01 4.323719e-01 3.880939e-01 3.619158e-01 3.685596e-01 4.457186e-01 2.764733e-01 3.682851e-01 4.184354e-01 3.727908e-01
<VARIANCE> 142
 2.000000e-01 2.000000e-01 2.000000e-01 2.000000e-01 2.000000e-01 2.000000e-01 2.000000e-01 2.000000e-01 2.000000e-01 2.000000e-01 2.000000e-01 2.000000e-01 2.000000e-01 2.000000e-01 2.000000e-01 2.000000e-01 2.000000e-01 2.000000e-01 2.000000e-01 2.000000e-01 2.000000e-01 2.000000e-01 2.000000e-01 2.000000e-01 2.000000e-01 2.000000e-01 2.000000e-01 2.000000e-01 2.000000e-01 2.000000e-01 2.000000e-01 2.000000e-01 2.000000e-01 2.000000e-01 2.000000e-01 2.000000e-01 2.000000e-01 2.000000e-01 2.000000e-01 2.000000e-01 2.000000e-01 2.000000e-01 2.000000e-01 2.000000e-01 2.000000e-01 2.000000e-01 2.000000e-01 2.000000e-01 2.000000e-01 2.000000e-01 2.000000e-01 2.000000e-01 2.000000e-01 2.000000e-01 2.000000e-01 2.000000e-01 2.000000e-01 2.000000e-01 2.000000e-01 2.000000e-01 2.000000e-01 2.000000e-01 2.000000e-01 2.000000e-01 2.000000e-01 2.000000e-01 2.000000e-01 2.000000e-01 2.000000e-01 2.000000e-01 2.000000e-01 2.000000e-01 2.000000e-01 2.000000e-01 2.000000e-01 2.000000e-01 2.000000e-01 2.000000e-01 2.000000e-01 2.000000e-01 2.000000e-01 2.000000e-01 2.000000e-01 2.000000e-01 2.000000e-01 2.000000e-01 2.000000e-01 2.000000e-01 2.000000e-01 2.000000e-01 2.000000e-01 2.000000e-01 2.000000e-01 2.000000e-01 2.000000e-01 2.000000e-01 2.000000e-01 2.000000e-01 2.000000e-01 2.000000e-01 2.000000e-01 2.000000e-01 2.000000e-01 2.000000e-01 2.000000e-01 2.000000e-01 2.000000e-01 2.000000e-01 2.000000e-01 2.000000e-01 2.000000e-01 2.000000e-01 2.000000e-01 2.000000e-01 2.000000e-01 2.000000e-01 2.000000e-01 2.000000e-01 2.000000e-01 2.000000e-01 2.000000e-01 2.000000e-01 2.000000e-01 2.000000e-01 2.000000e-01 2.000000e-01 2.000000e-01 2.000000e-01 2.000000e-01 2.000000e-01 2.000000e-01 2.000000e-01 2.000000e-01 2.000000e-01 2.000000e-01 2.000000e-01 2.000000e-01 2.000000e-01 2.000000e-01 2.000000e-01 2.000000e-01 2.000000e-01
<GCONST> 3.243863e+01
<STATE> 3
<MEAN> 142
 6.418313e-01 4.203246e-01 3.821235e-01 3.080771e-01 2.610426e-01 3.709698e-01 4.024838e-01 3.194173e-01 3.291955e-01 4.040436e-01 4.207881e-01 5.153093e-01 3.819172e-01 4.550106e-01 3.162040e-01 2.902338e-01 4.527346e-01 5.715789e-01 3.339115e-01 3.416328e-01 3.653082e-01 3.782412e-01 3.834746e-01 4.461390e-01 4.304920e-01 3.992595e-01 4.021391e-01 5.034767e-01 4.982940e-01 4.787389e-01 4.448935e-01 3.854159e-01 4.806810e-01 4.246465e-01 4.605044e-01 3.812579e-01 3.029291e-01 3.802815e-01 3.800648e-01 2.926539e-01 4.070798e-01 4.922393e-01 4.150392e-01 2.515136e-01 3.352774e-01 4.809295e-01 4.132144e-01 3.164036e-01 3.434539e-01 4.047643e-01 4.800488e-01 3.802551e-01 4.537391e-01 3.210631e-01 4.950464e-01 4.754769e-01 3.574211e-01 2.879016e-01 3.716020e-01 2.929420e-01 4.734526e-01 4.620197e-01 4.103500e-01 4.359967e-01 4.675256e-01 4.579460e-01 4.026466e-01 3.181909e-01 4.109984e-01 4.431843e-01 4.531174e-01 5.300287e-01 4.666187e-01 4.521975e-01 4.317101e-01 4.200228e-01 4.609410e-01 3.668544e-01 3.754037e-01 2.681620e-01 5.174286e-01 3.610797e-01 4.547697e-01 4.342851e-01 3.618673e-01 4.613428e-01 3.788599e-01 4.718339e-01 5.019631e-01 4.373881e-01 4.900774e-01 4.060410e-01 5.740441e-01 4.603361e-01 4.162681e-01 4.861777e-01 4.767573e-01 4.778463e-01 3.797345e-01 3.843988e-01 3.701110e-01 4.479523e-01 3.707729e-01 4.689923e-01 2.764674e-01 2.658754e-01 4.169075e-01 3.980057e-01 3.596460e-01 3.094936e-01 4.397699e-01 4.943362e-01 2.939985e-01 3.369364e-01 4.581895e-01 5.402721e-01 4.967132e-01 3.288269e-01 5.217767e-01 3.781928e-01 3.938507e-01 5.016354e-01 4.271501e-01 6.169727e-01 3.725083e-01 4.619818e-01 5.771225e-01 4.669165e-01 4.998413e-01 3.775243e-01 3.469273e-01 4.651125e-01 4.905410e-01 3.891450e-01 3.750915e-01 3.568033e-01 4.406326e-01 4.509320e-01 2.887385e-01 3.660335e-01 4.435967e-01 4.337299e-01
<VARIANCE> 142
 2.000000e-01 2.000000e-01 2.000000e-01 2.000000e-01 2.000000e-01 2.000000e-01 2.000000e-01 2.000000e-01 2.000000e-01 2.000000e-01 2.000000e-01 2.000000e-01 2.000000e-01 2.000000e-01 2.000000e-01 2.000000e-01 2.000000e-01 2.000000e-01 2.000000e-01 2.000000e-01 2.000000e-01 2.000000e-01 2.000000e-01 2.000000e-01 2.000000e-01 2.000000e-01 2.000000e-01 2.000000e-01 2.000000e-01 2.000000e-01 2.000000e-01 2.000000e-01 2.000000e-01 2.000000e-01 2.000000e-01 2.000000e-01 2.000000e-01 2.000000e-01 2.000000e-01 2.000000e-01 2.000000e-01 2.000000e-01 2.000000e-01 2.000000e-01 2.000000e-01 2.000000e-01 2.000000e-01 2.000000e-01 2.000000e-01 2.000000e-01 2.000000e-01 2.000000e-01 2.000000e-01 2.000000e-01 2.000000e-01 2.000000e-01 2.000000e-01 2.000000e-01 2.000000e-01 2.000000e-01 2.000000e-01 2.000000e-01 2.000000e-01 2.000000e-01 2.000000e-01 2.000000e-01 2.000000e-01 2.000000e-01 2.000000e-01 2.000000e-01 2.000000e-01 2.000000e-01 2.000000e-01 2.000000e-01 2.000000e-01 2.000000e-01 2.000000e-01 2.000000e-01 2.000000e-01 2.000000e-01 2.000000e-01 2.000000e-01 2.000000e-01 2.000000e-01 2.000000e-01 2.000000e-01 2.000000e-01 2.000000e-01 2.000000e-01 2.000000e-01 2.000000e-01 2.000000e-01 2.000000e-01 2.000000e-01 2.000000e-01 2.000000e-01 2.000000e-01 2.000000e-01 2.000000e-01 2.000000e-01 2.000000e-01 2.000000e-01 2.000000e-01 2.000000e-01 2.000000e-01 2.000000e-01 2.000000e-01 2.000000e-01 2.000000e-01 2.000000e-01 2.000000e-01 2.000000e-01 2.000000e-01 2.000000e-01 2.000000e-01 2.000000e-01 2.000000e-01 2.000000e-01 2.000000e-01 2.000000e-01 2.000000e-01 2.000000e-01 2.000000e-01 2.000000e-01 2.000000e-01 2.000000e-01 2.000000e-01 2.000000e-01 2.000000e-01 2.000000e-01 2.000000e-01 2.000000e-01 2.000000e-01 2.000000e-01 2.000000e-01 2.000000e-01 2.000000e-01 2.000000e-01 2.000000e-01 2.000000e-01 2.000000e-01 2.000000e-01
<GCONST> 3.243863e+01
<TRANSP> 4
 0.000000e+00 1.000000e+00 0.000000e+00 0.000000e+00
 0.000000e+00 8.369134e-01 1.630866e-01 0.000000e+00
 0.000000e+00 0.000000e+00 8.780729e-01 1.219271e-01
 0.000000e+00 0.000000e+00 0.000000e+00 0.000000e+00
<ENDHMM>
