~o
<STREAMINFO> 1 142
<VECSIZE> 142<NULLD><USER><DIAGC>
~h "chicken"
<BEGINHMM>
<NUMSTATES> 4
<STATE> 2
<MEAN> 142
 6.456457e-01 3.081593e-01 3.646685e-01 3.801824e-01 3.254990e-01 3.429213e-01 3.840125e-01 3.576869e-01 3.262134e-01 4.181392e-01 3.811089e-01 3.740306e-01 3.730294e-01 4.238102e-01 3.174901e-01 3.577991e-01 3.818736e-01 3.529560e-01 2.923599e-01 3.666576e-01 4.697119e-01 4.092544e-01 3.469811e-01 4.381116e-01 4.418509e-01 3.658491e-01 4.029929e-01 3.809090e-01 3.612475e-01 3.415108e-01 4.552625e-01 4.282140e-01 4.574845e-01 4.555227e-01 4.212880e-01 3.267341e-01 3.344718e-01 2.606660e-01 3.131930e-01 3.571006e-01 3.605430e-01 4.311893e-01 2.735916e-01 3.596876e-01 2.522816e-01 4.067934e-01 4.428254e-01 3.831739e-01 4.076533e-01 2.816902e-01 4.473205e-01 3.492322e-01 3.927786e-01 2.566979e-01 4.554842e-01 3.273858e-01 3.815112e-01 3.387613e-01 3.358716e-01 3.178704e-01 4.301760e-01 5.017493e-01 3.671992e-01 3.760383e-01 3.722547e-01 4.249593e-01 3.339125e-01 4.232621e-01 4.584860e-01 3.678652e-01 4.553317e-01 4.136283e-01 4.309254e-01 3.826639e-01 3.284357e-01 3.693678e-01 4.781334e-01 4.063281e-01 4.394746e-01 4.112436e-01 4.054243e-01 3.495124e-01 3.384929e-01 4.385063e-01 3.745379e-01 4.469455e-01 3.703614e-01 3.887570e-01 4.300728e-01 4.013079e-01 3.116985e-01 3.603922e-01 3.759862e-01 3.143506e-01 4.352784e-01 4.357792e-01 4.544457e-01 2.691882e-01 4.516413e-01 4.016214e-01 3.623742e-01 4.828052e-01 3.198536e-01 2.991097e-01 3.229464e-01 2.996862e-01 3.707235e-01 3.043324e-01 3.921271e-01 4.090485e-01 3.483872e-01 2.970726e-01 3.630473e-01 3.347642e-01 3.810014e-01 3.604045e-01 3.071076e-01 4.223653e-01 3.813733e-01 3.730672e-01 3.976774e-01 4.653349e-01 4.461936e-01 3.973333e-01 4.418699e-01 3.960547e-01 3.591240e-01 3.197150e-01 3.208950e-01 4.295639e-01 3.762601e-01 3.576246e-01 3.720140e-01 3.458095e-01 3.612792e-01 4.264485e-01 4.314033e-01 4.012637e-01 4.005384e-01 3.708172e-01 4.794394e-01 4.273769e-01
<VARIANCE> 142
 2.000000e-01 2.000000e-01 2.000000e-01 2.000000e-01 2.000000e-01 2.000000e-01 2.000000e-01 2.000000e-01 2.000000e-01 2.000000e-01 2.000000e-01 2.000000e-01 2.000000e-01 2.000000e-01 2.000000e-01 2.000000e-01 2.000000e-01 2.000000e-01 2.000000e-01 2.000000e-01 2.000000e-01 2.000000e-01 2.000000e-01 2.000000e-01 2.000000e-01 2.000000e-01 2.000000e-01 2.000000e-01 2.000000e-01 2.000000e-01 2.000000e-01 2.000000e-01 2.000000e-01 2.000000e-01 2.000000e-01 2.000000e-01 2.000000e-01 2.000000e-01 2.000000e-01 2.000000e-01 2.000000e-01 2.000000e-01 2.000000e-01 2.000000e-01 2.000000e-01 2.000000e-01 2.000000e-01 2.000000e-01 2.000000e-01 2.000000e-01 2.000000e-01 2.000000e-01 2.000000e-01 2.000000e-01 2.000000e-01 2.000000e-01 2.000000e-01 2.000000e-01 2.000000e-01 2.000000e-01 2.000000e-01 2.000000e-01 2.000000e-01 2.000000e-01 2.000000e-01 2.000000e-01 2.000000e-01 2.000000e-01 2.000000e-01 2.000000e-01 2.000000e-01 2.000000e-01 2.000000e-01 2.000000e-01 2.000000e-01 2.000000e-01 2.000000e-01 2.000000e-01 2.000000e-01 2.000000e-01 2.000000e-01 2.000000e-01 2.000000e-01 2.000000e-01 2.000000e-01 2.000000e-01 2.000000e-01 2.000000e-01 2.000000e-01 2.000000e-01 2.000000e-01 2.000000e-01 2.000000e-01 2.000000e-01 2.000000e-01 2.000000e-01 2.000000e-01 2.000000e-01 2.000000e-01 2.000000e-01 2.000000e-01 2.000000e-01 2.000000e-01 2.000000e-01 2.000000e-01 2.000000e-01 2.000000e-01 2.000000e-01 2.000000e-01 2.000000e-01 2.000000e-01 2.000000e-01 2.000000e-01 2.000000e-01 2.000000e-01 2.000000e-01 2.000000e-01 2.000000e-01 2.000000e-01 2.000000e-01 2.000000e-01 2.000000e-01 2.000000e-01 2.000000e-01 2.000000e-01 2.000000e-01 2.000000e-01 2.000000e-01 2.000000e-01 2.000000e-01 2.000000e-01 2.000000e-01 2.000000e-01 2.000000e-01 2.000000e-01 2.000000e-01 2.000000e-01 2.000000e-01 2.000000e-01 2.000000e-01 2.000000e-01 2.000000e-01
<GCONST> 3.243863e+01
<STATE> 3
<MEAN> 142
 5.306020e-01 3.982444e-01 3.106903e-01 3.037067e-01 2.776047e-01 1.804319e-01 3.081519e-01 2.921878e-01 2.915888e-01 4.510306e-01 3.828361e-01 3.750156e-01 3.362378e-01 4.041210e-01 4.002036e-01 3.258884e-01 4.717463e-01 5.186080e-01 2.142216e-01 3.045000e-01 4.360057e-01 4.757098e-01 3.223600e-01 5.292787e-01 4.739240e-01 3.458166e-01 3.622629e-01 4.132128e-01 5.169233e-01 4.086674e-01 4.567972e-01 4.210990e-01 3.132915e-01 5.061682e-01 4.373302e-01 4.141552e-01 3.680859e-01 4.152168e-01 4.833110e-01 2.871079e-01 4.254829e-01 6.216407e-01 3.340393e-01 2.642303e-01 1.743317e-01 4.255578e-01 4.428959e-01 3.947280e-01 4.495521e-01 2.979016e-01 4.142002e-01 4.048479e-01 4.271281e-01 2.829721e-01 4.408869e-01 4.090628e-01 3.403816e-01 2.343693e-01 3.056197e-01 2.687398e-01 3.417383e-01 4.481766e-01 3.594652e-01 3.688113e-01 3.755197e-01 4.527061e-01 4.111030e-01 3.271992e-01 3.508569e-01 4.121478e-01 4.181051e-01 2.789129e-01 4.355063e-01 3.676327e-01 2.383018e-01 3.427315e-01 3.967054e-01 4.142152e-01 4.637777e-01 4.400481e-01 4.929001e-01 4.325236e-01 5.172890e-01 3.929289e-01 2.748626e-01 3.604895e-01 3.376594e-01 3.591095e-01 4.719682e-01 2.805368e-01 3.394729e-01 2.585167e-01 4.476987e-01 3.418236e-01 4.714980e-01 4.279053e-01 5.104097e-01 3.789019e-01 4.967407e-01 3.603008e-01 4.028721e-01 4.722365e-01 2.791694e-01 4.267566e-01 2.993667e-01 3.236504e-01 3.811487e-01 4.314018e-01 3.015936e-01 3.520585e-01 3.240541e-01 3.566325e-01 2.948575e-01 3.905993e-01 3.898109e-01 3.510416e-01 3.929377e-01 4.689299e-01 4.133061e-01 3.461922e-01 4.728829e-01 5.020803e-01 4.750214e-01 3.522055e-01 3.723555e-01 4.493506e-01 3.946344e-01 4.605395e-01 4.006270e-01 3.255135e-01 3.527434e-01 5.076581e-01 3.309384e-01 4.300393e-01 4.963077e-01 4.775942e-01 4.348834e-01 5.118710e-01 3.615141e-01 4.301606e-01 4.751121e-01 3.487450e-01
<VARIANCE> 142
 2.000000e-01 2.000000e-01 2.000000e-01 2.000000e-01 2.000000e-01 2.000000e-01 2.000000e-01 2.000000e-01 2.000000e-01 2.000000e-01 2.000000e-01 2.000000e-01 2.000000e-01 2.000000e-01 2.000000e-01 2.000000e-01 2.000000e-01 2.000000e-01 2.000000e-01 2.000000e-01 2.000000e-01 2.000000e-01 2.000000e-01 2.000000e-01 2.000000e-01 2.000000e-01 2.000000e-01 2.000000e-01 2.000000e-01 2.000000e-01 2.000000e-01 2.000000e-01 2.000000e-01 2.000000e-01 2.000000e-01 2.000000e-01 2.000000e-01 2.000000e-01 2.000000e-01 2.000000e-01 2.000000e-01 2.000000e-01 2.000000e-01 2.000000e-01 2.000000e-01 2.000000e-01 2.000000e-01 2.000000e-01 2.000000e-01 2.000000e-01 2.000000e-01 2.000000e-01 2.000000e-01 2.000000e-01 2.000000e-01 2.000000e-01 2.000000e-01 2.000000e-01 2.000000e-01 2.000000e-01 2.000000e-01 2.000000e-01 2.000000e-01 2.000000e-01 2.000000e-01 2.000000e-01 2.000000e-01 2.000000e-01 2.000000e-01 2.000000e-01 2.000000e-01 2.000000e-01 2.000000e-01 2.000000e-01 2.000000e-01 2.000000e-01 2.000000e-01 2.000000e-01 2.000000e-01 2.000000e-01 2.000000e-01 2.000000e-01 2.000000e-01 2.000000e-01 2.000000e-01 2.000000e-01 2.000000e-01 2.000000e-01 2.000000e-01 2.000000e-01 2.000000e-01 2.000000e-01 2.000000e-01 2.000000e-01 2.000000e-01 2.000000e-01 2.000000e-01 2.000000e-01 2.000000e-01 2.000000e-01 2.000000e-01 2.000000e-01 2.000000e-01 2.000000e-01 2.000000e-01 2.000000e-01 2.000000e-01 2.000000e-01 2.000000e-01 2.000000e-01 2.000000e-01 2.000000e-01 2.000000e-01 2.000000e-01 2.000000e-01 2.000000e-01 2.000000e-01 2.000000e-01 2.000000e-01 2.000000e-01 2.000000e-01 2.000000e-01 2.000000e-01 2.000000e-01 2.000000e-01 2.000000e-01 2.000000e-01 2.000000e-01 2.000000e-01 2.000000e-01 2.000000e-01 2.000000e-01 2.000000e-01 2.000000e-01 2.000000e-01 2.000000e-01 2.000000e-01 2.000000e-01 2.000000e-01 2.000000e-01 2.000000e-01 2.000000e-01
<GCONST> 3.243863e+01
<TRANSP> 4
 0.000000e+00 1.000000e+00 0.000000e+00 0.000000e+00
 0.000000e+00 8.686393e-01 1.313607e-01 0.000000e+00
 0.000000e+00 0.000000e+00 8.635474e-01 1.364526e-01
 0.000000e+00 0.000000e+00 0.000000e+00 0.000000e+00
<ENDHMM>
