~o
<STREAMINFO> 1 142
<VECSIZE> 142<NULLD><USER><DIAGC>
~h "christmas"
<BEGINHMM>
<NUMSTATES> 4
<STATE> 2
<MEAN> 142
 5.615003e-01 3.945409e-01 3.586344e-01 3.715045e-01 3.313996e-01 2.595287e-01 3.142356e-01 3.266152e-01 3.444097e-01 4.292612e-01 4.642771e-01 3.919930e-01 3.380722e-01 4.613519e-01 3.773021e-01 3.620518e-01 4.134398e-01 3.880156e-01 2.915810e-01 3.295715e-01 4.891737e-01 5.157736e-01 3.404018e-01 5.280545e-01 4.797957e-01 3.551778e-01 4.094517e-01 4.101996e-01 4.578524e-01 3.883840e-01 4.682841e-01 4.677771e-01 3.757534e-01 4.964345e-01 4.246277e-01 3.976375e-01 4.074742e-01 3.054953e-01 4.243299e-01 3.461081e-01 3.602899e-01 4.916451e-01 3.395782e-01 3.034170e-01 1.873201e-01 4.116359e-01 5.008511e-01 4.025160e-01 4.493963e-01 3.182706e-01 4.811144e-01 3.506238e-01 4.452256e-01 2.367587e-01 4.570912e-01 3.834338e-01 3.825248e-01 3.396999e-01 3.124205e-01 3.194131e-01 3.720853e-01 4.673541e-01 3.725533e-01 3.907874e-01 3.851177e-01 4.889205e-01 3.169668e-01 3.891275e-01 4.017774e-01 3.801825e-01 4.424047e-01 3.322928e-01 4.203486e-01 3.915236e-01 2.773383e-01 2.949173e-01 4.812337e-01 5.152618e-01 4.484000e-01 4.506007e-01 4.553187e-01 4.275377e-01 3.710708e-01 4.456445e-01 3.339462e-01 4.111057e-01 3.794270e-01 4.155507e-01 4.618546e-01 3.339298e-01 3.297327e-01 2.869467e-01 4.264962e-01 3.074899e-01 4.752786e-01 4.240699e-01 4.668171e-01 2.931149e-01 4.879004e-01 3.945742e-01 4.064098e-01 5.313463e-01 3.336614e-01 3.596867e-01 3.582341e-01 3.135905e-01 3.459447e-01 3.786541e-01 3.541026e-01 3.450288e-01 3.415262e-01 3.404017e-01 3.654822e-01 4.129569e-01 4.004987e-01 3.841887e-01 3.890895e-01 4.506720e-01 4.055306e-01 3.799707e-01 4.589798e-01 5.061035e-01 4.586720e-01 3.614262e-01 3.427698e-01 4.252211e-01 4.162056e-01 3.560312e-01 3.498908e-01 3.730580e-01 3.943030e-01 4.934024e-01 3.125309e-01 4.167962e-01 4.889302e-01 4.742548e-01 4.255855e-01 4.971065e-01 3.826922e-01 5.055380e-01 4.770879e-01 4.460612e-01
<VARIANCE> 142
 2.000000e-01 2.000000e-01 2.000000e-01 2.000000e-01 2.000000e-01 2.000000e-01 2.000000e-01 2.000000e-01 2.000000e-01 2.000000e-01 2.000000e-01 2.000000e-01 2.000000e-01 2.000000e-01 2.000000e-01 2.000000e-01 2.000000e-01 2.000000e-01 2.000000e-01 2.000000e-01 2.000000e-01 2.000000e-01 2.000000e-01 2.000000e-01 2.000000e-01 2.000000e-01 2.000000e-01 2.000000e-01 2.000000e-01 2.000000e-01 2.000000e-01 2.000000e-01 2.000000e-01 2.000000e-01 2.000000e-01 2.000000e-01 2.000000e-01 2.000000e-01 2.000000e-01 2.000000e-01 2.000000e-01 2.000000e-01 2.000000e-01 2.000000e-01 2.000000e-01 2.000000e-01 2.000000e-01 2.000000e-01 2.000000e-01 2.000000e-01 2.000000e-01 2.000000e-01 2.000000e-01 2.000000e-01 2.000000e-01 2.000000e-01 2.000000e-01 2.000000e-01 2.000000e-01 2.000000e-01 2.000000e-01 2.000000e-01 2.000000e-01 2.000000e-01 2.000000e-01 2.000000e-01 2.000000e-01 2.000000e-01 2.000000e-01 2.000000e-01 2.000000e-01 2.000000e-01 2.000000e-01 2.000000e-01 2.000000e-01 2.000000e-01 2.000000e-01 2.000000e-01 2.000000e-01 2.000000e-01 2.000000e-01 2.000000e-01 2.000000e-01 2.000000e-01 2.000000e-01 2.000000e-01 2.000000e-01 2.000000e-01 2.000000e-01 2.000000e-01 2.000000e-01 2.000000e-01 2.000000e-01 2.000000e-01 2.000000e-01 2.000000e-01 2.000000e-01 2.000000e-01 2.000000e-01 2.000000e-01 2.000000e-01 2.000000e-01 2.000000e-01 2.000000e-01 2.000000e-01 2.000000e-01 2.000000e-01 2.000000e-01 2.000000e-01 2.000000e-01 2.000000e-01 2.000000e-01 2.000000e-01 2.000000e-01 2.000000e-01 2.000000e-01 2.000000e-01 2.000000e-01 2.000000e-01 2.000000e-01 2.000000e-01 2.000000e-01 2.000000e-01 2.000000e-01 2.000000e-01 2.000000e-01 2.000000e-01 2.000000e-01 2.000000e-01 2.000000e-01 2.000000e-01 2.000000e-01 2.000000e-01 2.000000e-01 2.000000e-01 2.000000e-01 2.000000e-01 2.000000e-01 2.000000e-01 2.000000e-01 2.000000e-01 2.000000e-01
<GCONST> 3.243863e+01
<STATE> 3
<MEAN> 142
 5.442581e-01 3.939121e-01 3.145568e-01 2.882998e-01 2.630657e-01 3.125366e-01 2.649542e-01 2.403768e-01 5.042903e-01 4.149773e-01 5.566235e-01 5.353871e-01 4.354005e-01 5.756626e-01 3.219752e-01 2.582724e-01 3.435217e-01 4.389340e-01 3.948276e-01 4.351708e-01 2.888661e-01 3.302148e-01 3.690584e-01 3.679626e-01 4.814861e-01 4.755058e-01 3.587947e-01 4.971648e-01 4.516959e-01 5.037009e-01 4.453937e-01 3.991213e-01 2.931149e-01 4.026014e-01 4.509657e-01 3.414220e-01 3.270830e-01 4.985500e-01 3.489902e-01 3.361841e-01 4.775483e-01 4.418229e-01 4.365575e-01 2.764381e-01 2.351708e-01 4.161647e-01 3.374071e-01 4.167565e-01 2.995264e-01 4.614971e-01 5.138833e-01 5.223193e-01 4.826513e-01 4.171257e-01 4.552297e-01 4.536194e-01 3.727151e-01 2.933337e-01 3.734877e-01 2.253264e-01 4.063036e-01 4.229298e-01 4.690235e-01 5.164430e-01 5.758818e-01 3.462570e-01 5.204347e-01 3.343020e-01 3.869024e-01 5.530410e-01 4.780858e-01 4.449637e-01 3.516867e-01 3.910890e-01 3.108690e-01 4.237709e-01 3.913162e-01 4.073806e-01 4.470400e-01 3.329054e-01 5.143336e-01 4.177432e-01 3.847874e-01 3.202052e-01 3.677664e-01 3.070423e-01 4.839567e-01 5.312826e-01 4.291779e-01 3.525859e-01 4.862158e-01 2.548932e-01 4.633506e-01 5.301992e-01 3.886139e-01 4.997174e-01 3.920439e-01 4.825565e-01 4.348121e-01 4.659721e-01 4.192186e-01 3.432387e-01 4.356849e-01 5.269483e-01 2.750238e-01 3.275523e-01 5.308678e-01 5.368659e-01 4.476057e-01 2.905923e-01 4.833471e-01 4.479240e-01 2.771117e-01 2.858870e-01 3.864511e-01 5.113372e-01 4.050046e-01 3.507192e-01 5.303169e-01 3.932293e-01 4.615214e-01 4.230908e-01 4.807585e-01 4.536238e-01 3.164618e-01 3.887566e-01 4.837749e-01 4.810154e-01 5.736073e-01 3.304392e-01 3.093549e-01 3.800698e-01 4.797736e-01 4.956640e-01 4.340127e-01 4.038271e-01 3.464957e-01 3.936542e-01 3.694759e-01 2.739848e-01 3.589654e-01 4.008213e-01
<VARIANCE> 142
 2.000000e-01 2.000000e-01 2.000000e-01 2.000000e-01 2.000000e-01 2.000000e-01 2.000000e-01 2.000000e-01 2.000000e-01 2.000000e-01 2.000000e-01 2.000000e-01 2.000000e-01 2.000000e-01 2.000000e-01 2.000000e-01 2.000000e-01 2.000000e-01 2.000000e-01 2.000000e-01 2.000000e-01 2.000000e-01 2.000000e-01 2.000000e-01 2.000000e-01 2.000000e-01 2.000000e-01 2.000000e-01 2.000000e-01 2.000000e-01 2.000000e-01 2.000000e-01 2.000000e-01 2.000000e-01 2.000000e-01 2.000000e-01 2.000000e-01 2.000000e-01 2.000000e-01 2.000000e-01 2.000000e-01 2.000000e-01 2.000000e-01 2.000000e-01 2.000000e-01 2.000000e-01 2.000000e-01 2.000000e-01 2.000000e-01 2.000000e-01 2.000000e-01 2.000000e-01 2.000000e-01 2.000000e-01 2.000000e-01 2.000000e-01 2.000000e-01 2.000000e-01 2.000000e-01 2.000000e-01 2.000000e-01 2.000000e-01 2.000000e-01 2.000000e-01 2.000000e-01 2.000000e-01 2.000000e-01 2.000000e-01 2.000000e-01 2.000000e-01 2.000000e-01 2.000000e-01 2.000000e-01 2.000000e-01 2.000000e-01 2.000000e-01 2.000000e-01 2.000000e-01 2.000000e-01 2.000000e-01 2.000000e-01 2.000000e-01 2.000000e-01 2.000000e-01 2.000000e-01 2.000000e-01 2.000000e-01 2.000000e-01 2.000000e-01 2.000000e-01 2.000000e-01 2.000000e-01 2.000000e-01 2.000000e-01 2.000000e-01 2.000000e-01 2.000000e-01 2.000000e-01 2.000000e-01 2.000000e-01 2.000000e-01 2.000000e-01 2.000000e-01 2.000000e-01 2.000000e-01 2.000000e-01 2.000000e-01 2.000000e-01 2.000000e-01 2.000000e-01 2.000000e-01 2.000000e-01 2.000000e-01 2.000000e-01 2.000000e-01 2.000000e-01 2.000000e-01 2.000000e-01 2.000000e-01 2.000000e-01 2.000000e-01 2.000000e-01 2.000000e-01 2.000000e-01 2.000000e-01 2.000000e-01 2.000000e-01 2.000000e-01 2.000000e-01 2.000000e-01 2.000000e-01 2.000000e-01 2.000000e-01 2.000000e-01 2.000000e-01 2.000000e-01 2.000000e-01 2.000000e-01 2.000000e-01 2.000000e-01 2.000000e-01 2.000000e-01
<GCONST> 3.243863e+01
<TRANSP> 4
 0.000000e+00 1.000000e+00 0.000000e+00 0.000000e+00
 0.000000e+00 9.028444e-01 9.715556e-02 0.000000e+00
 0.000000e+00 0.000000e+00 7.756452e-01 2.243548e-01
 0.000000e+00 0.000000e+00 0.000000e+00 0.000000e+00
<ENDHMM>
