~o
<STREAMINFO> 1 142
<VECSIZE> 142<NULLD><USER><DIAGC>
~h "coffee"
<BEGINHMM>
<NUMSTATES> 4
<STATE> 2
<MEAN> 142
 6.142278e-01 3.418154e-01 4.059428e-01 3.840998e-01 3.119926e-01 3.424261e-01 4.244254e-01 4.077755e-01 3.775728e-01 4.067549e-01 4.731866e-01 3.997991e-01 3.867657e-01 4.389375e-01 3.098417e-01 4.074940e-01 4.265839e-01 3.758575e-01 3.090351e-01 3.857121e-01 5.010805e-01 4.982621e-01 4.072959e-01 4.586559e-01 4.530026e-01 4.292191e-01 4.212881e-01 4.027362e-01 3.856961e-01 3.623328e-01 5.000238e-01 4.410935e-01 5.149041e-01 4.765001e-01 4.270574e-01 3.743129e-01 3.861174e-01 2.727696e-01 3.015246e-01 3.933233e-01 3.285601e-01 4.048338e-01 2.981830e-01 3.295231e-01 3.098863e-01 4.259426e-01 4.403087e-01 4.371814e-01 4.259585e-01 3.118429e-01 4.944900e-01 3.703139e-01 4.416318e-01 2.470228e-01 4.449425e-01 3.620675e-01 3.780044e-01 3.791515e-01 3.257266e-01 4.040550e-01 4.690727e-01 5.105551e-01 3.972009e-01 4.220732e-01 3.887401e-01 5.215977e-01 3.381488e-01 4.082451e-01 4.718484e-01 3.003249e-01 4.520156e-01 4.231944e-01 4.073119e-01 4.162138e-01 3.721920e-01 3.860472e-01 4.777835e-01 4.266945e-01 4.488536e-01 4.801312e-01 4.157467e-01 3.247398e-01 3.546202e-01 4.133169e-01 4.044173e-01 4.598286e-01 4.020371e-01 3.781940e-01 4.507612e-01 3.818594e-01 3.130109e-01 3.987335e-01 3.978429e-01 3.359648e-01 4.476032e-01 4.591195e-01 4.327308e-01 3.026993e-01 4.414396e-01 4.934879e-01 3.616768e-01 5.143776e-01 3.481811e-01 3.113810e-01 3.495269e-01 3.124155e-01 3.255855e-01 3.222825e-01 4.253451e-01 4.440483e-01 3.722041e-01 3.273869e-01 4.451099e-01 3.258075e-01 3.660838e-01 4.256504e-01 3.272027e-01 4.515248e-01 4.192634e-01 4.228583e-01 3.859038e-01 5.020553e-01 4.336680e-01 3.581541e-01 4.368227e-01 4.014856e-01 3.700981e-01 2.913095e-01 2.958958e-01 4.313250e-01 4.857443e-01 3.587384e-01 3.434708e-01 3.909563e-01 3.449917e-01 3.875153e-01 5.007192e-01 4.030025e-01 4.151958e-01 3.937205e-01 4.611059e-01 4.834908e-01
<VARIANCE> 142
 2.000000e-01 2.000000e-01 2.000000e-01 2.000000e-01 2.000000e-01 2.000000e-01 2.000000e-01 2.000000e-01 2.000000e-01 2.000000e-01 2.000000e-01 2.000000e-01 2.000000e-01 2.000000e-01 2.000000e-01 2.000000e-01 2.000000e-01 2.000000e-01 2.000000e-01 2.000000e-01 2.000000e-01 2.000000e-01 2.000000e-01 2.000000e-01 2.000000e-01 2.000000e-01 2.000000e-01 2.000000e-01 2.000000e-01 2.000000e-01 2.000000e-01 2.000000e-01 2.000000e-01 2.000000e-01 2.000000e-01 2.000000e-01 2.000000e-01 2.000000e-01 2.000000e-01 2.000000e-01 2.000000e-01 2.000000e-01 2.000000e-01 2.000000e-01 2.000000e-01 2.000000e-01 2.000000e-01 2.000000e-01 2.000000e-01 2.000000e-01 2.000000e-01 2.000000e-01 2.000000e-01 2.000000e-01 2.000000e-01 2.000000e-01 2.000000e-01 2.000000e-01 2.000000e-01 2.000000e-01 2.000000e-01 2.000000e-01 2.000000e-01 2.000000e-01 2.000000e-01 2.000000e-01 2.000000e-01 2.000000e-01 2.000000e-01 2.000000e-01 2.000000e-01 2.000000e-01 2.000000e-01 2.000000e-01 2.000000e-01 2.000000e-01 2.000000e-01 2.000000e-01 2.000000e-01 2.000000e-01 2.000000e-01 2.000000e-01 2.000000e-01 2.000000e-01 2.000000e-01 2.000000e-01 2.000000e-01 2.000000e-01 2.000000e-01 2.000000e-01 2.000000e-01 2.000000e-01 2.000000e-01 2.000000e-01 2.000000e-01 2.000000e-01 2.000000e-01 2.000000e-01 2.000000e-01 2.000000e-01 2.000000e-01 2.000000e-01 2.000000e-01 2.000000e-01 2.000000e-01 2.000000e-01 2.000000e-01 2.000000e-01 2.000000e-01 2.000000e-01 2.000000e-01 2.000000e-01 2.000000e-01 2.000000e-01 2.000000e-01 2.000000e-01 2.000000e-01 2.000000e-01 2.000000e-01 2.000000e-01 2.000000e-01 2.000000e-01 2.000000e-01 2.000000e-01 2.000000e-01 2.000000e-01 2.000000e-01 2.000000e-01 2.000000e-01 2.000000e-01 2.000000e-01 2.000000e-01 2.000000e-01 2.000000e-01 2.000000e-01 2.000000e-01 2.000000e-01 2.000000e-01 2.000000e-01 2.000000e-01 2.000000e-01 2.000000e-01
<GCONST> 3.243863e+01
<STATE> 3
<MEAN> 142
 5.649762e-01 3.754181e-01 3.623126e-01 3.269725e-01 3.275848e-01 3.598373e-01 3.500634e-01 4.036301e-01 3.742585e-01 4.795889e-01 4.527625e-01 5.002586e-01 4.865245e-01 4.917691e-01 4.642416e-01 3.865232e-01 5.127712e-01 4.873657e-01 2.762800e-01 4.158637e-01 4.074512e-01 4.120147e-01 3.394009e-01 4.674139e-01 4.356429e-01 4.491072e-01 3.990194e-01 5.165815e-01 4.893441e-01 5.232723e-01 5.298144e-01 4.071742e-01 3.550540e-01 4.367376e-01 4.342624e-01 4.458245e-01 4.057494e-01 5.025169e-01 4.118022e-01 4.465138e-01 5.043201e-01 4.912938e-01 3.601967e-01 3.673817e-01 2.752895e-01 4.209336e-01 3.904279e-01 4.667187e-01 4.507337e-01 3.533770e-01 4.737252e-01 5.303600e-01 5.451575e-01 3.150701e-01 4.652177e-01 4.253254e-01 3.872706e-01 2.653058e-01 3.653943e-01 2.885176e-01 4.717731e-01 4.563113e-01 4.096364e-01 4.662735e-01 4.652874e-01 3.983016e-01 5.587370e-01 3.693877e-01 3.639910e-01 5.107362e-01 4.533546e-01 3.996370e-01 4.768471e-01 4.123955e-01 3.635342e-01 4.671578e-01 4.063816e-01 3.554251e-01 4.537962e-01 3.466368e-01 5.064346e-01 3.945592e-01 5.636830e-01 3.940788e-01 3.466971e-01 4.021811e-01 3.831982e-01 4.363738e-01 4.411412e-01 4.063415e-01 4.261704e-01 4.002624e-01 4.946385e-01 4.752471e-01 4.692446e-01 4.986987e-01 4.567523e-01 4.458245e-01 4.764918e-01 3.890623e-01 4.282474e-01 4.350401e-01 3.539419e-01 4.417301e-01 3.662332e-01 3.437580e-01 4.515485e-01 4.701174e-01 4.394294e-01 3.397657e-01 4.638528e-01 4.634250e-01 3.411133e-01 4.274270e-01 3.973147e-01 4.520013e-01 4.361196e-01 3.586769e-01 4.695815e-01 3.651039e-01 3.969910e-01 4.489220e-01 4.384894e-01 4.397552e-01 3.728431e-01 4.011064e-01 5.161424e-01 4.482690e-01 4.287478e-01 3.488335e-01 4.121476e-01 4.582099e-01 4.300375e-01 4.624372e-01 4.648974e-01 4.168770e-01 4.755224e-01 4.817922e-01 4.894176e-01 3.710952e-01 4.785490e-01 4.211337e-01
<VARIANCE> 142
 2.000000e-01 2.000000e-01 2.000000e-01 2.000000e-01 2.000000e-01 2.000000e-01 2.000000e-01 2.000000e-01 2.000000e-01 2.000000e-01 2.000000e-01 2.000000e-01 2.000000e-01 2.000000e-01 2.000000e-01 2.000000e-01 2.000000e-01 2.000000e-01 2.000000e-01 2.000000e-01 2.000000e-01 2.000000e-01 2.000000e-01 2.000000e-01 2.000000e-01 2.000000e-01 2.000000e-01 2.000000e-01 2.000000e-01 2.000000e-01 2.000000e-01 2.000000e-01 2.000000e-01 2.000000e-01 2.000000e-01 2.000000e-01 2.000000e-01 2.000000e-01 2.000000e-01 2.000000e-01 2.000000e-01 2.000000e-01 2.000000e-01 2.000000e-01 2.000000e-01 2.000000e-01 2.000000e-01 2.000000e-01 2.000000e-01 2.000000e-01 2.000000e-01 2.000000e-01 2.000000e-01 2.000000e-01 2.000000e-01 2.000000e-01 2.000000e-01 2.000000e-01 2.000000e-01 2.000000e-01 2.000000e-01 2.000000e-01 2.000000e-01 2.000000e-01 2.000000e-01 2.000000e-01 2.000000e-01 2.000000e-01 2.000000e-01 2.000000e-01 2.000000e-01 2.000000e-01 2.000000e-01 2.000000e-01 2.000000e-01 2.000000e-01 2.000000e-01 2.000000e-01 2.000000e-01 2.000000e-01 2.000000e-01 2.000000e-01 2.000000e-01 2.000000e-01 2.000000e-01 2.000000e-01 2.000000e-01 2.000000e-01 2.000000e-01 2.000000e-01 2.000000e-01 2.000000e-01 2.000000e-01 2.000000e-01 2.000000e-01 2.000000e-01 2.000000e-01 2.000000e-01 2.000000e-01 2.000000e-01 2.000000e-01 2.000000e-01 2.000000e-01 2.000000e-01 2.000000e-01 2.000000e-01 2.000000e-01 2.000000e-01 2.000000e-01 2.000000e-01 2.000000e-01 2.000000e-01 2.000000e-01 2.000000e-01 2.000000e-01 2.000000e-01 2.000000e-01 2.000000e-01 2.000000e-01 2.000000e-01 2.000000e-01 2.000000e-01 2.000000e-01 2.000000e-01 2.000000e-01 2.000000e-01 2.000000e-01 2.000000e-01 2.000000e-01 2.000000e-01 2.000000e-01 2.000000e-01 2.000000e-01 2.000000e-01 2.000000e-01 2.000000e-01 2.000000e-01 2.000000e-01 2.000000e-01 2.000000e-01 2.000000e-01 2.000000e-01
<GCONST> 3.243863e+01
<TRANSP> 4
 0.000000e+00 1.000000e+00 0.000000e+00 0.000000e+00
 0.000000e+00 8.977066e-01 1.022934e-01 0.000000e+00
 0.000000e+00 0.000000e+00 7.896335e-01 2.103665e-01
 0.000000e+00 0.000000e+00 0.000000e+00 0.000000e+00
<ENDHMM>
