~o
<STREAMINFO> 1 142
<VECSIZE> 142<NULLD><USER><DIAGC>
~h "committee"
<BEGINHMM>
<NUMSTATES> 4
<STATE> 2
<MEAN> 142
 9.286646e-01 3.678274e-01 4.043423e-01 3.303823e-01 2.199434e-01 3.967446e-01 4.301156e-01 3.843919e-01 2.935922e-01 3.621209e-01 4.163197e-01 4.687242e-01 4.044162e-01 4.222035e-01 2.210068e-01 3.108810e-01 3.628148e-01 4.067831e-01 3.124195e-01 4.652443e-01 4.947168e-01 4.783544e-01 4.601975e-01 4.103899e-01 4.027409e-01 4.070112e-01 4.114939e-01 3.642281e-01 3.680462e-01 2.777559e-01 4.314883e-01 5.102889e-01 5.693702e-01 3.941894e-01 4.144928e-01 3.901693e-01 2.517516e-01 2.955126e-01 2.619954e-01 2.151289e-01 2.739906e-01 3.996942e-01 2.525453e-01 4.672419e-01 2.296394e-01 4.509256e-01 4.326610e-01 3.743388e-01 3.744075e-01 3.200993e-01 4.806527e-01 4.253881e-01 4.151895e-01 2.001337e-01 5.345359e-01 3.065199e-01 4.671134e-01 3.775813e-01 3.443616e-01 2.460366e-01 5.140157e-01 4.997767e-01 3.895272e-01 4.188898e-01 3.565923e-01 4.998265e-01 3.181380e-01 3.700624e-01 4.912696e-01 3.151008e-01 5.025156e-01 5.652183e-01 4.547860e-01 4.167079e-01 4.676915e-01 3.981362e-01 5.245464e-01 4.676423e-01 4.227919e-01 4.029049e-01 3.778496e-01 3.599274e-01 3.759504e-01 4.839174e-01 2.466235e-01 5.237483e-01 4.140344e-01 4.530758e-01 4.598693e-01 4.154718e-01 3.998676e-01 4.424191e-01 4.090216e-01 3.552562e-01 3.832299e-01 4.937910e-01 3.987825e-01 3.445660e-01 3.398663e-01 4.159786e-01 3.498815e-01 5.238512e-01 3.658174e-01 2.717917e-01 2.775943e-01 3.003081e-01 4.032831e-01 2.815073e-01 4.013208e-01 3.626051e-01 4.347219e-01 3.916547e-01 3.165419e-01 2.985207e-01 3.747360e-01 4.089136e-01 3.896020e-01 3.958735e-01 4.391133e-01 4.254649e-01 4.366685e-01 5.666898e-01 5.294598e-01 4.795107e-01 4.608931e-01 4.725095e-01 3.765687e-01 3.374009e-01 3.284068e-01 4.455152e-01 4.049706e-01 4.007051e-01 5.124620e-01 4.116434e-01 3.266790e-01 3.583264e-01 4.906747e-01 3.566138e-01 2.582030e-01 3.628728e-01 5.229671e-01 5.184506e-01
<VARIANCE> 142
 2.000000e-01 2.000000e-01 2.000000e-01 2.000000e-01 2.000000e-01 2.000000e-01 2.000000e-01 2.000000e-01 2.000000e-01 2.000000e-01 2.000000e-01 2.000000e-01 2.000000e-01 2.000000e-01 2.000000e-01 2.000000e-01 2.000000e-01 2.000000e-01 2.000000e-01 2.000000e-01 2.000000e-01 2.000000e-01 2.000000e-01 2.000000e-01 2.000000e-01 2.000000e-01 2.000000e-01 2.000000e-01 2.000000e-01 2.000000e-01 2.000000e-01 2.000000e-01 2.000000e-01 2.000000e-01 2.000000e-01 2.000000e-01 2.000000e-01 2.000000e-01 2.000000e-01 2.000000e-01 2.000000e-01 2.000000e-01 2.000000e-01 2.000000e-01 2.000000e-01 2.000000e-01 2.000000e-01 2.000000e-01 2.000000e-01 2.000000e-01 2.000000e-01 2.000000e-01 2.000000e-01 2.000000e-01 2.000000e-01 2.000000e-01 2.000000e-01 2.000000e-01 2.000000e-01 2.000000e-01 2.000000e-01 2.000000e-01 2.000000e-01 2.000000e-01 2.000000e-01 2.000000e-01 2.000000e-01 2.000000e-01 2.000000e-01 2.000000e-01 2.000000e-01 2.000000e-01 2.000000e-01 2.000000e-01 2.000000e-01 2.000000e-01 2.000000e-01 2.000000e-01 2.000000e-01 2.000000e-01 2.000000e-01 2.000000e-01 2.000000e-01 2.000000e-01 2.000000e-01 2.000000e-01 2.000000e-01 2.000000e-01 2.000000e-01 2.000000e-01 2.000000e-01 2.000000e-01 2.000000e-01 2.000000e-01 2.000000e-01 2.000000e-01 2.000000e-01 2.000000e-01 2.000000e-01 2.000000e-01 2.000000e-01 2.000000e-01 2.000000e-01 2.000000e-01 2.000000e-01 2.000000e-01 2.000000e-01 2.000000e-01 2.000000e-01 2.000000e-01 2.000000e-01 2.000000e-01 2.000000e-01 2.000000e-01 2.000000e-01 2.000000e-01 2.000000e-01 2.000000e-01 2.000000e-01 2.000000e-01 2.000000e-01 2.000000e-01 2.000000e-01 2.000000e-01 2.000000e-01 2.000000e-01 2.000000e-01 2.000000e-01 2.000000e-01 2.000000e-01 2.000000e-01 2.000000e-01 2.000000e-01 2.000000e-01 2.000000e-01 2.000000e-01 2.000000e-01 2.000000e-01 2.000000e-01 2.000000e-01 2.000000e-01 2.000000e-01
<GCONST> 3.243863e+01
<STATE> 3
<MEAN> 142
 5.590779e-01 3.886530e-01 3.738475e-01 3.421434e-01 3.263215e-01 2.665428e-01 3.074275e-01 2.610024e-01 3.693349e-01 4.385823e-01 4.549985e-01 4.978434e-01 3.944623e-01 4.804207e-01 3.675734e-01 2.492265e-01 3.659296e-01 4.105442e-01 2.561260e-01 3.362273e-01 3.817456e-01 3.987190e-01 2.763326e-01 4.489841e-01 4.554789e-01 3.504007e-01 3.848540e-01 4.132051e-01 4.712150e-01 4.379868e-01 4.514285e-01 4.201166e-01 3.453259e-01 4.084689e-01 4.542779e-01 3.668153e-01 3.528621e-01 3.855979e-01 4.197790e-01 2.928967e-01 4.569612e-01 4.382270e-01 3.667526e-01 2.522595e-01 1.908252e-01 3.849672e-01 4.527353e-01 4.145783e-01 4.157184e-01 3.106925e-01 4.874931e-01 4.213391e-01 4.530194e-01 2.615980e-01 4.694930e-01 3.957497e-01 3.946197e-01 2.979952e-01 3.426798e-01 2.656568e-01 3.994654e-01 4.441918e-01 3.725952e-01 4.217691e-01 4.600411e-01 3.719287e-01 4.113120e-01 3.515644e-01 3.871402e-01 4.595353e-01 4.369522e-01 3.514099e-01 3.693934e-01 4.279814e-01 2.930653e-01 3.652093e-01 4.788512e-01 5.406957e-01 4.520286e-01 3.868303e-01 5.131831e-01 4.079138e-01 4.040011e-01 4.360095e-01 3.024741e-01 3.357792e-01 4.004004e-01 4.850517e-01 4.318912e-01 3.065969e-01 3.805543e-01 2.660262e-01 5.079305e-01 3.972903e-01 4.827649e-01 5.178706e-01 5.164916e-01 4.635532e-01 4.919331e-01 4.038161e-01 4.638957e-01 4.524649e-01 4.078245e-01 3.980914e-01 2.884423e-01 2.666530e-01 3.799013e-01 4.286281e-01 4.019977e-01 2.838385e-01 4.356143e-01 4.316453e-01 3.213481e-01 4.213786e-01 3.985005e-01 4.774821e-01 3.630549e-01 4.388465e-01 4.930799e-01 3.509269e-01 4.390270e-01 4.685265e-01 4.412578e-01 3.967707e-01 3.441760e-01 4.073344e-01 4.790206e-01 5.111331e-01 4.554974e-01 3.411215e-01 3.768289e-01 5.429164e-01 4.055074e-01 4.774408e-01 5.187709e-01 5.013527e-01 3.408504e-01 4.449042e-01 3.298287e-01 4.074179e-01 4.959014e-01 4.277569e-01
<VARIANCE> 142
 2.000000e-01 2.000000e-01 2.000000e-01 2.000000e-01 2.000000e-01 2.000000e-01 2.000000e-01 2.000000e-01 2.000000e-01 2.000000e-01 2.000000e-01 2.000000e-01 2.000000e-01 2.000000e-01 2.000000e-01 2.000000e-01 2.000000e-01 2.000000e-01 2.000000e-01 2.000000e-01 2.000000e-01 2.000000e-01 2.000000e-01 2.000000e-01 2.000000e-01 2.000000e-01 2.000000e-01 2.000000e-01 2.000000e-01 2.000000e-01 2.000000e-01 2.000000e-01 2.000000e-01 2.000000e-01 2.000000e-01 2.000000e-01 2.000000e-01 2.000000e-01 2.000000e-01 2.000000e-01 2.000000e-01 2.000000e-01 2.000000e-01 2.000000e-01 2.000000e-01 2.000000e-01 2.000000e-01 2.000000e-01 2.000000e-01 2.000000e-01 2.000000e-01 2.000000e-01 2.000000e-01 2.000000e-01 2.000000e-01 2.000000e-01 2.000000e-01 2.000000e-01 2.000000e-01 2.000000e-01 2.000000e-01 2.000000e-01 2.000000e-01 2.000000e-01 2.000000e-01 2.000000e-01 2.000000e-01 2.000000e-01 2.000000e-01 2.000000e-01 2.000000e-01 2.000000e-01 2.000000e-01 2.000000e-01 2.000000e-01 2.000000e-01 2.000000e-01 2.000000e-01 2.000000e-01 2.000000e-01 2.000000e-01 2.000000e-01 2.000000e-01 2.000000e-01 2.000000e-01 2.000000e-01 2.000000e-01 2.000000e-01 2.000000e-01 2.000000e-01 2.000000e-01 2.000000e-01 2.000000e-01 2.000000e-01 2.000000e-01 2.000000e-01 2.000000e-01 2.000000e-01 2.000000e-01 2.000000e-01 2.000000e-01 2.000000e-01 2.000000e-01 2.000000e-01 2.000000e-01 2.000000e-01 2.000000e-01 2.000000e-01 2.000000e-01 2.000000e-01 2.000000e-01 2.000000e-01 2.000000e-01 2.000000e-01 2.000000e-01 2.000000e-01 2.000000e-01 2.000000e-01 2.000000e-01 2.000000e-01 2.000000e-01 2.000000e-01 2.000000e-01 2.000000e-01 2.000000e-01 2.000000e-01 2.000000e-01 2.000000e-01 2.000000e-01 2.000000e-01 2.000000e-01 2.000000e-01 2.000000e-01 2.000000e-01 2.000000e-01 2.000000e-01 2.000000e-01 2.000000e-01 2.000000e-01 2.000000e-01 2.000000e-01 2.000000e-01
<GCONST> 3.243863e+01
<TRANSP> 4
 0.000000e+00 1.000000e+00 0.000000e+00 0.000000e+00
 0.000000e+00 8.797006e-01 1.202994e-01 0.000000e+00
 0.000000e+00 0.000000e+00 8.383814e-01 1.616186e-01
 0.000000e+00 0.000000e+00 0.000000e+00 0.000000e+00
<ENDHMM>
