~o
<STREAMINFO> 1 142
<VECSIZE> 142<NULLD><USER><DIAGC>
~h "couple"
<BEGINHMM>
<NUMSTATES> 4
<STATE> 2
<MEAN> 142
 4.600582e-01 4.284526e-01 3.493757e-01 4.593500e-01 4.719250e-01 2.383292e-01 3.112014e-01 2.626340e-01 4.015162e-01 4.334516e-01 4.068525e-01 3.627152e-01 2.601270e-01 3.951199e-01 3.808025e-01 3.412170e-01 3.791493e-01 3.576444e-01 3.038567e-01 2.508753e-01 4.896983e-01 4.813827e-01 3.120763e-01 4.712218e-01 5.029665e-01 3.409076e-01 4.101410e-01 3.595998e-01 4.344111e-01 3.976750e-01 4.378245e-01 4.267702e-01 4.192121e-01 4.532310e-01 4.322057e-01 3.909272e-01 4.123547e-01 2.779142e-01 4.378018e-01 3.751014e-01 4.120085e-01 4.678522e-01 3.991687e-01 2.254485e-01 2.034198e-01 3.263581e-01 4.781395e-01 3.931637e-01 4.506560e-01 3.100027e-01 5.500639e-01 3.216024e-01 4.103507e-01 3.028353e-01 4.855469e-01 4.842545e-01 3.621289e-01 3.035846e-01 3.359442e-01 3.954757e-01 3.190618e-01 4.671769e-01 3.898332e-01 3.633730e-01 4.111175e-01 4.148189e-01 3.079780e-01 4.151098e-01 4.392682e-01 4.128666e-01 4.208986e-01 3.466234e-01 3.710246e-01 3.592023e-01 2.161659e-01 2.787841e-01 4.773803e-01 5.598676e-01 4.718398e-01 4.529608e-01 5.437452e-01 4.391293e-01 3.179910e-01 4.875750e-01 3.472516e-01 4.037670e-01 3.937657e-01 4.192686e-01 4.637174e-01 3.382674e-01 3.205606e-01 2.721181e-01 4.234037e-01 3.560543e-01 5.033613e-01 4.283709e-01 4.509033e-01 2.983688e-01 5.194198e-01 4.308794e-01 4.525002e-01 4.821375e-01 3.984078e-01 3.900289e-01 3.266027e-01 2.774901e-01 2.759513e-01 4.349979e-01 3.053893e-01 3.744819e-01 3.719208e-01 3.581723e-01 4.814056e-01 3.971911e-01 3.932619e-01 4.162717e-01 3.520586e-01 4.799480e-01 4.554593e-01 3.548136e-01 4.618879e-01 4.228514e-01 4.798033e-01 3.706919e-01 2.877367e-01 3.801439e-01 4.010162e-01 3.605760e-01 3.627166e-01 3.143198e-01 3.941213e-01 5.212004e-01 2.991966e-01 4.378141e-01 4.665478e-01 5.492097e-01 3.753054e-01 4.551492e-01 4.221070e-01 4.100877e-01 4.946397e-01 4.456881e-01
<VARIANCE> 142
 2.000000e-01 2.000000e-01 2.000000e-01 2.000000e-01 2.000000e-01 2.000000e-01 2.000000e-01 2.000000e-01 2.000000e-01 2.000000e-01 2.000000e-01 2.000000e-01 2.000000e-01 2.000000e-01 2.000000e-01 2.000000e-01 2.000000e-01 2.000000e-01 2.000000e-01 2.000000e-01 2.000000e-01 2.000000e-01 2.000000e-01 2.000000e-01 2.000000e-01 2.000000e-01 2.000000e-01 2.000000e-01 2.000000e-01 2.000000e-01 2.000000e-01 2.000000e-01 2.000000e-01 2.000000e-01 2.000000e-01 2.000000e-01 2.000000e-01 2.000000e-01 2.000000e-01 2.000000e-01 2.000000e-01 2.000000e-01 2.000000e-01 2.000000e-01 2.000000e-01 2.000000e-01 2.000000e-01 2.000000e-01 2.000000e-01 2.000000e-01 2.000000e-01 2.000000e-01 2.000000e-01 2.000000e-01 2.000000e-01 2.000000e-01 2.000000e-01 2.000000e-01 2.000000e-01 2.000000e-01 2.000000e-01 2.000000e-01 2.000000e-01 2.000000e-01 2.000000e-01 2.000000e-01 2.000000e-01 2.000000e-01 2.000000e-01 2.000000e-01 2.000000e-01 2.000000e-01 2.000000e-01 2.000000e-01 2.000000e-01 2.000000e-01 2.000000e-01 2.000000e-01 2.000000e-01 2.000000e-01 2.000000e-01 2.000000e-01 2.000000e-01 2.000000e-01 2.000000e-01 2.000000e-01 2.000000e-01 2.000000e-01 2.000000e-01 2.000000e-01 2.000000e-01 2.000000e-01 2.000000e-01 2.000000e-01 2.000000e-01 2.000000e-01 2.000000e-01 2.000000e-01 2.000000e-01 2.000000e-01 2.000000e-01 2.000000e-01 2.000000e-01 2.000000e-01 2.000000e-01 2.000000e-01 2.000000e-01 2.000000e-01 2.000000e-01 2.000000e-01 2.000000e-01 2.000000e-01 2.000000e-01 2.000000e-01 2.000000e-01 2.000000e-01 2.000000e-01 2.000000e-01 2.000000e-01 2.000000e-01 2.000000e-01 2.000000e-01 2.000000e-01 2.000000e-01 2.000000e-01 2.000000e-01 2.000000e-01 2.000000e-01 2.000000e-01 2.000000e-01 2.000000e-01 2.000000e-01 2.000000e-01 2.000000e-01 2.000000e-01 2.000000e-01 2.000000e-01 2.000000e-01 2.000000e-01 2.000000e-01 2.000000e-01 2.000000e-01
<GCONST> 3.243863e+01
<STATE> 3
<MEAN> 142
 6.633666e-01 3.325901e-01 3.741984e-01 3.847825e-01 2.922345e-01 3.563373e-01 4.380506e-01 3.958435e-01 3.517514e-01 3.966098e-01 4.167973e-01 4.501292e-01 4.381333e-01 4.454977e-01 3.197269e-01 4.078396e-01 4.166999e-01 3.551870e-01 3.190736e-01 4.738810e-01 5.014266e-01 4.879236e-01 3.789783e-01 4.723418e-01 4.228360e-01 4.405322e-01 4.113482e-01 3.749217e-01 3.835405e-01 3.905595e-01 4.821423e-01 4.552233e-01 5.000101e-01 4.388811e-01 4.627091e-01 3.385535e-01 3.241087e-01 2.897702e-01 3.168550e-01 4.225351e-01 3.542365e-01 4.115025e-01 2.819574e-01 4.054172e-01 3.406957e-01 4.522002e-01 4.127425e-01 4.075245e-01 4.300449e-01 3.365422e-01 4.537769e-01 4.378123e-01 4.729585e-01 2.570808e-01 5.252555e-01 3.705704e-01 4.406939e-01 3.583554e-01 3.571071e-01 3.465457e-01 5.169114e-01 4.410446e-01 3.638362e-01 4.071367e-01 3.886674e-01 4.503999e-01 3.383796e-01 3.979826e-01 4.565205e-01 3.914107e-01 4.870739e-01 4.661539e-01 4.374546e-01 4.547172e-01 3.663412e-01 3.958497e-01 4.658393e-01 3.984571e-01 4.470457e-01 4.123988e-01 4.299738e-01 3.564127e-01 3.888762e-01 4.451544e-01 3.734954e-01 5.178694e-01 3.861199e-01 4.165070e-01 4.570166e-01 4.198937e-01 3.235683e-01 4.344341e-01 4.185344e-01 3.623460e-01 4.414778e-01 4.388696e-01 4.623495e-01 2.864559e-01 4.156435e-01 4.293661e-01 3.961105e-01 5.058806e-01 3.432834e-01 3.150774e-01 3.345485e-01 2.936746e-01 3.862382e-01 3.598687e-01 4.065928e-01 4.615134e-01 4.266716e-01 3.835182e-01 4.134464e-01 3.375942e-01 3.317762e-01 4.262153e-01 3.297225e-01 3.859373e-01 4.206420e-01 3.955280e-01 3.900106e-01 4.949480e-01 4.292732e-01 3.842482e-01 5.084592e-01 3.990834e-01 4.015232e-01 3.134300e-01 3.013152e-01 4.936719e-01 4.532560e-01 3.656959e-01 4.011996e-01 4.338253e-01 3.744996e-01 3.934519e-01 5.804913e-01 4.304478e-01 4.859697e-01 3.856733e-01 4.435482e-01 5.458569e-01
<VARIANCE> 142
 2.000000e-01 2.000000e-01 2.000000e-01 2.000000e-01 2.000000e-01 2.000000e-01 2.000000e-01 2.000000e-01 2.000000e-01 2.000000e-01 2.000000e-01 2.000000e-01 2.000000e-01 2.000000e-01 2.000000e-01 2.000000e-01 2.000000e-01 2.000000e-01 2.000000e-01 2.000000e-01 2.000000e-01 2.000000e-01 2.000000e-01 2.000000e-01 2.000000e-01 2.000000e-01 2.000000e-01 2.000000e-01 2.000000e-01 2.000000e-01 2.000000e-01 2.000000e-01 2.000000e-01 2.000000e-01 2.000000e-01 2.000000e-01 2.000000e-01 2.000000e-01 2.000000e-01 2.000000e-01 2.000000e-01 2.000000e-01 2.000000e-01 2.000000e-01 2.000000e-01 2.000000e-01 2.000000e-01 2.000000e-01 2.000000e-01 2.000000e-01 2.000000e-01 2.000000e-01 2.000000e-01 2.000000e-01 2.000000e-01 2.000000e-01 2.000000e-01 2.000000e-01 2.000000e-01 2.000000e-01 2.000000e-01 2.000000e-01 2.000000e-01 2.000000e-01 2.000000e-01 2.000000e-01 2.000000e-01 2.000000e-01 2.000000e-01 2.000000e-01 2.000000e-01 2.000000e-01 2.000000e-01 2.000000e-01 2.000000e-01 2.000000e-01 2.000000e-01 2.000000e-01 2.000000e-01 2.000000e-01 2.000000e-01 2.000000e-01 2.000000e-01 2.000000e-01 2.000000e-01 2.000000e-01 2.000000e-01 2.000000e-01 2.000000e-01 2.000000e-01 2.000000e-01 2.000000e-01 2.000000e-01 2.000000e-01 2.000000e-01 2.000000e-01 2.000000e-01 2.000000e-01 2.000000e-01 2.000000e-01 2.000000e-01 2.000000e-01 2.000000e-01 2.000000e-01 2.000000e-01 2.000000e-01 2.000000e-01 2.000000e-01 2.000000e-01 2.000000e-01 2.000000e-01 2.000000e-01 2.000000e-01 2.000000e-01 2.000000e-01 2.000000e-01 2.000000e-01 2.000000e-01 2.000000e-01 2.000000e-01 2.000000e-01 2.000000e-01 2.000000e-01 2.000000e-01 2.000000e-01 2.000000e-01 2.000000e-01 2.000000e-01 2.000000e-01 2.000000e-01 2.000000e-01 2.000000e-01 2.000000e-01 2.000000e-01 2.000000e-01 2.000000e-01 2.000000e-01 2.000000e-01 2.000000e-01 2.000000e-01 2.000000e-01 2.000000e-01
<GCONST> 3.243863e+01
<TRANSP> 4
 0.000000e+00 1.000000e+00 0.000000e+00 0.000000e+00
 0.000000e+00 8.758860e-01 1.241140e-01 0.000000e+00
 0.000000e+00 0.000000e+00 8.243424e-01 1.756576e-01
 0.000000e+00 0.000000e+00 0.000000e+00 0.000000e+00
<ENDHMM>
