~o
<STREAMINFO> 1 142
<VECSIZE> 142<NULLD><USER><DIAGC>
~h "create"
<BEGINHMM>
<NUMSTATES> 4
<STATE> 2
<MEAN> 142
 5.034629e-01 4.662603e-01 3.486739e-01 3.805826e-01 4.048408e-01 2.590848e-01 3.593728e-01 3.468343e-01 3.209684e-01 4.836802e-01 3.997504e-01 4.152887e-01 3.304392e-01 4.145209e-01 4.685956e-01 3.845102e-01 4.391097e-01 4.505180e-01 2.021676e-01 2.674756e-01 4.347885e-01 5.124568e-01 2.556057e-01 5.354284e-01 4.616534e-01 3.158646e-01 3.651071e-01 4.305226e-01 5.072981e-01 4.104111e-01 4.386440e-01 4.482071e-01 3.823503e-01 4.899441e-01 4.363474e-01 5.026443e-01 4.422350e-01 4.226026e-01 5.421742e-01 4.031148e-01 4.553858e-01 5.779672e-01 3.614452e-01 2.917732e-01 1.906050e-01 4.248782e-01 4.711989e-01 4.692551e-01 5.085870e-01 2.714431e-01 4.632187e-01 4.177472e-01 3.967878e-01 2.662788e-01 4.751467e-01 4.517988e-01 3.518830e-01 2.520577e-01 3.333440e-01 3.092918e-01 3.604786e-01 4.732447e-01 4.185447e-01 3.795224e-01 4.126949e-01 4.616941e-01 4.456495e-01 3.775286e-01 4.109313e-01 4.653509e-01 4.178415e-01 3.145426e-01 4.804091e-01 3.468864e-01 2.551327e-01 3.275978e-01 4.601515e-01 4.985388e-01 4.360603e-01 4.467715e-01 5.259740e-01 4.863716e-01 4.947507e-01 4.191423e-01 3.237229e-01 4.166123e-01 3.354990e-01 4.334100e-01 4.640003e-01 3.338273e-01 3.564034e-01 2.753631e-01 4.714085e-01 3.348464e-01 5.235553e-01 4.439246e-01 5.313544e-01 3.558674e-01 6.114258e-01 3.680757e-01 4.458361e-01 5.294954e-01 2.989419e-01 4.357603e-01 3.551491e-01 3.306541e-01 3.828299e-01 4.568691e-01 3.405452e-01 3.526681e-01 3.570649e-01 3.887360e-01 3.430488e-01 5.206607e-01 4.095581e-01 3.851489e-01 3.794382e-01 4.764937e-01 4.430425e-01 3.680522e-01 4.915632e-01 4.896434e-01 4.629544e-01 3.830681e-01 3.363327e-01 4.336723e-01 4.476838e-01 4.534853e-01 3.886381e-01 3.275378e-01 4.354208e-01 5.425624e-01 3.221925e-01 3.891189e-01 5.471397e-01 5.194900e-01 3.899743e-01 5.341026e-01 4.494579e-01 5.320842e-01 5.267041e-01 4.069685e-01
<VARIANCE> 142
 2.000000e-01 2.000000e-01 2.000000e-01 2.000000e-01 2.000000e-01 2.000000e-01 2.000000e-01 2.000000e-01 2.000000e-01 2.000000e-01 2.000000e-01 2.000000e-01 2.000000e-01 2.000000e-01 2.000000e-01 2.000000e-01 2.000000e-01 2.000000e-01 2.000000e-01 2.000000e-01 2.000000e-01 2.000000e-01 2.000000e-01 2.000000e-01 2.000000e-01 2.000000e-01 2.000000e-01 2.000000e-01 2.000000e-01 2.000000e-01 2.000000e-01 2.000000e-01 2.000000e-01 2.000000e-01 2.000000e-01 2.000000e-01 2.000000e-01 2.000000e-01 2.000000e-01 2.000000e-01 2.000000e-01 2.000000e-01 2.000000e-01 2.000000e-01 2.000000e-01 2.000000e-01 2.000000e-01 2.000000e-01 2.000000e-01 2.000000e-01 2.000000e-01 2.000000e-01 2.000000e-01 2.000000e-01 2.000000e-01 2.000000e-01 2.000000e-01 2.000000e-01 2.000000e-01 2.000000e-01 2.000000e-01 2.000000e-01 2.000000e-01 2.000000e-01 2.000000e-01 2.000000e-01 2.000000e-01 2.000000e-01 2.000000e-01 2.000000e-01 2.000000e-01 2.000000e-01 2.000000e-01 2.000000e-01 2.000000e-01 2.000000e-01 2.000000e-01 2.000000e-01 2.000000e-01 2.000000e-01 2.000000e-01 2.000000e-01 2.000000e-01 2.000000e-01 2.000000e-01 2.000000e-01 2.000000e-01 2.000000e-01 2.000000e-01 2.000000e-01 2.000000e-01 2.000000e-01 2.000000e-01 2.000000e-01 2.000000e-01 2.000000e-01 2.000000e-01 2.000000e-01 2.000000e-01 2.000000e-01 2.000000e-01 2.000000e-01 2.000000e-01 2.000000e-01 2.000000e-01 2.000000e-01 2.000000e-01 2.000000e-01 2.000000e-01 2.000000e-01 2.000000e-01 2.000000e-01 2.000000e-01 2.000000e-01 2.000000e-01 2.000000e-01 2.000000e-01 2.000000e-01 2.000000e-01 2.000000e-01 2.000000e-01 2.000000e-01 2.000000e-01 2.000000e-01 2.000000e-01 2.000000e-01 2.000000e-01 2.000000e-01 2.000000e-01 2.000000e-01 2.000000e-01 2.000000e-01 2.000000e-01 2.000000e-01 2.000000e-01 2.000000e-01 2.000000e-01 2.000000e-01 2.000000e-01 2.000000e-01 2.000000e-01 2.000000e-01
<GCONST> 3.243863e+01
<STATE> 3
<MEAN> 142
 6.745602e-01 3.784056e-01 3.889017e-01 3.589419e-01 2.697812e-01 3.134974e-01 3.615698e-01 3.725077e-01 3.351051e-01 3.787483e-01 4.152402e-01 3.845825e-01 3.459623e-01 4.569131e-01 2.909974e-01 3.213820e-01 4.228532e-01 3.533040e-01 2.783295e-01 3.670872e-01 4.982256e-01 4.913819e-01 3.570308e-01 4.495566e-01 4.442599e-01 3.973436e-01 3.984803e-01 3.654402e-01 3.919710e-01 3.153073e-01 4.387008e-01 5.029518e-01 4.845034e-01 4.516337e-01 4.263866e-01 3.539036e-01 3.666714e-01 2.287727e-01 3.306206e-01 3.239974e-01 2.925615e-01 4.230661e-01 2.588897e-01 3.676809e-01 1.911822e-01 4.198858e-01 4.612967e-01 4.035633e-01 4.068516e-01 2.911665e-01 4.287668e-01 3.441848e-01 4.067842e-01 2.195420e-01 4.393005e-01 3.295413e-01 3.920180e-01 3.354032e-01 3.046657e-01 2.576819e-01 4.029266e-01 4.964633e-01 4.109202e-01 4.275982e-01 3.661762e-01 4.539726e-01 2.626147e-01 3.644640e-01 4.605534e-01 3.243026e-01 4.711805e-01 4.062299e-01 4.468432e-01 3.996270e-01 3.312515e-01 3.246672e-01 5.104496e-01 4.881215e-01 4.281544e-01 4.129269e-01 3.712122e-01 3.814557e-01 3.125660e-01 4.105596e-01 3.148658e-01 4.517889e-01 4.026549e-01 3.914700e-01 4.256822e-01 3.614951e-01 2.918479e-01 3.468581e-01 3.737010e-01 3.162689e-01 4.298310e-01 4.288886e-01 4.237731e-01 2.436380e-01 4.500393e-01 4.413806e-01 3.672639e-01 5.087541e-01 3.630689e-01 2.783260e-01 3.223854e-01 2.846462e-01 3.434452e-01 3.244811e-01 3.958259e-01 3.599862e-01 3.525704e-01 3.043887e-01 3.289050e-01 3.259144e-01 3.849345e-01 3.656273e-01 3.203692e-01 4.294941e-01 3.837287e-01 4.402921e-01 4.255982e-01 5.379871e-01 4.594661e-01 3.321073e-01 4.348083e-01 4.069912e-01 3.676392e-01 2.578801e-01 2.809114e-01 4.275675e-01 4.012595e-01 3.829130e-01 3.163429e-01 3.660100e-01 3.479591e-01 4.040053e-01 4.249456e-01 3.969665e-01 3.386612e-01 4.177922e-01 4.917829e-01 4.792624e-01
<VARIANCE> 142
 2.000000e-01 2.000000e-01 2.000000e-01 2.000000e-01 2.000000e-01 2.000000e-01 2.000000e-01 2.000000e-01 2.000000e-01 2.000000e-01 2.000000e-01 2.000000e-01 2.000000e-01 2.000000e-01 2.000000e-01 2.000000e-01 2.000000e-01 2.000000e-01 2.000000e-01 2.000000e-01 2.000000e-01 2.000000e-01 2.000000e-01 2.000000e-01 2.000000e-01 2.000000e-01 2.000000e-01 2.000000e-01 2.000000e-01 2.000000e-01 2.000000e-01 2.000000e-01 2.000000e-01 2.000000e-01 2.000000e-01 2.000000e-01 2.000000e-01 2.000000e-01 2.000000e-01 2.000000e-01 2.000000e-01 2.000000e-01 2.000000e-01 2.000000e-01 2.000000e-01 2.000000e-01 2.000000e-01 2.000000e-01 2.000000e-01 2.000000e-01 2.000000e-01 2.000000e-01 2.000000e-01 2.000000e-01 2.000000e-01 2.000000e-01 2.000000e-01 2.000000e-01 2.000000e-01 2.000000e-01 2.000000e-01 2.000000e-01 2.000000e-01 2.000000e-01 2.000000e-01 2.000000e-01 2.000000e-01 2.000000e-01 2.000000e-01 2.000000e-01 2.000000e-01 2.000000e-01 2.000000e-01 2.000000e-01 2.000000e-01 2.000000e-01 2.000000e-01 2.000000e-01 2.000000e-01 2.000000e-01 2.000000e-01 2.000000e-01 2.000000e-01 2.000000e-01 2.000000e-01 2.000000e-01 2.000000e-01 2.000000e-01 2.000000e-01 2.000000e-01 2.000000e-01 2.000000e-01 2.000000e-01 2.000000e-01 2.000000e-01 2.000000e-01 2.000000e-01 2.000000e-01 2.000000e-01 2.000000e-01 2.000000e-01 2.000000e-01 2.000000e-01 2.000000e-01 2.000000e-01 2.000000e-01 2.000000e-01 2.000000e-01 2.000000e-01 2.000000e-01 2.000000e-01 2.000000e-01 2.000000e-01 2.000000e-01 2.000000e-01 2.000000e-01 2.000000e-01 2.000000e-01 2.000000e-01 2.000000e-01 2.000000e-01 2.000000e-01 2.000000e-01 2.000000e-01 2.000000e-01 2.000000e-01 2.000000e-01 2.000000e-01 2.000000e-01 2.000000e-01 2.000000e-01 2.000000e-01 2.000000e-01 2.000000e-01 2.000000e-01 2.000000e-01 2.000000e-01 2.000000e-01 2.000000e-01 2.000000e-01 2.000000e-01 2.000000e-01
<GCONST> 3.243863e+01
<TRANSP> 4
 0.000000e+00 1.000000e+00 0.000000e+00 0.000000e+00
 0.000000e+00 8.495340e-01 1.504661e-01 0.000000e+00
 0.000000e+00 0.000000e+00 8.694803e-01 1.305198e-01
 0.000000e+00 0.000000e+00 0.000000e+00 0.000000e+00
<ENDHMM>
