~o
<STREAMINFO> 1 142
<VECSIZE> 142<NULLD><USER><DIAGC>
~h "deaf"
<BEGINHMM>
<NUMSTATES> 4
<STATE> 2
<MEAN> 142
 5.727626e-01 3.839250e-01 3.514352e-01 3.318674e-01 3.067840e-01 2.328453e-01 2.855800e-01 3.223361e-01 3.757316e-01 4.818185e-01 5.309386e-01 4.204166e-01 3.700501e-01 5.355111e-01 2.947909e-01 2.854122e-01 3.894371e-01 3.611309e-01 3.085415e-01 3.337224e-01 4.224797e-01 4.843163e-01 3.575988e-01 4.884321e-01 5.054687e-01 3.665910e-01 4.728633e-01 3.778136e-01 4.320226e-01 3.801317e-01 4.571354e-01 4.002222e-01 3.081612e-01 4.819779e-01 4.914583e-01 2.956881e-01 3.961507e-01 3.780276e-01 4.292228e-01 2.535082e-01 3.771346e-01 4.918444e-01 3.873441e-01 2.714328e-01 1.749792e-01 4.044750e-01 4.009252e-01 3.511904e-01 3.871120e-01 3.645292e-01 4.515914e-01 3.965440e-01 4.578227e-01 2.688124e-01 3.525895e-01 3.703116e-01 4.555544e-01 2.995673e-01 3.072176e-01 2.898752e-01 3.787817e-01 4.187341e-01 4.131633e-01 4.314962e-01 3.742073e-01 4.227619e-01 3.746050e-01 3.905589e-01 3.932772e-01 4.384789e-01 4.243792e-01 3.365937e-01 4.403272e-01 4.254168e-01 3.081425e-01 3.586216e-01 3.760756e-01 3.841959e-01 4.881982e-01 4.547601e-01 4.291469e-01 3.590668e-01 3.826355e-01 3.969836e-01 2.861281e-01 3.207120e-01 3.810308e-01 4.332814e-01 4.644925e-01 2.804515e-01 3.208707e-01 2.624992e-01 3.745461e-01 3.760786e-01 4.293858e-01 3.874435e-01 3.884070e-01 3.594365e-01 4.609722e-01 4.120471e-01 4.342649e-01 4.787910e-01 3.317508e-01 3.571417e-01 3.255748e-01 3.583673e-01 3.759633e-01 4.477752e-01 4.213720e-01 3.308852e-01 3.882299e-01 3.488139e-01 2.743399e-01 3.765623e-01 3.136593e-01 3.521681e-01 3.966284e-01 4.718126e-01 4.373675e-01 3.745560e-01 4.296711e-01 4.519638e-01 4.265424e-01 2.871648e-01 3.632553e-01 4.553594e-01 3.905185e-01 3.848871e-01 4.120556e-01 4.007151e-01 2.988574e-01 3.574397e-01 3.181871e-01 4.043299e-01 3.378443e-01 4.393277e-01 3.537931e-01 3.854415e-01 2.853068e-01 4.126171e-01 4.283515e-01 3.998866e-01
<VARIANCE> 142
 2.000000e-01 2.000000e-01 2.000000e-01 2.000000e-01 2.000000e-01 2.000000e-01 2.000000e-01 2.000000e-01 2.000000e-01 2.000000e-01 2.000000e-01 2.000000e-01 2.000000e-01 2.000000e-01 2.000000e-01 2.000000e-01 2.000000e-01 2.000000e-01 2.000000e-01 2.000000e-01 2.000000e-01 2.000000e-01 2.000000e-01 2.000000e-01 2.000000e-01 2.000000e-01 2.000000e-01 2.000000e-01 2.000000e-01 2.000000e-01 2.000000e-01 2.000000e-01 2.000000e-01 2.000000e-01 2.000000e-01 2.000000e-01 2.000000e-01 2.000000e-01 2.000000e-01 2.000000e-01 2.000000e-01 2.000000e-01 2.000000e-01 2.000000e-01 2.000000e-01 2.000000e-01 2.000000e-01 2.000000e-01 2.000000e-01 2.000000e-01 2.000000e-01 2.000000e-01 2.000000e-01 2.000000e-01 2.000000e-01 2.000000e-01 2.000000e-01 2.000000e-01 2.000000e-01 2.000000e-01 2.000000e-01 2.000000e-01 2.000000e-01 2.000000e-01 2.000000e-01 2.000000e-01 2.000000e-01 2.000000e-01 2.000000e-01 2.000000e-01 2.000000e-01 2.000000e-01 2.000000e-01 2.000000e-01 2.000000e-01 2.000000e-01 2.000000e-01 2.000000e-01 2.000000e-01 2.000000e-01 2.000000e-01 2.000000e-01 2.000000e-01 2.000000e-01 2.000000e-01 2.000000e-01 2.000000e-01 2.000000e-01 2.000000e-01 2.000000e-01 2.000000e-01 2.000000e-01 2.000000e-01 2.000000e-01 2.000000e-01 2.000000e-01 2.000000e-01 2.000000e-01 2.000000e-01 2.000000e-01 2.000000e-01 2.000000e-01 2.000000e-01 2.000000e-01 2.000000e-01 2.000000e-01 2.000000e-01 2.000000e-01 2.000000e-01 2.000000e-01 2.000000e-01 2.000000e-01 2.000000e-01 2.000000e-01 2.000000e-01 2.000000e-01 2.000000e-01 2.000000e-01 2.000000e-01 2.000000e-01 2.000000e-01 2.000000e-01 2.000000e-01 2.000000e-01 2.000000e-01 2.000000e-01 2.000000e-01 2.000000e-01 2.000000e-01 2.000000e-01 2.000000e-01 2.000000e-01 2.000000e-01 2.000000e-01 2.000000e-01 2.000000e-01 2.000000e-01 2.000000e-01 2.000000e-01 2.000000e-01 2.000000e-01 2.000000e-01
<GCONST> 3.243863e+01
<STATE> 3
<MEAN> 142
 4.721943e-01 4.336692e-01 3.261195e-01 3.580783e-01 3.579670e-01 2.696130e-01 3.392893e-01 4.026614e-01 3.377096e-01 4.805798e-01 4.715625e-01 3.982502e-01 3.327555e-01 4.261534e-01 5.849034e-01 4.512009e-01 4.794970e-01 5.278359e-01 2.050958e-01 3.282073e-01 4.930262e-01 5.086911e-01 2.693933e-01 5.133535e-01 5.069573e-01 3.500446e-01 4.078085e-01 4.556673e-01 5.085366e-01 4.825852e-01 4.610935e-01 4.790690e-01 2.814915e-01 5.302329e-01 4.767324e-01 5.542594e-01 5.161355e-01 4.640976e-01 6.110212e-01 4.252646e-01 5.270588e-01 5.765445e-01 3.484334e-01 3.465561e-01 1.639509e-01 4.078448e-01 4.645478e-01 5.251279e-01 5.355936e-01 3.282897e-01 4.769266e-01 4.577255e-01 5.412510e-01 2.905099e-01 4.028175e-01 4.970118e-01 4.505473e-01 2.650425e-01 3.381776e-01 3.325167e-01 4.093471e-01 4.550586e-01 3.762490e-01 3.438040e-01 4.229033e-01 4.504791e-01 5.122068e-01 4.273473e-01 3.714655e-01 4.710925e-01 4.174453e-01 2.527536e-01 4.846794e-01 3.463736e-01 2.289790e-01 3.566888e-01 3.970043e-01 4.636142e-01 4.662398e-01 4.820333e-01 5.530965e-01 5.146814e-01 6.012441e-01 4.317581e-01 3.371373e-01 3.714316e-01 3.421988e-01 3.979623e-01 5.045089e-01 3.120537e-01 3.622473e-01 3.201156e-01 5.097229e-01 3.562203e-01 4.832708e-01 5.002874e-01 6.052045e-01 4.077646e-01 5.648743e-01 3.534488e-01 4.490737e-01 4.717417e-01 3.117572e-01 4.699323e-01 4.223921e-01 3.118834e-01 4.196868e-01 4.939204e-01 3.550550e-01 3.597734e-01 3.572512e-01 3.844461e-01 3.357626e-01 4.962950e-01 4.892727e-01 3.663678e-01 4.348724e-01 4.296582e-01 4.465294e-01 3.715032e-01 4.952476e-01 5.032096e-01 4.943494e-01 4.295474e-01 3.104950e-01 4.348787e-01 4.735944e-01 5.442352e-01 4.244787e-01 3.338097e-01 4.292343e-01 5.822257e-01 3.679532e-01 5.213197e-01 6.940108e-01 5.626864e-01 4.404335e-01 6.794967e-01 4.696544e-01 5.515600e-01 4.186780e-01 3.704919e-01
<VARIANCE> 142
 2.000000e-01 2.000000e-01 2.000000e-01 2.000000e-01 2.000000e-01 2.000000e-01 2.000000e-01 2.000000e-01 2.000000e-01 2.000000e-01 2.000000e-01 2.000000e-01 2.000000e-01 2.000000e-01 2.000000e-01 2.000000e-01 2.000000e-01 2.000000e-01 2.000000e-01 2.000000e-01 2.000000e-01 2.000000e-01 2.000000e-01 2.000000e-01 2.000000e-01 2.000000e-01 2.000000e-01 2.000000e-01 2.000000e-01 2.000000e-01 2.000000e-01 2.000000e-01 2.000000e-01 2.000000e-01 2.000000e-01 2.000000e-01 2.000000e-01 2.000000e-01 2.000000e-01 2.000000e-01 2.000000e-01 2.000000e-01 2.000000e-01 2.000000e-01 2.000000e-01 2.000000e-01 2.000000e-01 2.000000e-01 2.000000e-01 2.000000e-01 2.000000e-01 2.000000e-01 2.000000e-01 2.000000e-01 2.000000e-01 2.000000e-01 2.000000e-01 2.000000e-01 2.000000e-01 2.000000e-01 2.000000e-01 2.000000e-01 2.000000e-01 2.000000e-01 2.000000e-01 2.000000e-01 2.000000e-01 2.000000e-01 2.000000e-01 2.000000e-01 2.000000e-01 2.000000e-01 2.000000e-01 2.000000e-01 2.000000e-01 2.000000e-01 2.000000e-01 2.000000e-01 2.000000e-01 2.000000e-01 2.000000e-01 2.000000e-01 2.000000e-01 2.000000e-01 2.000000e-01 2.000000e-01 2.000000e-01 2.000000e-01 2.000000e-01 2.000000e-01 2.000000e-01 2.000000e-01 2.000000e-01 2.000000e-01 2.000000e-01 2.000000e-01 2.000000e-01 2.000000e-01 2.000000e-01 2.000000e-01 2.000000e-01 2.000000e-01 2.000000e-01 2.000000e-01 2.000000e-01 2.000000e-01 2.000000e-01 2.000000e-01 2.000000e-01 2.000000e-01 2.000000e-01 2.000000e-01 2.000000e-01 2.000000e-01 2.000000e-01 2.000000e-01 2.000000e-01 2.000000e-01 2.000000e-01 2.000000e-01 2.000000e-01 2.000000e-01 2.000000e-01 2.000000e-01 2.000000e-01 2.000000e-01 2.000000e-01 2.000000e-01 2.000000e-01 2.000000e-01 2.000000e-01 2.000000e-01 2.000000e-01 2.000000e-01 2.000000e-01 2.000000e-01 2.000000e-01 2.000000e-01 2.000000e-01 2.000000e-01 2.000000e-01 2.000000e-01
<GCONST> 3.243863e+01
<TRANSP> 4
 0.000000e+00 1.000000e+00 0.000000e+00 0.000000e+00
 0.000000e+00 8.871388e-01 1.128613e-01 0.000000e+00
 0.000000e+00 0.000000e+00 8.156777e-01 1.843223e-01
 0.000000e+00 0.000000e+00 0.000000e+00 0.000000e+00
<ENDHMM>
