~o
<STREAMINFO> 1 142
<VECSIZE> 142<NULLD><USER><DIAGC>
~h "drink"
<BEGINHMM>
<NUMSTATES> 4
<STATE> 2
<MEAN> 142
 6.847562e-01 3.339782e-01 3.960503e-01 4.030201e-01 2.973417e-01 4.922931e-01 4.517512e-01 3.855404e-01 3.790688e-01 3.904248e-01 4.645333e-01 4.328904e-01 4.240914e-01 4.800568e-01 2.812469e-01 4.070112e-01 3.286617e-01 3.646506e-01 4.038521e-01 4.979242e-01 5.094362e-01 4.736008e-01 4.907617e-01 4.183012e-01 4.560997e-01 4.476989e-01 4.660032e-01 3.858036e-01 3.620721e-01 3.657036e-01 4.881694e-01 4.111343e-01 4.611812e-01 4.310904e-01 4.217713e-01 3.202037e-01 3.082018e-01 3.137040e-01 2.819381e-01 3.759306e-01 3.639378e-01 3.418502e-01 3.344751e-01 4.533446e-01 3.405802e-01 3.805282e-01 3.970709e-01 3.982908e-01 4.024544e-01 3.991819e-01 5.407642e-01 4.383615e-01 4.283263e-01 2.835776e-01 4.629565e-01 3.424719e-01 5.034959e-01 4.571481e-01 4.381459e-01 4.165940e-01 5.228999e-01 4.103965e-01 3.942449e-01 4.041982e-01 3.821368e-01 4.522496e-01 3.704806e-01 4.731395e-01 5.010908e-01 4.121346e-01 4.852006e-01 5.675973e-01 4.064946e-01 4.188058e-01 4.456507e-01 4.050575e-01 4.879312e-01 3.371886e-01 4.703068e-01 4.452785e-01 3.999479e-01 3.376576e-01 3.415839e-01 4.189534e-01 4.164125e-01 4.650414e-01 3.961331e-01 4.307238e-01 4.784001e-01 4.645115e-01 3.966824e-01 4.113262e-01 3.858693e-01 3.940968e-01 3.386051e-01 4.553342e-01 4.139030e-01 3.394108e-01 3.895145e-01 4.688325e-01 3.356440e-01 4.614065e-01 3.757874e-01 3.429347e-01 3.565114e-01 3.302050e-01 4.628132e-01 3.549547e-01 4.506154e-01 4.837181e-01 4.168951e-01 3.926060e-01 3.582104e-01 2.692759e-01 3.257336e-01 4.292867e-01 3.907619e-01 3.825310e-01 4.301458e-01 4.606075e-01 3.973772e-01 4.250059e-01 4.508635e-01 4.523999e-01 5.202249e-01 3.709264e-01 3.862616e-01 3.648373e-01 3.389597e-01 5.285202e-01 4.310987e-01 3.188790e-01 4.683983e-01 3.873103e-01 2.959471e-01 3.713175e-01 4.787871e-01 3.712367e-01 4.242122e-01 3.253235e-01 3.985153e-01 4.755968e-01
<VARIANCE> 142
 2.000000e-01 2.000000e-01 2.000000e-01 2.000000e-01 2.000000e-01 2.000000e-01 2.000000e-01 2.000000e-01 2.000000e-01 2.000000e-01 2.000000e-01 2.000000e-01 2.000000e-01 2.000000e-01 2.000000e-01 2.000000e-01 2.000000e-01 2.000000e-01 2.000000e-01 2.000000e-01 2.000000e-01 2.000000e-01 2.000000e-01 2.000000e-01 2.000000e-01 2.000000e-01 2.000000e-01 2.000000e-01 2.000000e-01 2.000000e-01 2.000000e-01 2.000000e-01 2.000000e-01 2.000000e-01 2.000000e-01 2.000000e-01 2.000000e-01 2.000000e-01 2.000000e-01 2.000000e-01 2.000000e-01 2.000000e-01 2.000000e-01 2.000000e-01 2.000000e-01 2.000000e-01 2.000000e-01 2.000000e-01 2.000000e-01 2.000000e-01 2.000000e-01 2.000000e-01 2.000000e-01 2.000000e-01 2.000000e-01 2.000000e-01 2.000000e-01 2.000000e-01 2.000000e-01 2.000000e-01 2.000000e-01 2.000000e-01 2.000000e-01 2.000000e-01 2.000000e-01 2.000000e-01 2.000000e-01 2.000000e-01 2.000000e-01 2.000000e-01 2.000000e-01 2.000000e-01 2.000000e-01 2.000000e-01 2.000000e-01 2.000000e-01 2.000000e-01 2.000000e-01 2.000000e-01 2.000000e-01 2.000000e-01 2.000000e-01 2.000000e-01 2.000000e-01 2.000000e-01 2.000000e-01 2.000000e-01 2.000000e-01 2.000000e-01 2.000000e-01 2.000000e-01 2.000000e-01 2.000000e-01 2.000000e-01 2.000000e-01 2.000000e-01 2.000000e-01 2.000000e-01 2.000000e-01 2.000000e-01 2.000000e-01 2.000000e-01 2.000000e-01 2.000000e-01 2.000000e-01 2.000000e-01 2.000000e-01 2.000000e-01 2.000000e-01 2.000000e-01 2.000000e-01 2.000000e-01 2.000000e-01 2.000000e-01 2.000000e-01 2.000000e-01 2.000000e-01 2.000000e-01 2.000000e-01 2.000000e-01 2.000000e-01 2.000000e-01 2.000000e-01 2.000000e-01 2.000000e-01 2.000000e-01 2.000000e-01 2.000000e-01 2.000000e-01 2.000000e-01 2.000000e-01 2.000000e-01 2.000000e-01 2.000000e-01 2.000000e-01 2.000000e-01 2.000000e-01 2.000000e-01 2.000000e-01 2.000000e-01 2.000000e-01 2.000000e-01
<GCONST> 3.243863e+01
<STATE> 3
<MEAN> 142
 5.185799e-01 3.284538e-01 2.873810e-01 2.770148e-01 2.360943e-01 2.095917e-01 3.047175e-01 3.502057e-01 3.349891e-01 3.854493e-01 4.100717e-01 3.710843e-01 3.919474e-01 4.184086e-01 2.650203e-01 3.423690e-01 3.967649e-01 3.479177e-01 2.499547e-01 3.170135e-01 4.229956e-01 4.339732e-01 3.185783e-01 4.193246e-01 4.650604e-01 4.283516e-01 3.927389e-01 3.527908e-01 4.187697e-01 3.400191e-01 4.626656e-01 4.465240e-01 3.676185e-01 4.926059e-01 4.093699e-01 3.446204e-01 2.943725e-01 3.130573e-01 3.451550e-01 3.054233e-01 3.481887e-01 4.100060e-01 2.917390e-01 2.935266e-01 1.828911e-01 3.342431e-01 3.887597e-01 4.293666e-01 4.033023e-01 2.898400e-01 4.078968e-01 4.142460e-01 4.286487e-01 2.627920e-01 3.529181e-01 3.678450e-01 4.133334e-01 2.651742e-01 3.281997e-01 2.568288e-01 3.978511e-01 5.628249e-01 4.445094e-01 4.555641e-01 3.760360e-01 4.025894e-01 3.332275e-01 3.625320e-01 4.164623e-01 4.041930e-01 4.424588e-01 3.499418e-01 3.905446e-01 3.763320e-01 2.983831e-01 3.408934e-01 4.526362e-01 3.535951e-01 4.730259e-01 3.704795e-01 4.336674e-01 3.265422e-01 3.582552e-01 3.723929e-01 3.127092e-01 3.332621e-01 3.557444e-01 4.057042e-01 4.559970e-01 2.807312e-01 2.970060e-01 2.738414e-01 3.730180e-01 3.471759e-01 3.902542e-01 4.027430e-01 4.218787e-01 2.921352e-01 4.284188e-01 4.769786e-01 4.106022e-01 4.397481e-01 3.341483e-01 3.160364e-01 3.192381e-01 2.783276e-01 3.836778e-01 4.028579e-01 3.608864e-01 3.375880e-01 4.013367e-01 2.830398e-01 3.047202e-01 2.906341e-01 3.604390e-01 3.910651e-01 3.527528e-01 4.058930e-01 3.928527e-01 3.653370e-01 3.902265e-01 4.458010e-01 4.445845e-01 2.582358e-01 3.833658e-01 3.197988e-01 3.270888e-01 3.592779e-01 3.001808e-01 3.816598e-01 3.835668e-01 3.390901e-01 3.093956e-01 4.119162e-01 3.389265e-01 4.010009e-01 3.615876e-01 3.875226e-01 3.827282e-01 3.569016e-01 4.329334e-01 4.094626e-01
<VARIANCE> 142
 2.000000e-01 2.000000e-01 2.000000e-01 2.000000e-01 2.000000e-01 2.000000e-01 2.000000e-01 2.000000e-01 2.000000e-01 2.000000e-01 2.000000e-01 2.000000e-01 2.000000e-01 2.000000e-01 2.000000e-01 2.000000e-01 2.000000e-01 2.000000e-01 2.000000e-01 2.000000e-01 2.000000e-01 2.000000e-01 2.000000e-01 2.000000e-01 2.000000e-01 2.000000e-01 2.000000e-01 2.000000e-01 2.000000e-01 2.000000e-01 2.000000e-01 2.000000e-01 2.000000e-01 2.000000e-01 2.000000e-01 2.000000e-01 2.000000e-01 2.000000e-01 2.000000e-01 2.000000e-01 2.000000e-01 2.000000e-01 2.000000e-01 2.000000e-01 2.000000e-01 2.000000e-01 2.000000e-01 2.000000e-01 2.000000e-01 2.000000e-01 2.000000e-01 2.000000e-01 2.000000e-01 2.000000e-01 2.000000e-01 2.000000e-01 2.000000e-01 2.000000e-01 2.000000e-01 2.000000e-01 2.000000e-01 2.000000e-01 2.000000e-01 2.000000e-01 2.000000e-01 2.000000e-01 2.000000e-01 2.000000e-01 2.000000e-01 2.000000e-01 2.000000e-01 2.000000e-01 2.000000e-01 2.000000e-01 2.000000e-01 2.000000e-01 2.000000e-01 2.000000e-01 2.000000e-01 2.000000e-01 2.000000e-01 2.000000e-01 2.000000e-01 2.000000e-01 2.000000e-01 2.000000e-01 2.000000e-01 2.000000e-01 2.000000e-01 2.000000e-01 2.000000e-01 2.000000e-01 2.000000e-01 2.000000e-01 2.000000e-01 2.000000e-01 2.000000e-01 2.000000e-01 2.000000e-01 2.000000e-01 2.000000e-01 2.000000e-01 2.000000e-01 2.000000e-01 2.000000e-01 2.000000e-01 2.000000e-01 2.000000e-01 2.000000e-01 2.000000e-01 2.000000e-01 2.000000e-01 2.000000e-01 2.000000e-01 2.000000e-01 2.000000e-01 2.000000e-01 2.000000e-01 2.000000e-01 2.000000e-01 2.000000e-01 2.000000e-01 2.000000e-01 2.000000e-01 2.000000e-01 2.000000e-01 2.000000e-01 2.000000e-01 2.000000e-01 2.000000e-01 2.000000e-01 2.000000e-01 2.000000e-01 2.000000e-01 2.000000e-01 2.000000e-01 2.000000e-01 2.000000e-01 2.000000e-01 2.000000e-01 2.000000e-01 2.000000e-01
<GCONST> 3.243863e+01
<TRANSP> 4
 0.000000e+00 1.000000e+00 0.000000e+00 0.000000e+00
 0.000000e+00 8.518723e-01 1.481277e-01 0.000000e+00
 0.000000e+00 0.000000e+00 8.672821e-01 1.327179e-01
 0.000000e+00 0.000000e+00 0.000000e+00 0.000000e+00
<ENDHMM>
