~o
<STREAMINFO> 1 142
<VECSIZE> 142<NULLD><USER><DIAGC>
~h "expert"
<BEGINHMM>
<NUMSTATES> 4
<STATE> 2
<MEAN> 142
 5.510599e-01 3.702938e-01 3.229747e-01 2.800087e-01 2.731498e-01 2.949767e-01 3.046608e-01 3.206872e-01 4.157271e-01 4.108979e-01 4.318744e-01 4.610308e-01 4.149660e-01 5.223843e-01 4.116687e-01 3.307020e-01 4.266872e-01 4.653731e-01 2.556650e-01 3.767902e-01 4.063094e-01 3.974461e-01 3.149593e-01 4.403495e-01 4.892749e-01 3.913228e-01 3.692342e-01 4.554406e-01 4.630143e-01 4.257156e-01 4.589084e-01 4.333781e-01 3.156230e-01 4.518304e-01 4.546087e-01 3.895817e-01 4.053209e-01 4.557798e-01 3.865125e-01 3.350809e-01 4.574776e-01 5.013168e-01 3.425236e-01 3.121333e-01 2.017551e-01 4.151003e-01 3.952613e-01 4.435748e-01 4.038815e-01 3.340099e-01 4.638653e-01 4.559114e-01 4.233150e-01 3.136156e-01 4.494842e-01 4.038166e-01 3.873355e-01 2.798743e-01 3.211719e-01 2.805349e-01 4.263077e-01 4.208294e-01 3.844268e-01 4.159364e-01 4.769079e-01 3.947620e-01 4.513093e-01 3.293127e-01 3.472263e-01 4.411991e-01 4.906675e-01 3.669887e-01 3.915762e-01 4.028918e-01 2.582599e-01 4.055607e-01 3.924206e-01 4.163932e-01 4.490066e-01 3.947896e-01 4.891242e-01 3.980400e-01 4.718650e-01 3.877018e-01 3.278317e-01 3.477128e-01 4.218745e-01 4.583865e-01 4.664566e-01 3.150980e-01 3.658508e-01 2.768623e-01 4.690756e-01 3.908276e-01 4.241120e-01 4.892441e-01 4.708804e-01 4.567153e-01 4.967892e-01 4.058388e-01 4.261372e-01 4.045141e-01 3.726947e-01 4.311727e-01 3.742053e-01 2.883500e-01 3.665151e-01 4.291809e-01 4.359930e-01 3.246151e-01 3.895337e-01 3.836265e-01 3.067057e-01 3.339566e-01 3.699184e-01 4.194516e-01 3.459681e-01 4.003258e-01 4.566829e-01 3.567669e-01 4.490750e-01 4.625347e-01 3.911426e-01 3.802241e-01 3.525643e-01 4.021738e-01 4.583924e-01 4.831771e-01 4.387344e-01 3.492419e-01 3.903561e-01 4.434394e-01 4.272151e-01 4.696957e-01 4.690640e-01 4.472825e-01 3.897923e-01 4.970724e-01 4.210379e-01 3.721889e-01 4.137691e-01 4.025469e-01
<VARIANCE> 142
 2.000000e-01 2.000000e-01 2.000000e-01 2.000000e-01 2.000000e-01 2.000000e-01 2.000000e-01 2.000000e-01 2.000000e-01 2.000000e-01 2.000000e-01 2.000000e-01 2.000000e-01 2.000000e-01 2.000000e-01 2.000000e-01 2.000000e-01 2.000000e-01 2.000000e-01 2.000000e-01 2.000000e-01 2.000000e-01 2.000000e-01 2.000000e-01 2.000000e-01 2.000000e-01 2.000000e-01 2.000000e-01 2.000000e-01 2.000000e-01 2.000000e-01 2.000000e-01 2.000000e-01 2.000000e-01 2.000000e-01 2.000000e-01 2.000000e-01 2.000000e-01 2.000000e-01 2.000000e-01 2.000000e-01 2.000000e-01 2.000000e-01 2.000000e-01 2.000000e-01 2.000000e-01 2.000000e-01 2.000000e-01 2.000000e-01 2.000000e-01 2.000000e-01 2.000000e-01 2.000000e-01 2.000000e-01 2.000000e-01 2.000000e-01 2.000000e-01 2.000000e-01 2.000000e-01 2.000000e-01 2.000000e-01 2.000000e-01 2.000000e-01 2.000000e-01 2.000000e-01 2.000000e-01 2.000000e-01 2.000000e-01 2.000000e-01 2.000000e-01 2.000000e-01 2.000000e-01 2.000000e-01 2.000000e-01 2.000000e-01 2.000000e-01 2.000000e-01 2.000000e-01 2.000000e-01 2.000000e-01 2.000000e-01 2.000000e-01 2.000000e-01 2.000000e-01 2.000000e-01 2.000000e-01 2.000000e-01 2.000000e-01 2.000000e-01 2.000000e-01 2.000000e-01 2.000000e-01 2.000000e-01 2.000000e-01 2.000000e-01 2.000000e-01 2.000000e-01 2.000000e-01 2.000000e-01 2.000000e-01 2.000000e-01 2.000000e-01 2.000000e-01 2.000000e-01 2.000000e-01 2.000000e-01 2.000000e-01 2.000000e-01 2.000000e-01 2.000000e-01 2.000000e-01 2.000000e-01 2.000000e-01 2.000000e-01 2.000000e-01 2.000000e-01 2.000000e-01 2.000000e-01 2.000000e-01 2.000000e-01 2.000000e-01 2.000000e-01 2.000000e-01 2.000000e-01 2.000000e-01 2.000000e-01 2.000000e-01 2.000000e-01 2.000000e-01 2.000000e-01 2.000000e-01 2.000000e-01 2.000000e-01 2.000000e-01 2.000000e-01 2.000000e-01 2.000000e-01 2.000000e-01 2.000000e-01 2.000000e-01 2.000000e-01 2.000000e-01
<GCONST> 3.243863e+01
<STATE> 3
<MEAN> 142
 7.063423e-01 3.228717e-01 4.433744e-01 3.966770e-01 3.375839e-01 3.868481e-01 4.482994e-01 3.519719e-01 3.341364e-01 3.802821e-01 5.269559e-01 3.977934e-01 3.745489e-01 5.223149e-01 2.949696e-01 3.734231e-01 3.860633e-01 3.495165e-01 3.610636e-01 3.961455e-01 5.480790e-01 5.147347e-01 4.453487e-01 4.750534e-01 5.024241e-01 3.603773e-01 4.774068e-01 3.476567e-01 3.975197e-01 3.150733e-01 5.035732e-01 4.416476e-01 4.680941e-01 4.689473e-01 4.245230e-01 3.361967e-01 3.533927e-01 2.588260e-01 3.221404e-01 3.008455e-01 2.779221e-01 4.156210e-01 2.871122e-01 4.019308e-01 2.563213e-01 4.118875e-01 5.311086e-01 4.192393e-01 4.402895e-01 3.606308e-01 5.182314e-01 3.591656e-01 4.095591e-01 2.176141e-01 4.662269e-01 3.294744e-01 5.064831e-01 4.105645e-01 3.825741e-01 3.852700e-01 4.784895e-01 4.381045e-01 3.335146e-01 3.573522e-01 3.250141e-01 5.052885e-01 3.120923e-01 4.569392e-01 4.281940e-01 3.087448e-01 4.591361e-01 4.264335e-01 4.194123e-01 4.439719e-01 3.540959e-01 3.602270e-01 4.620131e-01 4.598853e-01 4.553781e-01 4.789617e-01 3.760606e-01 3.585259e-01 3.213676e-01 4.986153e-01 3.558149e-01 4.538925e-01 3.709970e-01 4.150875e-01 4.681980e-01 3.668924e-01 3.155464e-01 3.600546e-01 3.820025e-01 3.208718e-01 4.251004e-01 4.189793e-01 3.932371e-01 2.569351e-01 4.287478e-01 4.196714e-01 3.654820e-01 5.146272e-01 3.281089e-01 3.049253e-01 3.726399e-01 3.388806e-01 3.603202e-01 3.253295e-01 4.471863e-01 4.416075e-01 3.561076e-01 3.367381e-01 3.627967e-01 3.411483e-01 3.462371e-01 3.797369e-01 3.326912e-01 4.507915e-01 3.653992e-01 4.704266e-01 4.192441e-01 5.560389e-01 4.533122e-01 3.608626e-01 4.880810e-01 3.988138e-01 3.926326e-01 2.913541e-01 2.526245e-01 4.590782e-01 4.171809e-01 3.886079e-01 3.487886e-01 3.956845e-01 3.322169e-01 4.357890e-01 4.863588e-01 3.663210e-01 3.781047e-01 4.052166e-01 4.752391e-01 4.708777e-01
<VARIANCE> 142
 2.000000e-01 2.000000e-01 2.000000e-01 2.000000e-01 2.000000e-01 2.000000e-01 2.000000e-01 2.000000e-01 2.000000e-01 2.000000e-01 2.000000e-01 2.000000e-01 2.000000e-01 2.000000e-01 2.000000e-01 2.000000e-01 2.000000e-01 2.000000e-01 2.000000e-01 2.000000e-01 2.000000e-01 2.000000e-01 2.000000e-01 2.000000e-01 2.000000e-01 2.000000e-01 2.000000e-01 2.000000e-01 2.000000e-01 2.000000e-01 2.000000e-01 2.000000e-01 2.000000e-01 2.000000e-01 2.000000e-01 2.000000e-01 2.000000e-01 2.000000e-01 2.000000e-01 2.000000e-01 2.000000e-01 2.000000e-01 2.000000e-01 2.000000e-01 2.000000e-01 2.000000e-01 2.000000e-01 2.000000e-01 2.000000e-01 2.000000e-01 2.000000e-01 2.000000e-01 2.000000e-01 2.000000e-01 2.000000e-01 2.000000e-01 2.000000e-01 2.000000e-01 2.000000e-01 2.000000e-01 2.000000e-01 2.000000e-01 2.000000e-01 2.000000e-01 2.000000e-01 2.000000e-01 2.000000e-01 2.000000e-01 2.000000e-01 2.000000e-01 2.000000e-01 2.000000e-01 2.000000e-01 2.000000e-01 2.000000e-01 2.000000e-01 2.000000e-01 2.000000e-01 2.000000e-01 2.000000e-01 2.000000e-01 2.000000e-01 2.000000e-01 2.000000e-01 2.000000e-01 2.000000e-01 2.000000e-01 2.000000e-01 2.000000e-01 2.000000e-01 2.000000e-01 2.000000e-01 2.000000e-01 2.000000e-01 2.000000e-01 2.000000e-01 2.000000e-01 2.000000e-01 2.000000e-01 2.000000e-01 2.000000e-01 2.000000e-01 2.000000e-01 2.000000e-01 2.000000e-01 2.000000e-01 2.000000e-01 2.000000e-01 2.000000e-01 2.000000e-01 2.000000e-01 2.000000e-01 2.000000e-01 2.000000e-01 2.000000e-01 2.000000e-01 2.000000e-01 2.000000e-01 2.000000e-01 2.000000e-01 2.000000e-01 2.000000e-01 2.000000e-01 2.000000e-01 2.000000e-01 2.000000e-01 2.000000e-01 2.000000e-01 2.000000e-01 2.000000e-01 2.000000e-01 2.000000e-01 2.000000e-01 2.000000e-01 2.000000e-01 2.000000e-01 2.000000e-01 2.000000e-01 2.000000e-01 2.000000e-01 2.000000e-01 2.000000e-01
<GCONST> 3.243863e+01
<TRANSP> 4
 0.000000e+00 1.000000e+00 0.000000e+00 0.000000e+00
 0.000000e+00 8.337911e-01 1.662089e-01 0.000000e+00
 0.000000e+00 0.000000e+00 8.801458e-01 1.198542e-01
 0.000000e+00 0.000000e+00 0.000000e+00 0.000000e+00
<ENDHMM>
