~o
<STREAMINFO> 1 142
<VECSIZE> 142<NULLD><USER><DIAGC>
~h "father"
<BEGINHMM>
<NUMSTATES> 4
<STATE> 2
<MEAN> 142
 4.929541e-01 3.867710e-01 3.345727e-01 3.420965e-01 3.405541e-01 2.835205e-01 2.874160e-01 3.080906e-01 3.935131e-01 5.336608e-01 4.950834e-01 4.605381e-01 4.448462e-01 5.432723e-01 4.223222e-01 3.208853e-01 4.077762e-01 4.004932e-01 3.778842e-01 4.244706e-01 3.709709e-01 3.505175e-01 3.723792e-01 4.712777e-01 5.199726e-01 3.860395e-01 3.965253e-01 4.589988e-01 4.783679e-01 4.726145e-01 4.544729e-01 3.608826e-01 2.774751e-01 4.783250e-01 4.728272e-01 3.565998e-01 4.306015e-01 4.973721e-01 4.515201e-01 3.841940e-01 4.306499e-01 4.923358e-01 4.367567e-01 3.355780e-01 2.828608e-01 3.898557e-01 3.828357e-01 4.346942e-01 3.388117e-01 3.516913e-01 4.468080e-01 5.118970e-01 5.273654e-01 3.332764e-01 3.294676e-01 4.232754e-01 4.767412e-01 3.277334e-01 3.570139e-01 3.061830e-01 3.665291e-01 4.674390e-01 4.245988e-01 4.450327e-01 4.918217e-01 3.735461e-01 4.709471e-01 3.374625e-01 3.640842e-01 5.021688e-01 4.646797e-01 3.338386e-01 4.221668e-01 4.574576e-01 3.063065e-01 3.613008e-01 3.806583e-01 3.407693e-01 5.035232e-01 4.137048e-01 5.297833e-01 3.647177e-01 4.612669e-01 3.471922e-01 3.501911e-01 2.528600e-01 3.782246e-01 4.407634e-01 4.503802e-01 3.568895e-01 4.071804e-01 3.033435e-01 4.689934e-01 3.947594e-01 4.159254e-01 5.048270e-01 4.341066e-01 4.271858e-01 4.869075e-01 4.284308e-01 5.198220e-01 3.867230e-01 3.370741e-01 4.563290e-01 3.632319e-01 3.602367e-01 4.943094e-01 4.984435e-01 3.866190e-01 3.137934e-01 4.245644e-01 3.884979e-01 3.579898e-01 3.736311e-01 4.001956e-01 3.744558e-01 4.200346e-01 4.563191e-01 4.588408e-01 3.719948e-01 4.413756e-01 3.951875e-01 4.426056e-01 3.818797e-01 3.715988e-01 3.883099e-01 4.597643e-01 4.898609e-01 5.500605e-01 4.391348e-01 3.380173e-01 4.265456e-01 3.778545e-01 4.691711e-01 4.102176e-01 4.644099e-01 3.193777e-01 4.340011e-01 3.752584e-01 3.647766e-01 4.435880e-01 3.958914e-01
<VARIANCE> 142
 2.000000e-01 2.000000e-01 2.000000e-01 2.000000e-01 2.000000e-01 2.000000e-01 2.000000e-01 2.000000e-01 2.000000e-01 2.000000e-01 2.000000e-01 2.000000e-01 2.000000e-01 2.000000e-01 2.000000e-01 2.000000e-01 2.000000e-01 2.000000e-01 2.000000e-01 2.000000e-01 2.000000e-01 2.000000e-01 2.000000e-01 2.000000e-01 2.000000e-01 2.000000e-01 2.000000e-01 2.000000e-01 2.000000e-01 2.000000e-01 2.000000e-01 2.000000e-01 2.000000e-01 2.000000e-01 2.000000e-01 2.000000e-01 2.000000e-01 2.000000e-01 2.000000e-01 2.000000e-01 2.000000e-01 2.000000e-01 2.000000e-01 2.000000e-01 2.000000e-01 2.000000e-01 2.000000e-01 2.000000e-01 2.000000e-01 2.000000e-01 2.000000e-01 2.000000e-01 2.000000e-01 2.000000e-01 2.000000e-01 2.000000e-01 2.000000e-01 2.000000e-01 2.000000e-01 2.000000e-01 2.000000e-01 2.000000e-01 2.000000e-01 2.000000e-01 2.000000e-01 2.000000e-01 2.000000e-01 2.000000e-01 2.000000e-01 2.000000e-01 2.000000e-01 2.000000e-01 2.000000e-01 2.000000e-01 2.000000e-01 2.000000e-01 2.000000e-01 2.000000e-01 2.000000e-01 2.000000e-01 2.000000e-01 2.000000e-01 2.000000e-01 2.000000e-01 2.000000e-01 2.000000e-01 2.000000e-01 2.000000e-01 2.000000e-01 2.000000e-01 2.000000e-01 2.000000e-01 2.000000e-01 2.000000e-01 2.000000e-01 2.000000e-01 2.000000e-01 2.000000e-01 2.000000e-01 2.000000e-01 2.000000e-01 2.000000e-01 2.000000e-01 2.000000e-01 2.000000e-01 2.000000e-01 2.000000e-01 2.000000e-01 2.000000e-01 2.000000e-01 2.000000e-01 2.000000e-01 2.000000e-01 2.000000e-01 2.000000e-01 2.000000e-01 2.000000e-01 2.000000e-01 2.000000e-01 2.000000e-01 2.000000e-01 2.000000e-01 2.000000e-01 2.000000e-01 2.000000e-01 2.000000e-01 2.000000e-01 2.000000e-01 2.000000e-01 2.000000e-01 2.000000e-01 2.000000e-01 2.000000e-01 2.000000e-01 2.000000e-01 2.000000e-01 2.000000e-01 2.000000e-01 2.000000e-01 2.000000e-01 2.000000e-01 2.000000e-01
<GCONST> 3.243863e+01
<STATE> 3
<MEAN> 142
 6.484070e-01 2.919862e-01 4.405004e-01 3.330606e-01 2.608798e-01 4.303072e-01 4.940259e-01 3.666737e-01 4.192674e-01 3.633264e-01 4.571745e-01 4.489448e-01 4.147761e-01 5.035790e-01 3.188740e-01 3.721726e-01 4.620226e-01 3.785973e-01 3.707854e-01 5.054573e-01 4.882306e-01 3.926246e-01 4.131763e-01 4.132325e-01 4.376744e-01 4.816389e-01 3.754983e-01 3.989436e-01 3.566672e-01 3.875983e-01 4.786297e-01 3.940088e-01 5.261927e-01 4.156260e-01 4.584407e-01 2.755815e-01 3.286042e-01 2.799859e-01 3.011872e-01 4.670391e-01 2.561945e-01 3.352289e-01 2.942011e-01 4.180673e-01 3.551304e-01 4.679264e-01 3.687919e-01 4.607836e-01 3.632999e-01 3.435798e-01 4.124241e-01 3.783275e-01 4.001792e-01 2.817567e-01 4.578329e-01 3.968760e-01 3.729941e-01 4.212008e-01 2.851794e-01 3.765661e-01 5.162807e-01 4.030069e-01 3.735904e-01 3.637663e-01 3.919969e-01 4.923828e-01 3.302616e-01 3.888222e-01 4.313661e-01 3.077985e-01 5.679558e-01 4.700677e-01 4.584770e-01 5.262566e-01 4.158724e-01 3.767523e-01 5.029845e-01 3.733314e-01 3.674687e-01 4.227670e-01 4.100643e-01 2.794479e-01 3.272070e-01 3.229952e-01 4.979345e-01 4.828956e-01 4.131220e-01 4.173969e-01 4.338689e-01 4.151729e-01 3.446090e-01 4.321015e-01 5.117694e-01 3.558353e-01 3.785384e-01 4.707465e-01 4.466804e-01 3.637861e-01 3.645914e-01 4.899143e-01 3.871066e-01 4.325073e-01 3.546138e-01 2.794641e-01 3.221844e-01 2.767909e-01 3.185962e-01 3.396174e-01 3.734535e-01 4.907995e-01 3.544211e-01 3.508593e-01 3.922170e-01 2.369652e-01 3.242645e-01 4.385149e-01 2.917204e-01 3.507112e-01 4.105752e-01 3.807502e-01 3.882734e-01 4.838279e-01 3.495388e-01 3.638836e-01 5.852087e-01 4.265316e-01 4.703834e-01 3.229890e-01 3.656606e-01 5.228776e-01 4.998182e-01 3.275991e-01 4.310185e-01 4.015360e-01 3.120116e-01 2.868454e-01 5.449880e-01 3.518080e-01 4.530855e-01 3.445985e-01 3.470505e-01 6.229060e-01
<VARIANCE> 142
 2.000000e-01 2.000000e-01 2.000000e-01 2.000000e-01 2.000000e-01 2.000000e-01 2.000000e-01 2.000000e-01 2.000000e-01 2.000000e-01 2.000000e-01 2.000000e-01 2.000000e-01 2.000000e-01 2.000000e-01 2.000000e-01 2.000000e-01 2.000000e-01 2.000000e-01 2.000000e-01 2.000000e-01 2.000000e-01 2.000000e-01 2.000000e-01 2.000000e-01 2.000000e-01 2.000000e-01 2.000000e-01 2.000000e-01 2.000000e-01 2.000000e-01 2.000000e-01 2.000000e-01 2.000000e-01 2.000000e-01 2.000000e-01 2.000000e-01 2.000000e-01 2.000000e-01 2.000000e-01 2.000000e-01 2.000000e-01 2.000000e-01 2.000000e-01 2.000000e-01 2.000000e-01 2.000000e-01 2.000000e-01 2.000000e-01 2.000000e-01 2.000000e-01 2.000000e-01 2.000000e-01 2.000000e-01 2.000000e-01 2.000000e-01 2.000000e-01 2.000000e-01 2.000000e-01 2.000000e-01 2.000000e-01 2.000000e-01 2.000000e-01 2.000000e-01 2.000000e-01 2.000000e-01 2.000000e-01 2.000000e-01 2.000000e-01 2.000000e-01 2.000000e-01 2.000000e-01 2.000000e-01 2.000000e-01 2.000000e-01 2.000000e-01 2.000000e-01 2.000000e-01 2.000000e-01 2.000000e-01 2.000000e-01 2.000000e-01 2.000000e-01 2.000000e-01 2.000000e-01 2.000000e-01 2.000000e-01 2.000000e-01 2.000000e-01 2.000000e-01 2.000000e-01 2.000000e-01 2.000000e-01 2.000000e-01 2.000000e-01 2.000000e-01 2.000000e-01 2.000000e-01 2.000000e-01 2.000000e-01 2.000000e-01 2.000000e-01 2.000000e-01 2.000000e-01 2.000000e-01 2.000000e-01 2.000000e-01 2.000000e-01 2.000000e-01 2.000000e-01 2.000000e-01 2.000000e-01 2.000000e-01 2.000000e-01 2.000000e-01 2.000000e-01 2.000000e-01 2.000000e-01 2.000000e-01 2.000000e-01 2.000000e-01 2.000000e-01 2.000000e-01 2.000000e-01 2.000000e-01 2.000000e-01 2.000000e-01 2.000000e-01 2.000000e-01 2.000000e-01 2.000000e-01 2.000000e-01 2.000000e-01 2.000000e-01 2.000000e-01 2.000000e-01 2.000000e-01 2.000000e-01 2.000000e-01 2.000000e-01 2.000000e-01 2.000000e-01
<GCONST> 3.243863e+01
<TRANSP> 4
 0.000000e+00 1.000000e+00 0.000000e+00 0.000000e+00
 0.000000e+00 8.668953e-01 1.331047e-01 0.000000e+00
 0.000000e+00 0.000000e+00 8.646293e-01 1.353707e-01
 0.000000e+00 0.000000e+00 0.000000e+00 0.000000e+00
<ENDHMM>
