~o
<STREAMINFO> 1 142
<VECSIZE> 142<NULLD><USER><DIAGC>
~h "favorite"
<BEGINHMM>
<NUMSTATES> 4
<STATE> 2
<MEAN> 142
 6.448044e-01 3.106381e-01 4.118474e-01 3.694755e-01 3.436371e-01 4.687937e-01 4.002695e-01 3.318686e-01 3.797597e-01 4.047030e-01 5.157679e-01 3.668008e-01 4.241818e-01 5.196782e-01 3.602510e-01 3.458704e-01 3.341755e-01 3.209302e-01 3.710335e-01 4.292010e-01 4.592765e-01 4.529115e-01 3.970240e-01 4.194283e-01 4.929249e-01 4.186803e-01 5.197572e-01 3.584205e-01 3.394910e-01 3.598540e-01 4.947048e-01 3.661164e-01 3.838214e-01 4.701836e-01 4.338051e-01 3.106685e-01 4.175175e-01 3.171352e-01 2.906930e-01 3.643947e-01 3.599061e-01 3.832928e-01 3.475575e-01 3.732680e-01 2.936870e-01 3.900996e-01 4.446800e-01 3.984069e-01 4.707463e-01 3.560676e-01 5.078124e-01 3.610335e-01 4.444354e-01 2.842965e-01 4.675285e-01 3.242936e-01 4.894775e-01 4.197042e-01 3.931984e-01 4.080178e-01 5.037130e-01 4.302996e-01 3.662257e-01 3.828522e-01 3.887080e-01 4.179542e-01 3.465832e-01 4.757202e-01 4.455462e-01 3.644999e-01 4.354005e-01 4.429927e-01 3.974451e-01 3.840452e-01 3.573016e-01 3.832177e-01 4.406447e-01 3.853936e-01 4.782854e-01 4.262590e-01 4.477609e-01 3.602674e-01 3.554604e-01 4.750963e-01 3.820453e-01 4.215260e-01 3.986924e-01 4.204158e-01 4.933897e-01 3.941572e-01 2.708330e-01 3.709757e-01 3.756131e-01 3.920590e-01 4.105019e-01 4.332321e-01 4.273846e-01 3.066428e-01 4.364534e-01 4.570999e-01 3.606620e-01 4.874469e-01 3.317518e-01 3.644219e-01 3.939364e-01 2.990478e-01 3.480430e-01 3.522540e-01 5.348369e-01 4.970874e-01 3.838060e-01 3.308141e-01 3.669037e-01 3.650714e-01 3.513156e-01 4.099469e-01 3.373811e-01 4.161005e-01 3.997257e-01 4.149401e-01 4.050255e-01 3.984056e-01 3.956865e-01 3.603778e-01 4.497222e-01 3.426764e-01 3.499140e-01 3.229737e-01 3.439692e-01 4.470554e-01 4.131341e-01 3.352064e-01 3.676658e-01 3.822584e-01 3.376330e-01 4.202420e-01 4.735086e-01 3.910633e-01 4.064365e-01 3.928769e-01 4.152381e-01 4.366668e-01
<VARIANCE> 142
 2.000000e-01 2.000000e-01 2.000000e-01 2.000000e-01 2.000000e-01 2.000000e-01 2.000000e-01 2.000000e-01 2.000000e-01 2.000000e-01 2.000000e-01 2.000000e-01 2.000000e-01 2.000000e-01 2.000000e-01 2.000000e-01 2.000000e-01 2.000000e-01 2.000000e-01 2.000000e-01 2.000000e-01 2.000000e-01 2.000000e-01 2.000000e-01 2.000000e-01 2.000000e-01 2.000000e-01 2.000000e-01 2.000000e-01 2.000000e-01 2.000000e-01 2.000000e-01 2.000000e-01 2.000000e-01 2.000000e-01 2.000000e-01 2.000000e-01 2.000000e-01 2.000000e-01 2.000000e-01 2.000000e-01 2.000000e-01 2.000000e-01 2.000000e-01 2.000000e-01 2.000000e-01 2.000000e-01 2.000000e-01 2.000000e-01 2.000000e-01 2.000000e-01 2.000000e-01 2.000000e-01 2.000000e-01 2.000000e-01 2.000000e-01 2.000000e-01 2.000000e-01 2.000000e-01 2.000000e-01 2.000000e-01 2.000000e-01 2.000000e-01 2.000000e-01 2.000000e-01 2.000000e-01 2.000000e-01 2.000000e-01 2.000000e-01 2.000000e-01 2.000000e-01 2.000000e-01 2.000000e-01 2.000000e-01 2.000000e-01 2.000000e-01 2.000000e-01 2.000000e-01 2.000000e-01 2.000000e-01 2.000000e-01 2.000000e-01 2.000000e-01 2.000000e-01 2.000000e-01 2.000000e-01 2.000000e-01 2.000000e-01 2.000000e-01 2.000000e-01 2.000000e-01 2.000000e-01 2.000000e-01 2.000000e-01 2.000000e-01 2.000000e-01 2.000000e-01 2.000000e-01 2.000000e-01 2.000000e-01 2.000000e-01 2.000000e-01 2.000000e-01 2.000000e-01 2.000000e-01 2.000000e-01 2.000000e-01 2.000000e-01 2.000000e-01 2.000000e-01 2.000000e-01 2.000000e-01 2.000000e-01 2.000000e-01 2.000000e-01 2.000000e-01 2.000000e-01 2.000000e-01 2.000000e-01 2.000000e-01 2.000000e-01 2.000000e-01 2.000000e-01 2.000000e-01 2.000000e-01 2.000000e-01 2.000000e-01 2.000000e-01 2.000000e-01 2.000000e-01 2.000000e-01 2.000000e-01 2.000000e-01 2.000000e-01 2.000000e-01 2.000000e-01 2.000000e-01 2.000000e-01 2.000000e-01 2.000000e-01 2.000000e-01 2.000000e-01
<GCONST> 3.243863e+01
<STATE> 3
<MEAN> 142
 5.161515e-01 3.829350e-01 3.327831e-01 3.251628e-01 2.857384e-01 1.807859e-01 2.513724e-01 3.370071e-01 3.823748e-01 4.852166e-01 4.594116e-01 4.381116e-01 3.469117e-01 4.469647e-01 3.879819e-01 3.203318e-01 3.831320e-01 3.607695e-01 2.109605e-01 3.353132e-01 4.206542e-01 4.620695e-01 2.673121e-01 4.643731e-01 4.694200e-01 4.048961e-01 3.614405e-01 3.685690e-01 4.810700e-01 3.797428e-01 4.440842e-01 4.931804e-01 3.717556e-01 5.449437e-01 4.401695e-01 4.071629e-01 4.466861e-01 3.141392e-01 4.180556e-01 3.273636e-01 3.312370e-01 4.947490e-01 3.019671e-01 2.505933e-01 1.822719e-01 4.241112e-01 4.418023e-01 4.588203e-01 4.329607e-01 2.881307e-01 4.252406e-01 3.485444e-01 4.620879e-01 2.522084e-01 4.124698e-01 3.736260e-01 3.314228e-01 2.800468e-01 2.157474e-01 2.856441e-01 3.111208e-01 4.802636e-01 4.450800e-01 4.330373e-01 3.961313e-01 4.130893e-01 3.215436e-01 3.139947e-01 3.787061e-01 3.898857e-01 4.170623e-01 3.064800e-01 4.087121e-01 3.931597e-01 2.093095e-01 2.849367e-01 4.325494e-01 5.372946e-01 4.926908e-01 4.192707e-01 4.485907e-01 4.436446e-01 3.514547e-01 3.600366e-01 2.960382e-01 3.516909e-01 4.033860e-01 4.277425e-01 4.277737e-01 2.525291e-01 3.251586e-01 2.409038e-01 3.944967e-01 3.245621e-01 4.832904e-01 4.722687e-01 4.463335e-01 3.130525e-01 5.097751e-01 4.591526e-01 4.214801e-01 5.057258e-01 3.456404e-01 3.441193e-01 3.058773e-01 2.820183e-01 3.292935e-01 4.051139e-01 3.470185e-01 3.387802e-01 3.902582e-01 3.055694e-01 3.426661e-01 4.325128e-01 3.451463e-01 3.901742e-01 3.153189e-01 4.698646e-01 4.029618e-01 3.968264e-01 4.584345e-01 4.791950e-01 4.454859e-01 2.132085e-01 3.510278e-01 4.298519e-01 3.763685e-01 3.263479e-01 3.665951e-01 3.878530e-01 4.122645e-01 4.185627e-01 2.494695e-01 4.135382e-01 4.283051e-01 4.595334e-01 3.525173e-01 4.524991e-01 3.592631e-01 4.912156e-01 4.771041e-01 4.603542e-01
<VARIANCE> 142
 2.000000e-01 2.000000e-01 2.000000e-01 2.000000e-01 2.000000e-01 2.000000e-01 2.000000e-01 2.000000e-01 2.000000e-01 2.000000e-01 2.000000e-01 2.000000e-01 2.000000e-01 2.000000e-01 2.000000e-01 2.000000e-01 2.000000e-01 2.000000e-01 2.000000e-01 2.000000e-01 2.000000e-01 2.000000e-01 2.000000e-01 2.000000e-01 2.000000e-01 2.000000e-01 2.000000e-01 2.000000e-01 2.000000e-01 2.000000e-01 2.000000e-01 2.000000e-01 2.000000e-01 2.000000e-01 2.000000e-01 2.000000e-01 2.000000e-01 2.000000e-01 2.000000e-01 2.000000e-01 2.000000e-01 2.000000e-01 2.000000e-01 2.000000e-01 2.000000e-01 2.000000e-01 2.000000e-01 2.000000e-01 2.000000e-01 2.000000e-01 2.000000e-01 2.000000e-01 2.000000e-01 2.000000e-01 2.000000e-01 2.000000e-01 2.000000e-01 2.000000e-01 2.000000e-01 2.000000e-01 2.000000e-01 2.000000e-01 2.000000e-01 2.000000e-01 2.000000e-01 2.000000e-01 2.000000e-01 2.000000e-01 2.000000e-01 2.000000e-01 2.000000e-01 2.000000e-01 2.000000e-01 2.000000e-01 2.000000e-01 2.000000e-01 2.000000e-01 2.000000e-01 2.000000e-01 2.000000e-01 2.000000e-01 2.000000e-01 2.000000e-01 2.000000e-01 2.000000e-01 2.000000e-01 2.000000e-01 2.000000e-01 2.000000e-01 2.000000e-01 2.000000e-01 2.000000e-01 2.000000e-01 2.000000e-01 2.000000e-01 2.000000e-01 2.000000e-01 2.000000e-01 2.000000e-01 2.000000e-01 2.000000e-01 2.000000e-01 2.000000e-01 2.000000e-01 2.000000e-01 2.000000e-01 2.000000e-01 2.000000e-01 2.000000e-01 2.000000e-01 2.000000e-01 2.000000e-01 2.000000e-01 2.000000e-01 2.000000e-01 2.000000e-01 2.000000e-01 2.000000e-01 2.000000e-01 2.000000e-01 2.000000e-01 2.000000e-01 2.000000e-01 2.000000e-01 2.000000e-01 2.000000e-01 2.000000e-01 2.000000e-01 2.000000e-01 2.000000e-01 2.000000e-01 2.000000e-01 2.000000e-01 2.000000e-01 2.000000e-01 2.000000e-01 2.000000e-01 2.000000e-01 2.000000e-01 2.000000e-01 2.000000e-01 2.000000e-01
<GCONST> 3.243863e+01
<TRANSP> 4
 0.000000e+00 1.000000e+00 0.000000e+00 0.000000e+00
 0.000000e+00 8.413227e-01 1.586773e-01 0.000000e+00
 0.000000e+00 0.000000e+00 8.804481e-01 1.195519e-01
 0.000000e+00 0.000000e+00 0.000000e+00 0.000000e+00
<ENDHMM>
