~o
<STREAMINFO> 1 142
<VECSIZE> 142<NULLD><USER><DIAGC>
~h "fine"
<BEGINHMM>
<NUMSTATES> 4
<STATE> 2
<MEAN> 142
 6.290516e-01 3.257197e-01 4.670518e-01 3.845742e-01 3.368260e-01 5.267966e-01 4.608778e-01 4.027382e-01 4.025471e-01 4.243929e-01 5.755631e-01 3.629574e-01 3.870679e-01 5.842177e-01 3.521327e-01 4.130139e-01 3.606531e-01 3.403501e-01 4.827493e-01 4.621209e-01 6.230131e-01 5.951350e-01 4.907897e-01 4.358174e-01 5.680553e-01 4.292441e-01 5.479270e-01 3.456279e-01 3.918953e-01 3.778867e-01 5.935315e-01 4.002038e-01 3.914067e-01 4.901667e-01 4.551375e-01 3.337655e-01 4.823055e-01 3.387509e-01 3.666579e-01 4.074291e-01 3.645731e-01 3.961509e-01 3.391670e-01 4.498365e-01 3.174489e-01 3.316720e-01 4.846502e-01 4.366557e-01 5.280811e-01 4.045079e-01 4.752651e-01 3.945628e-01 4.489559e-01 2.456381e-01 4.140407e-01 3.672577e-01 6.063676e-01 5.355724e-01 4.994553e-01 5.418165e-01 4.714564e-01 4.202662e-01 3.448394e-01 4.055080e-01 3.329738e-01 4.638211e-01 4.074415e-01 5.885209e-01 4.466965e-01 3.913602e-01 4.597193e-01 4.143371e-01 3.867275e-01 4.592266e-01 4.391883e-01 4.337020e-01 4.368839e-01 3.800671e-01 4.858225e-01 5.325035e-01 3.948520e-01 3.509128e-01 3.616262e-01 5.004432e-01 4.499486e-01 3.890998e-01 3.946749e-01 3.985469e-01 5.275367e-01 4.095343e-01 2.783635e-01 3.991821e-01 3.741906e-01 3.584089e-01 4.214318e-01 4.165022e-01 3.863054e-01 3.066936e-01 4.612525e-01 5.111164e-01 4.040014e-01 5.242456e-01 3.582350e-01 3.205429e-01 5.047637e-01 3.665345e-01 3.810427e-01 3.621726e-01 5.735670e-01 6.169729e-01 3.597435e-01 3.813102e-01 3.842234e-01 3.789990e-01 2.997330e-01 3.961170e-01 3.878353e-01 4.638244e-01 4.039477e-01 5.359069e-01 4.370672e-01 4.378569e-01 4.192362e-01 3.241219e-01 5.668872e-01 3.873043e-01 3.467700e-01 3.184167e-01 2.644105e-01 5.231063e-01 4.452441e-01 3.268957e-01 2.850362e-01 4.257435e-01 3.373084e-01 4.300494e-01 4.581956e-01 3.945699e-01 4.420579e-01 4.174025e-01 3.944790e-01 4.417855e-01
<VARIANCE> 142
 2.000000e-01 2.000000e-01 2.000000e-01 2.000000e-01 2.000000e-01 2.000000e-01 2.000000e-01 2.000000e-01 2.000000e-01 2.000000e-01 2.000000e-01 2.000000e-01 2.000000e-01 2.000000e-01 2.000000e-01 2.000000e-01 2.000000e-01 2.000000e-01 2.000000e-01 2.000000e-01 2.000000e-01 2.000000e-01 2.000000e-01 2.000000e-01 2.000000e-01 2.000000e-01 2.000000e-01 2.000000e-01 2.000000e-01 2.000000e-01 2.000000e-01 2.000000e-01 2.000000e-01 2.000000e-01 2.000000e-01 2.000000e-01 2.000000e-01 2.000000e-01 2.000000e-01 2.000000e-01 2.000000e-01 2.000000e-01 2.000000e-01 2.000000e-01 2.000000e-01 2.000000e-01 2.000000e-01 2.000000e-01 2.000000e-01 2.000000e-01 2.000000e-01 2.000000e-01 2.000000e-01 2.000000e-01 2.000000e-01 2.000000e-01 2.000000e-01 2.000000e-01 2.000000e-01 2.000000e-01 2.000000e-01 2.000000e-01 2.000000e-01 2.000000e-01 2.000000e-01 2.000000e-01 2.000000e-01 2.000000e-01 2.000000e-01 2.000000e-01 2.000000e-01 2.000000e-01 2.000000e-01 2.000000e-01 2.000000e-01 2.000000e-01 2.000000e-01 2.000000e-01 2.000000e-01 2.000000e-01 2.000000e-01 2.000000e-01 2.000000e-01 2.000000e-01 2.000000e-01 2.000000e-01 2.000000e-01 2.000000e-01 2.000000e-01 2.000000e-01 2.000000e-01 2.000000e-01 2.000000e-01 2.000000e-01 2.000000e-01 2.000000e-01 2.000000e-01 2.000000e-01 2.000000e-01 2.000000e-01 2.000000e-01 2.000000e-01 2.000000e-01 2.000000e-01 2.000000e-01 2.000000e-01 2.000000e-01 2.000000e-01 2.000000e-01 2.000000e-01 2.000000e-01 2.000000e-01 2.000000e-01 2.000000e-01 2.000000e-01 2.000000e-01 2.000000e-01 2.000000e-01 2.000000e-01 2.000000e-01 2.000000e-01 2.000000e-01 2.000000e-01 2.000000e-01 2.000000e-01 2.000000e-01 2.000000e-01 2.000000e-01 2.000000e-01 2.000000e-01 2.000000e-01 2.000000e-01 2.000000e-01 2.000000e-01 2.000000e-01 2.000000e-01 2.000000e-01 2.000000e-01 2.000000e-01 2.000000e-01 2.000000e-01 2.000000e-01
<GCONST> 3.243863e+01
<STATE> 3
<MEAN> 142
 5.566955e-01 3.472356e-01 3.232434e-01 2.942196e-01 2.160757e-01 2.186859e-01 3.074497e-01 3.845724e-01 3.324744e-01 4.248021e-01 3.829230e-01 4.003325e-01 3.798511e-01 4.149994e-01 3.470217e-01 3.604758e-01 4.411846e-01 4.427840e-01 2.527018e-01 3.614824e-01 4.181847e-01 4.655244e-01 3.338388e-01 4.736442e-01 4.668168e-01 3.872800e-01 3.646646e-01 3.628414e-01 4.520488e-01 3.619041e-01 4.435553e-01 4.514766e-01 3.910395e-01 5.113220e-01 4.599595e-01 3.815386e-01 3.465011e-01 3.621173e-01 3.904673e-01 3.657516e-01 3.930503e-01 4.797180e-01 2.950355e-01 2.998598e-01 1.666941e-01 3.935613e-01 4.077933e-01 4.128021e-01 4.179092e-01 3.148974e-01 3.908783e-01 4.261740e-01 4.376605e-01 2.726355e-01 3.951760e-01 3.704914e-01 3.245662e-01 2.774300e-01 2.911217e-01 2.745392e-01 3.628215e-01 4.570593e-01 4.257206e-01 4.332745e-01 3.790854e-01 4.568835e-01 4.086456e-01 3.214878e-01 3.630774e-01 3.813414e-01 4.397834e-01 3.496492e-01 4.374673e-01 4.158316e-01 3.258443e-01 3.857094e-01 4.154491e-01 3.846218e-01 4.554049e-01 4.046271e-01 4.480698e-01 3.608018e-01 4.765299e-01 3.661025e-01 3.005092e-01 3.693676e-01 3.778164e-01 3.968315e-01 4.510618e-01 2.860732e-01 3.328254e-01 2.948086e-01 4.348442e-01 3.256884e-01 4.271934e-01 4.337652e-01 4.598918e-01 3.880410e-01 4.461777e-01 4.356770e-01 4.231441e-01 4.945874e-01 3.238095e-01 3.259536e-01 3.097785e-01 2.871930e-01 3.622321e-01 4.132207e-01 3.401199e-01 3.520659e-01 3.711330e-01 3.054038e-01 3.320529e-01 3.188383e-01 2.994769e-01 3.794802e-01 3.786509e-01 4.159817e-01 3.895320e-01 3.930039e-01 4.166699e-01 4.846453e-01 4.438298e-01 2.835495e-01 3.750444e-01 4.081285e-01 3.699757e-01 3.875599e-01 3.378692e-01 3.653642e-01 3.851020e-01 4.100477e-01 3.107579e-01 4.453951e-01 3.641314e-01 3.667177e-01 3.979074e-01 4.457940e-01 3.616720e-01 3.818423e-01 4.361394e-01 3.931058e-01
<VARIANCE> 142
 2.000000e-01 2.000000e-01 2.000000e-01 2.000000e-01 2.000000e-01 2.000000e-01 2.000000e-01 2.000000e-01 2.000000e-01 2.000000e-01 2.000000e-01 2.000000e-01 2.000000e-01 2.000000e-01 2.000000e-01 2.000000e-01 2.000000e-01 2.000000e-01 2.000000e-01 2.000000e-01 2.000000e-01 2.000000e-01 2.000000e-01 2.000000e-01 2.000000e-01 2.000000e-01 2.000000e-01 2.000000e-01 2.000000e-01 2.000000e-01 2.000000e-01 2.000000e-01 2.000000e-01 2.000000e-01 2.000000e-01 2.000000e-01 2.000000e-01 2.000000e-01 2.000000e-01 2.000000e-01 2.000000e-01 2.000000e-01 2.000000e-01 2.000000e-01 2.000000e-01 2.000000e-01 2.000000e-01 2.000000e-01 2.000000e-01 2.000000e-01 2.000000e-01 2.000000e-01 2.000000e-01 2.000000e-01 2.000000e-01 2.000000e-01 2.000000e-01 2.000000e-01 2.000000e-01 2.000000e-01 2.000000e-01 2.000000e-01 2.000000e-01 2.000000e-01 2.000000e-01 2.000000e-01 2.000000e-01 2.000000e-01 2.000000e-01 2.000000e-01 2.000000e-01 2.000000e-01 2.000000e-01 2.000000e-01 2.000000e-01 2.000000e-01 2.000000e-01 2.000000e-01 2.000000e-01 2.000000e-01 2.000000e-01 2.000000e-01 2.000000e-01 2.000000e-01 2.000000e-01 2.000000e-01 2.000000e-01 2.000000e-01 2.000000e-01 2.000000e-01 2.000000e-01 2.000000e-01 2.000000e-01 2.000000e-01 2.000000e-01 2.000000e-01 2.000000e-01 2.000000e-01 2.000000e-01 2.000000e-01 2.000000e-01 2.000000e-01 2.000000e-01 2.000000e-01 2.000000e-01 2.000000e-01 2.000000e-01 2.000000e-01 2.000000e-01 2.000000e-01 2.000000e-01 2.000000e-01 2.000000e-01 2.000000e-01 2.000000e-01 2.000000e-01 2.000000e-01 2.000000e-01 2.000000e-01 2.000000e-01 2.000000e-01 2.000000e-01 2.000000e-01 2.000000e-01 2.000000e-01 2.000000e-01 2.000000e-01 2.000000e-01 2.000000e-01 2.000000e-01 2.000000e-01 2.000000e-01 2.000000e-01 2.000000e-01 2.000000e-01 2.000000e-01 2.000000e-01 2.000000e-01 2.000000e-01 2.000000e-01 2.000000e-01 2.000000e-01
<GCONST> 3.243863e+01
<TRANSP> 4
 0.000000e+00 1.000000e+00 0.000000e+00 0.000000e+00
 0.000000e+00 8.259721e-01 1.740279e-01 0.000000e+00
 0.000000e+00 0.000000e+00 8.881593e-01 1.118406e-01
 0.000000e+00 0.000000e+00 0.000000e+00 0.000000e+00
<ENDHMM>
