~o
<STREAMINFO> 1 142
<VECSIZE> 142<NULLD><USER><DIAGC>
~h "food"
<BEGINHMM>
<NUMSTATES> 4
<STATE> 2
<MEAN> 142
 8.176075e-01 3.634684e-01 4.394898e-01 3.967719e-01 2.764467e-01 4.011031e-01 4.786078e-01 4.169662e-01 3.055476e-01 3.559057e-01 4.231786e-01 4.258274e-01 3.984503e-01 4.321588e-01 2.501636e-01 3.678709e-01 3.555372e-01 3.694639e-01 3.720705e-01 4.245513e-01 4.973147e-01 4.904312e-01 4.205326e-01 4.239220e-01 4.162960e-01 3.935943e-01 4.625671e-01 3.977054e-01 3.363657e-01 2.970633e-01 4.502365e-01 4.616741e-01 6.004347e-01 4.023854e-01 4.103770e-01 3.829160e-01 3.079657e-01 2.551983e-01 2.644672e-01 3.093516e-01 2.637433e-01 3.807041e-01 2.774459e-01 3.758144e-01 2.676685e-01 4.341730e-01 4.470814e-01 3.689522e-01 4.428091e-01 3.595409e-01 5.366395e-01 3.993455e-01 4.085779e-01 2.499608e-01 5.325488e-01 2.868605e-01 4.205372e-01 3.861546e-01 3.406469e-01 3.068021e-01 5.544043e-01 4.745690e-01 3.652314e-01 3.828718e-01 3.375306e-01 5.374403e-01 3.208716e-01 4.007606e-01 4.876347e-01 2.881570e-01 4.763514e-01 5.251397e-01 4.958432e-01 4.077698e-01 4.271994e-01 3.809560e-01 4.944342e-01 4.781232e-01 4.240603e-01 4.590605e-01 3.703952e-01 3.374664e-01 3.114434e-01 4.891272e-01 3.294800e-01 5.420735e-01 3.949403e-01 4.187210e-01 4.276754e-01 3.963000e-01 3.686785e-01 4.075738e-01 3.999059e-01 3.595362e-01 4.229059e-01 4.632330e-01 3.994766e-01 3.028435e-01 3.496486e-01 4.323563e-01 3.411495e-01 5.264799e-01 3.565413e-01 2.717936e-01 3.282222e-01 2.797121e-01 3.865686e-01 3.222049e-01 4.328472e-01 4.053909e-01 4.168907e-01 3.591907e-01 3.652362e-01 3.231004e-01 3.800673e-01 4.025649e-01 3.690288e-01 4.278612e-01 4.224349e-01 4.473537e-01 3.936284e-01 5.645463e-01 5.072117e-01 4.092358e-01 4.570550e-01 4.603572e-01 3.645336e-01 2.832853e-01 3.075304e-01 4.245843e-01 4.267797e-01 3.992274e-01 4.348179e-01 3.561039e-01 3.387322e-01 3.963143e-01 5.145633e-01 3.810932e-01 3.266402e-01 3.800626e-01 5.122915e-01 5.419906e-01
<VARIANCE> 142
 2.000000e-01 2.000000e-01 2.000000e-01 2.000000e-01 2.000000e-01 2.000000e-01 2.000000e-01 2.000000e-01 2.000000e-01 2.000000e-01 2.000000e-01 2.000000e-01 2.000000e-01 2.000000e-01 2.000000e-01 2.000000e-01 2.000000e-01 2.000000e-01 2.000000e-01 2.000000e-01 2.000000e-01 2.000000e-01 2.000000e-01 2.000000e-01 2.000000e-01 2.000000e-01 2.000000e-01 2.000000e-01 2.000000e-01 2.000000e-01 2.000000e-01 2.000000e-01 2.000000e-01 2.000000e-01 2.000000e-01 2.000000e-01 2.000000e-01 2.000000e-01 2.000000e-01 2.000000e-01 2.000000e-01 2.000000e-01 2.000000e-01 2.000000e-01 2.000000e-01 2.000000e-01 2.000000e-01 2.000000e-01 2.000000e-01 2.000000e-01 2.000000e-01 2.000000e-01 2.000000e-01 2.000000e-01 2.000000e-01 2.000000e-01 2.000000e-01 2.000000e-01 2.000000e-01 2.000000e-01 2.000000e-01 2.000000e-01 2.000000e-01 2.000000e-01 2.000000e-01 2.000000e-01 2.000000e-01 2.000000e-01 2.000000e-01 2.000000e-01 2.000000e-01 2.000000e-01 2.000000e-01 2.000000e-01 2.000000e-01 2.000000e-01 2.000000e-01 2.000000e-01 2.000000e-01 2.000000e-01 2.000000e-01 2.000000e-01 2.000000e-01 2.000000e-01 2.000000e-01 2.000000e-01 2.000000e-01 2.000000e-01 2.000000e-01 2.000000e-01 2.000000e-01 2.000000e-01 2.000000e-01 2.000000e-01 2.000000e-01 2.000000e-01 2.000000e-01 2.000000e-01 2.000000e-01 2.000000e-01 2.000000e-01 2.000000e-01 2.000000e-01 2.000000e-01 2.000000e-01 2.000000e-01 2.000000e-01 2.000000e-01 2.000000e-01 2.000000e-01 2.000000e-01 2.000000e-01 2.000000e-01 2.000000e-01 2.000000e-01 2.000000e-01 2.000000e-01 2.000000e-01 2.000000e-01 2.000000e-01 2.000000e-01 2.000000e-01 2.000000e-01 2.000000e-01 2.000000e-01 2.000000e-01 2.000000e-01 2.000000e-01 2.000000e-01 2.000000e-01 2.000000e-01 2.000000e-01 2.000000e-01 2.000000e-01 2.000000e-01 2.000000e-01 2.000000e-01 2.000000e-01 2.000000e-01 2.000000e-01 2.000000e-01 2.000000e-01
<GCONST> 3.243863e+01
<STATE> 3
<MEAN> 142
 5.451069e-01 3.305275e-01 3.196899e-01 3.397908e-01 2.937219e-01 1.948754e-01 2.883520e-01 3.155762e-01 3.283066e-01 4.776106e-01 4.718683e-01 3.491511e-01 2.986705e-01 4.405737e-01 3.130817e-01 3.402394e-01 3.801529e-01 3.650423e-01 2.593579e-01 3.278224e-01 4.700343e-01 5.244728e-01 3.514006e-01 5.224938e-01 4.738208e-01 3.373457e-01 4.134057e-01 2.745507e-01 4.521824e-01 3.358540e-01 4.375776e-01 4.398704e-01 3.364798e-01 5.670016e-01 4.361246e-01 3.618780e-01 3.821747e-01 2.956196e-01 4.458653e-01 3.166230e-01 3.155603e-01 4.878139e-01 3.324173e-01 2.657371e-01 1.215230e-01 3.534839e-01 4.387275e-01 3.902889e-01 4.321381e-01 2.832987e-01 4.760507e-01 3.676840e-01 4.608150e-01 2.227418e-01 3.679643e-01 3.183399e-01 3.594505e-01 3.095459e-01 2.706406e-01 2.927786e-01 3.698141e-01 4.132773e-01 4.153894e-01 3.464333e-01 3.296766e-01 4.098556e-01 3.194872e-01 3.938525e-01 3.795443e-01 3.572170e-01 4.023753e-01 3.218015e-01 4.142981e-01 4.136364e-01 2.490873e-01 2.981254e-01 4.273454e-01 4.051728e-01 5.366349e-01 4.778974e-01 4.159261e-01 3.843898e-01 3.606999e-01 4.009995e-01 2.808433e-01 3.643896e-01 3.807722e-01 4.167664e-01 4.740188e-01 2.573332e-01 2.690163e-01 2.380884e-01 3.436453e-01 2.540465e-01 4.207728e-01 3.963296e-01 4.031889e-01 2.769273e-01 5.400016e-01 4.562007e-01 4.167947e-01 5.394183e-01 3.369423e-01 3.464416e-01 3.141035e-01 3.429965e-01 3.057335e-01 3.933199e-01 3.592051e-01 3.774832e-01 3.422811e-01 2.658313e-01 3.041873e-01 4.037507e-01 3.100808e-01 3.224831e-01 3.178365e-01 4.815392e-01 3.637328e-01 3.769473e-01 4.371870e-01 4.837109e-01 3.973137e-01 2.581520e-01 3.672934e-01 3.785351e-01 3.609210e-01 2.986745e-01 3.228884e-01 4.341223e-01 3.368472e-01 3.997802e-01 2.259633e-01 3.702242e-01 3.895240e-01 4.770705e-01 3.643230e-01 4.101690e-01 3.631244e-01 5.019475e-01 4.384405e-01 4.209511e-01
<VARIANCE> 142
 2.000000e-01 2.000000e-01 2.000000e-01 2.000000e-01 2.000000e-01 2.000000e-01 2.000000e-01 2.000000e-01 2.000000e-01 2.000000e-01 2.000000e-01 2.000000e-01 2.000000e-01 2.000000e-01 2.000000e-01 2.000000e-01 2.000000e-01 2.000000e-01 2.000000e-01 2.000000e-01 2.000000e-01 2.000000e-01 2.000000e-01 2.000000e-01 2.000000e-01 2.000000e-01 2.000000e-01 2.000000e-01 2.000000e-01 2.000000e-01 2.000000e-01 2.000000e-01 2.000000e-01 2.000000e-01 2.000000e-01 2.000000e-01 2.000000e-01 2.000000e-01 2.000000e-01 2.000000e-01 2.000000e-01 2.000000e-01 2.000000e-01 2.000000e-01 2.000000e-01 2.000000e-01 2.000000e-01 2.000000e-01 2.000000e-01 2.000000e-01 2.000000e-01 2.000000e-01 2.000000e-01 2.000000e-01 2.000000e-01 2.000000e-01 2.000000e-01 2.000000e-01 2.000000e-01 2.000000e-01 2.000000e-01 2.000000e-01 2.000000e-01 2.000000e-01 2.000000e-01 2.000000e-01 2.000000e-01 2.000000e-01 2.000000e-01 2.000000e-01 2.000000e-01 2.000000e-01 2.000000e-01 2.000000e-01 2.000000e-01 2.000000e-01 2.000000e-01 2.000000e-01 2.000000e-01 2.000000e-01 2.000000e-01 2.000000e-01 2.000000e-01 2.000000e-01 2.000000e-01 2.000000e-01 2.000000e-01 2.000000e-01 2.000000e-01 2.000000e-01 2.000000e-01 2.000000e-01 2.000000e-01 2.000000e-01 2.000000e-01 2.000000e-01 2.000000e-01 2.000000e-01 2.000000e-01 2.000000e-01 2.000000e-01 2.000000e-01 2.000000e-01 2.000000e-01 2.000000e-01 2.000000e-01 2.000000e-01 2.000000e-01 2.000000e-01 2.000000e-01 2.000000e-01 2.000000e-01 2.000000e-01 2.000000e-01 2.000000e-01 2.000000e-01 2.000000e-01 2.000000e-01 2.000000e-01 2.000000e-01 2.000000e-01 2.000000e-01 2.000000e-01 2.000000e-01 2.000000e-01 2.000000e-01 2.000000e-01 2.000000e-01 2.000000e-01 2.000000e-01 2.000000e-01 2.000000e-01 2.000000e-01 2.000000e-01 2.000000e-01 2.000000e-01 2.000000e-01 2.000000e-01 2.000000e-01 2.000000e-01 2.000000e-01 2.000000e-01
<GCONST> 3.243863e+01
<TRANSP> 4
 0.000000e+00 1.000000e+00 0.000000e+00 0.000000e+00
 0.000000e+00 8.574811e-01 1.425190e-01 0.000000e+00
 0.000000e+00 0.000000e+00 8.582529e-01 1.417471e-01
 0.000000e+00 0.000000e+00 0.000000e+00 0.000000e+00
<ENDHMM>
