~o
<STREAMINFO> 1 142
<VECSIZE> 142<NULLD><USER><DIAGC>
~h "french_fries"
<BEGINHMM>
<NUMSTATES> 4
<STATE> 2
<MEAN> 142
 5.371423e-01 3.585113e-01 4.511239e-01 4.943514e-01 5.133361e-01 3.972338e-01 5.012040e-01 3.272800e-01 3.515611e-01 3.510405e-01 4.585381e-01 3.899393e-01 3.534055e-01 5.028178e-01 3.809368e-01 5.492986e-01 3.360775e-01 4.030542e-01 3.285032e-01 3.744219e-01 5.309874e-01 5.305021e-01 3.540191e-01 4.482253e-01 4.454702e-01 3.489258e-01 4.599131e-01 4.777910e-01 4.071344e-01 3.855972e-01 4.758639e-01 4.661183e-01 5.580668e-01 4.524319e-01 4.795953e-01 3.325014e-01 4.224463e-01 2.858461e-01 2.980739e-01 5.522705e-01 3.033647e-01 4.220418e-01 2.994938e-01 2.752311e-01 4.117283e-01 4.253345e-01 4.988547e-01 4.368467e-01 4.942351e-01 4.055991e-01 6.273451e-01 3.350790e-01 3.905878e-01 2.225788e-01 4.870711e-01 3.429331e-01 3.412935e-01 3.368229e-01 2.957793e-01 5.063617e-01 5.651065e-01 4.738278e-01 3.306049e-01 3.314554e-01 3.688712e-01 5.521315e-01 2.582844e-01 4.814668e-01 5.102566e-01 3.115325e-01 4.819518e-01 3.904606e-01 3.733219e-01 4.059128e-01 3.630486e-01 3.312486e-01 5.299636e-01 5.591239e-01 3.713030e-01 5.922630e-01 4.631225e-01 3.672098e-01 3.166973e-01 4.388460e-01 4.833014e-01 5.077562e-01 4.073640e-01 3.989693e-01 4.706566e-01 4.671329e-01 3.041442e-01 4.594003e-01 4.770480e-01 3.890444e-01 5.334706e-01 4.792594e-01 4.899986e-01 3.328873e-01 4.339772e-01 4.863930e-01 4.120761e-01 4.961823e-01 3.163242e-01 3.645637e-01 3.762052e-01 2.379833e-01 2.705192e-01 3.778729e-01 4.743865e-01 4.992201e-01 4.037669e-01 3.248364e-01 6.828946e-01 3.635064e-01 3.340127e-01 4.356225e-01 3.211346e-01 5.203280e-01 4.434521e-01 4.452693e-01 3.695200e-01 4.517390e-01 4.940894e-01 3.788570e-01 4.680457e-01 3.490441e-01 4.550569e-01 3.221691e-01 3.108096e-01 4.383941e-01 6.198339e-01 4.665383e-01 3.541186e-01 4.128590e-01 3.895162e-01 4.858940e-01 5.595980e-01 4.728401e-01 5.890179e-01 4.124342e-01 4.994488e-01 4.866285e-01
<VARIANCE> 142
 2.000000e-01 2.000000e-01 2.000000e-01 2.000000e-01 2.000000e-01 2.000000e-01 2.000000e-01 2.000000e-01 2.000000e-01 2.000000e-01 2.000000e-01 2.000000e-01 2.000000e-01 2.000000e-01 2.000000e-01 2.000000e-01 2.000000e-01 2.000000e-01 2.000000e-01 2.000000e-01 2.000000e-01 2.000000e-01 2.000000e-01 2.000000e-01 2.000000e-01 2.000000e-01 2.000000e-01 2.000000e-01 2.000000e-01 2.000000e-01 2.000000e-01 2.000000e-01 2.000000e-01 2.000000e-01 2.000000e-01 2.000000e-01 2.000000e-01 2.000000e-01 2.000000e-01 2.000000e-01 2.000000e-01 2.000000e-01 2.000000e-01 2.000000e-01 2.000000e-01 2.000000e-01 2.000000e-01 2.000000e-01 2.000000e-01 2.000000e-01 2.000000e-01 2.000000e-01 2.000000e-01 2.000000e-01 2.000000e-01 2.000000e-01 2.000000e-01 2.000000e-01 2.000000e-01 2.000000e-01 2.000000e-01 2.000000e-01 2.000000e-01 2.000000e-01 2.000000e-01 2.000000e-01 2.000000e-01 2.000000e-01 2.000000e-01 2.000000e-01 2.000000e-01 2.000000e-01 2.000000e-01 2.000000e-01 2.000000e-01 2.000000e-01 2.000000e-01 2.000000e-01 2.000000e-01 2.000000e-01 2.000000e-01 2.000000e-01 2.000000e-01 2.000000e-01 2.000000e-01 2.000000e-01 2.000000e-01 2.000000e-01 2.000000e-01 2.000000e-01 2.000000e-01 2.000000e-01 2.000000e-01 2.000000e-01 2.000000e-01 2.000000e-01 2.000000e-01 2.000000e-01 2.000000e-01 2.000000e-01 2.000000e-01 2.000000e-01 2.000000e-01 2.000000e-01 2.000000e-01 2.000000e-01 2.000000e-01 2.000000e-01 2.000000e-01 2.000000e-01 2.000000e-01 2.000000e-01 2.000000e-01 2.000000e-01 2.000000e-01 2.000000e-01 2.000000e-01 2.000000e-01 2.000000e-01 2.000000e-01 2.000000e-01 2.000000e-01 2.000000e-01 2.000000e-01 2.000000e-01 2.000000e-01 2.000000e-01 2.000000e-01 2.000000e-01 2.000000e-01 2.000000e-01 2.000000e-01 2.000000e-01 2.000000e-01 2.000000e-01 2.000000e-01 2.000000e-01 2.000000e-01 2.000000e-01 2.000000e-01 2.000000e-01 2.000000e-01
<GCONST> 3.243863e+01
<STATE> 3
<MEAN> 142
 5.872957e-01 3.944898e-01 3.680753e-01 3.234062e-01 2.824249e-01 2.707454e-01 3.288496e-01 3.271455e-01 3.458943e-01 3.848213e-01 4.580406e-01 4.365844e-01 3.705558e-01 4.711734e-01 2.890521e-01 2.883353e-01 4.396710e-01 4.443048e-01 3.122579e-01 3.714810e-01 4.499388e-01 4.185152e-01 3.729574e-01 4.387520e-01 4.421601e-01 3.674816e-01 4.055912e-01 4.974569e-01 4.834438e-01 4.225311e-01 4.692304e-01 4.392967e-01 4.330767e-01 4.458429e-01 4.423522e-01 3.517701e-01 3.473253e-01 3.376317e-01 3.971624e-01 3.098057e-01 4.147282e-01 4.793392e-01 3.407085e-01 3.110649e-01 2.280337e-01 4.483261e-01 4.253210e-01 3.236376e-01 3.407569e-01 3.672502e-01 4.237960e-01 3.695439e-01 4.223524e-01 2.946454e-01 4.352330e-01 4.195888e-01 3.563161e-01 2.762819e-01 3.076902e-01 2.580693e-01 4.007449e-01 5.217200e-01 3.984633e-01 4.530411e-01 4.116117e-01 4.185456e-01 3.198420e-01 3.127868e-01 4.298341e-01 3.852264e-01 4.979992e-01 4.188682e-01 4.083974e-01 3.927591e-01 3.261339e-01 3.713922e-01 4.850325e-01 4.435770e-01 4.043485e-01 3.714169e-01 4.678256e-01 3.755955e-01 4.118112e-01 3.890592e-01 3.061647e-01 4.093391e-01 4.066324e-01 4.358425e-01 4.405130e-01 3.615164e-01 3.898793e-01 2.845088e-01 4.440675e-01 4.192602e-01 4.520794e-01 4.708761e-01 4.708525e-01 3.439234e-01 4.324736e-01 3.988637e-01 4.095888e-01 4.331043e-01 3.698598e-01 3.974760e-01 2.923704e-01 2.652071e-01 3.645303e-01 4.059113e-01 3.869536e-01 3.052329e-01 3.991158e-01 3.923897e-01 3.291615e-01 3.448783e-01 4.035631e-01 4.294029e-01 4.261626e-01 3.927594e-01 4.923405e-01 3.985365e-01 4.329873e-01 5.199254e-01 4.934192e-01 4.002559e-01 3.600847e-01 4.330106e-01 4.619748e-01 3.921035e-01 4.374449e-01 3.632980e-01 3.125627e-01 4.320451e-01 3.825743e-01 4.077829e-01 3.973629e-01 4.363709e-01 3.788897e-01 4.310228e-01 3.005625e-01 3.799800e-01 4.638222e-01 4.329486e-01
<VARIANCE> 142
 2.000000e-01 2.000000e-01 2.000000e-01 2.000000e-01 2.000000e-01 2.000000e-01 2.000000e-01 2.000000e-01 2.000000e-01 2.000000e-01 2.000000e-01 2.000000e-01 2.000000e-01 2.000000e-01 2.000000e-01 2.000000e-01 2.000000e-01 2.000000e-01 2.000000e-01 2.000000e-01 2.000000e-01 2.000000e-01 2.000000e-01 2.000000e-01 2.000000e-01 2.000000e-01 2.000000e-01 2.000000e-01 2.000000e-01 2.000000e-01 2.000000e-01 2.000000e-01 2.000000e-01 2.000000e-01 2.000000e-01 2.000000e-01 2.000000e-01 2.000000e-01 2.000000e-01 2.000000e-01 2.000000e-01 2.000000e-01 2.000000e-01 2.000000e-01 2.000000e-01 2.000000e-01 2.000000e-01 2.000000e-01 2.000000e-01 2.000000e-01 2.000000e-01 2.000000e-01 2.000000e-01 2.000000e-01 2.000000e-01 2.000000e-01 2.000000e-01 2.000000e-01 2.000000e-01 2.000000e-01 2.000000e-01 2.000000e-01 2.000000e-01 2.000000e-01 2.000000e-01 2.000000e-01 2.000000e-01 2.000000e-01 2.000000e-01 2.000000e-01 2.000000e-01 2.000000e-01 2.000000e-01 2.000000e-01 2.000000e-01 2.000000e-01 2.000000e-01 2.000000e-01 2.000000e-01 2.000000e-01 2.000000e-01 2.000000e-01 2.000000e-01 2.000000e-01 2.000000e-01 2.000000e-01 2.000000e-01 2.000000e-01 2.000000e-01 2.000000e-01 2.000000e-01 2.000000e-01 2.000000e-01 2.000000e-01 2.000000e-01 2.000000e-01 2.000000e-01 2.000000e-01 2.000000e-01 2.000000e-01 2.000000e-01 2.000000e-01 2.000000e-01 2.000000e-01 2.000000e-01 2.000000e-01 2.000000e-01 2.000000e-01 2.000000e-01 2.000000e-01 2.000000e-01 2.000000e-01 2.000000e-01 2.000000e-01 2.000000e-01 2.000000e-01 2.000000e-01 2.000000e-01 2.000000e-01 2.000000e-01 2.000000e-01 2.000000e-01 2.000000e-01 2.000000e-01 2.000000e-01 2.000000e-01 2.000000e-01 2.000000e-01 2.000000e-01 2.000000e-01 2.000000e-01 2.000000e-01 2.000000e-01 2.000000e-01 2.000000e-01 2.000000e-01 2.000000e-01 2.000000e-01 2.000000e-01 2.000000e-01 2.000000e-01 2.000000e-01
<GCONST> 3.243863e+01
<TRANSP> 4
 0.000000e+00 1.000000e+00 0.000000e+00 0.000000e+00
 0.000000e+00 7.336569e-01 2.663431e-01 0.000000e+00
 0.000000e+00 0.000000e+00 9.034428e-01 9.655719e-02
 0.000000e+00 0.000000e+00 0.000000e+00 0.000000e+00
<ENDHMM>
