~o
<STREAMINFO> 1 142
<VECSIZE> 142<NULLD><USER><DIAGC>
~h "girl"
<BEGINHMM>
<NUMSTATES> 4
<STATE> 2
<MEAN> 142
 5.858436e-01 3.772728e-01 3.403444e-01 3.144062e-01 3.058290e-01 3.761722e-01 3.315456e-01 3.029957e-01 3.793455e-01 4.611169e-01 5.245898e-01 4.792990e-01 4.103228e-01 5.098809e-01 4.515651e-01 3.169375e-01 3.686805e-01 4.632725e-01 2.803423e-01 3.567872e-01 4.090292e-01 3.584483e-01 2.956676e-01 3.750885e-01 4.655769e-01 3.902746e-01 4.487588e-01 4.401373e-01 4.361852e-01 4.678620e-01 4.461496e-01 4.142252e-01 3.000930e-01 4.241343e-01 4.601628e-01 3.885587e-01 4.329101e-01 4.173116e-01 4.353857e-01 3.228928e-01 4.606800e-01 4.342137e-01 3.821298e-01 3.185639e-01 2.234830e-01 3.877653e-01 4.041879e-01 4.295582e-01 3.914857e-01 3.408491e-01 4.787705e-01 4.641873e-01 5.199013e-01 3.252030e-01 3.880295e-01 4.183128e-01 4.214660e-01 2.995833e-01 3.579663e-01 3.094932e-01 4.206034e-01 3.534227e-01 3.859403e-01 3.967784e-01 5.386090e-01 3.981393e-01 5.185354e-01 3.544103e-01 3.900206e-01 4.760991e-01 4.065820e-01 3.632872e-01 4.295096e-01 3.481787e-01 3.214193e-01 4.138456e-01 3.886082e-01 3.669221e-01 4.371664e-01 3.879764e-01 4.963001e-01 4.061338e-01 4.622925e-01 3.573287e-01 3.730422e-01 4.031177e-01 3.665097e-01 4.526587e-01 4.626643e-01 3.446811e-01 4.082616e-01 3.516330e-01 4.804854e-01 4.487938e-01 3.696922e-01 4.818489e-01 4.864389e-01 4.598749e-01 4.215051e-01 3.709157e-01 3.538752e-01 3.928824e-01 3.421964e-01 4.711588e-01 3.741038e-01 2.765084e-01 4.332412e-01 4.644046e-01 4.199798e-01 3.196615e-01 4.218737e-01 4.265464e-01 2.671867e-01 4.086688e-01 4.276865e-01 4.430563e-01 4.220902e-01 3.145449e-01 4.593379e-01 3.989516e-01 4.279927e-01 4.298987e-01 3.933632e-01 5.003679e-01 2.998770e-01 3.951815e-01 5.252077e-01 4.863149e-01 4.705094e-01 3.531011e-01 3.500787e-01 4.634924e-01 4.990464e-01 4.800663e-01 5.320469e-01 4.275035e-01 4.181350e-01 5.524392e-01 3.509350e-01 4.130720e-01 3.828499e-01 3.790077e-01
<VARIANCE> 142
 2.000000e-01 2.000000e-01 2.000000e-01 2.000000e-01 2.000000e-01 2.000000e-01 2.000000e-01 2.000000e-01 2.000000e-01 2.000000e-01 2.000000e-01 2.000000e-01 2.000000e-01 2.000000e-01 2.000000e-01 2.000000e-01 2.000000e-01 2.000000e-01 2.000000e-01 2.000000e-01 2.000000e-01 2.000000e-01 2.000000e-01 2.000000e-01 2.000000e-01 2.000000e-01 2.000000e-01 2.000000e-01 2.000000e-01 2.000000e-01 2.000000e-01 2.000000e-01 2.000000e-01 2.000000e-01 2.000000e-01 2.000000e-01 2.000000e-01 2.000000e-01 2.000000e-01 2.000000e-01 2.000000e-01 2.000000e-01 2.000000e-01 2.000000e-01 2.000000e-01 2.000000e-01 2.000000e-01 2.000000e-01 2.000000e-01 2.000000e-01 2.000000e-01 2.000000e-01 2.000000e-01 2.000000e-01 2.000000e-01 2.000000e-01 2.000000e-01 2.000000e-01 2.000000e-01 2.000000e-01 2.000000e-01 2.000000e-01 2.000000e-01 2.000000e-01 2.000000e-01 2.000000e-01 2.000000e-01 2.000000e-01 2.000000e-01 2.000000e-01 2.000000e-01 2.000000e-01 2.000000e-01 2.000000e-01 2.000000e-01 2.000000e-01 2.000000e-01 2.000000e-01 2.000000e-01 2.000000e-01 2.000000e-01 2.000000e-01 2.000000e-01 2.000000e-01 2.000000e-01 2.000000e-01 2.000000e-01 2.000000e-01 2.000000e-01 2.000000e-01 2.000000e-01 2.000000e-01 2.000000e-01 2.000000e-01 2.000000e-01 2.000000e-01 2.000000e-01 2.000000e-01 2.000000e-01 2.000000e-01 2.000000e-01 2.000000e-01 2.000000e-01 2.000000e-01 2.000000e-01 2.000000e-01 2.000000e-01 2.000000e-01 2.000000e-01 2.000000e-01 2.000000e-01 2.000000e-01 2.000000e-01 2.000000e-01 2.000000e-01 2.000000e-01 2.000000e-01 2.000000e-01 2.000000e-01 2.000000e-01 2.000000e-01 2.000000e-01 2.000000e-01 2.000000e-01 2.000000e-01 2.000000e-01 2.000000e-01 2.000000e-01 2.000000e-01 2.000000e-01 2.000000e-01 2.000000e-01 2.000000e-01 2.000000e-01 2.000000e-01 2.000000e-01 2.000000e-01 2.000000e-01 2.000000e-01 2.000000e-01 2.000000e-01 2.000000e-01
<GCONST> 3.243863e+01
<STATE> 3
<MEAN> 142
 5.815992e-01 3.122352e-01 4.433392e-01 3.898354e-01 3.411205e-01 4.918088e-01 4.151703e-01 3.475430e-01 4.268020e-01 4.189352e-01 6.140807e-01 3.422883e-01 3.709726e-01 6.272889e-01 3.541638e-01 3.627369e-01 3.286656e-01 3.243972e-01 4.626573e-01 3.718800e-01 6.192319e-01 5.749806e-01 3.972593e-01 4.659572e-01 5.421779e-01 3.799715e-01 6.033633e-01 2.917944e-01 3.718797e-01 3.111333e-01 5.133169e-01 3.446142e-01 3.002938e-01 5.180787e-01 4.205870e-01 3.284718e-01 4.589393e-01 3.439877e-01 4.045957e-01 3.790341e-01 3.509934e-01 4.017926e-01 3.298148e-01 3.627440e-01 2.248737e-01 2.954837e-01 4.905161e-01 4.452412e-01 5.574467e-01 4.290434e-01 5.079851e-01 3.412172e-01 4.312812e-01 2.543122e-01 3.495136e-01 3.824673e-01 6.101099e-01 4.766975e-01 4.870011e-01 5.359663e-01 4.240138e-01 3.670458e-01 3.554314e-01 3.753975e-01 3.260462e-01 3.971095e-01 3.742579e-01 6.080300e-01 4.545359e-01 4.154140e-01 3.883839e-01 4.013159e-01 3.873957e-01 4.200386e-01 3.361728e-01 3.535829e-01 3.903686e-01 3.185644e-01 5.347841e-01 5.565202e-01 4.187168e-01 3.978266e-01 3.406661e-01 5.218100e-01 3.768287e-01 3.576125e-01 3.282605e-01 4.186087e-01 5.250856e-01 3.885446e-01 2.689362e-01 3.476749e-01 3.339456e-01 3.785896e-01 3.773291e-01 3.638046e-01 3.841164e-01 2.846862e-01 4.245083e-01 4.848311e-01 4.209885e-01 5.258700e-01 3.751074e-01 3.329708e-01 4.582871e-01 3.620395e-01 3.928188e-01 3.734317e-01 6.222350e-01 5.384796e-01 3.852013e-01 3.596959e-01 3.272682e-01 3.890197e-01 2.937143e-01 3.143002e-01 3.533474e-01 4.626272e-01 3.686941e-01 5.052912e-01 4.285147e-01 3.541775e-01 3.724047e-01 3.236715e-01 5.113737e-01 3.300997e-01 3.399666e-01 3.480310e-01 2.770898e-01 5.390943e-01 3.875902e-01 2.965978e-01 2.739865e-01 4.053675e-01 3.201911e-01 4.614232e-01 4.171185e-01 3.816098e-01 4.066690e-01 4.088043e-01 3.526439e-01 3.663111e-01
<VARIANCE> 142
 2.000000e-01 2.000000e-01 2.000000e-01 2.000000e-01 2.000000e-01 2.000000e-01 2.000000e-01 2.000000e-01 2.000000e-01 2.000000e-01 2.000000e-01 2.000000e-01 2.000000e-01 2.000000e-01 2.000000e-01 2.000000e-01 2.000000e-01 2.000000e-01 2.000000e-01 2.000000e-01 2.000000e-01 2.000000e-01 2.000000e-01 2.000000e-01 2.000000e-01 2.000000e-01 2.000000e-01 2.000000e-01 2.000000e-01 2.000000e-01 2.000000e-01 2.000000e-01 2.000000e-01 2.000000e-01 2.000000e-01 2.000000e-01 2.000000e-01 2.000000e-01 2.000000e-01 2.000000e-01 2.000000e-01 2.000000e-01 2.000000e-01 2.000000e-01 2.000000e-01 2.000000e-01 2.000000e-01 2.000000e-01 2.000000e-01 2.000000e-01 2.000000e-01 2.000000e-01 2.000000e-01 2.000000e-01 2.000000e-01 2.000000e-01 2.000000e-01 2.000000e-01 2.000000e-01 2.000000e-01 2.000000e-01 2.000000e-01 2.000000e-01 2.000000e-01 2.000000e-01 2.000000e-01 2.000000e-01 2.000000e-01 2.000000e-01 2.000000e-01 2.000000e-01 2.000000e-01 2.000000e-01 2.000000e-01 2.000000e-01 2.000000e-01 2.000000e-01 2.000000e-01 2.000000e-01 2.000000e-01 2.000000e-01 2.000000e-01 2.000000e-01 2.000000e-01 2.000000e-01 2.000000e-01 2.000000e-01 2.000000e-01 2.000000e-01 2.000000e-01 2.000000e-01 2.000000e-01 2.000000e-01 2.000000e-01 2.000000e-01 2.000000e-01 2.000000e-01 2.000000e-01 2.000000e-01 2.000000e-01 2.000000e-01 2.000000e-01 2.000000e-01 2.000000e-01 2.000000e-01 2.000000e-01 2.000000e-01 2.000000e-01 2.000000e-01 2.000000e-01 2.000000e-01 2.000000e-01 2.000000e-01 2.000000e-01 2.000000e-01 2.000000e-01 2.000000e-01 2.000000e-01 2.000000e-01 2.000000e-01 2.000000e-01 2.000000e-01 2.000000e-01 2.000000e-01 2.000000e-01 2.000000e-01 2.000000e-01 2.000000e-01 2.000000e-01 2.000000e-01 2.000000e-01 2.000000e-01 2.000000e-01 2.000000e-01 2.000000e-01 2.000000e-01 2.000000e-01 2.000000e-01 2.000000e-01 2.000000e-01 2.000000e-01 2.000000e-01
<GCONST> 3.243863e+01
<TRANSP> 4
 0.000000e+00 1.000000e+00 0.000000e+00 0.000000e+00
 0.000000e+00 8.696877e-01 1.303123e-01 0.000000e+00
 0.000000e+00 0.000000e+00 8.472898e-01 1.527102e-01
 0.000000e+00 0.000000e+00 0.000000e+00 0.000000e+00
<ENDHMM>
