~o
<STREAMINFO> 1 142
<VECSIZE> 142<NULLD><USER><DIAGC>
~h "god"
<BEGINHMM>
<NUMSTATES> 4
<STATE> 2
<MEAN> 142
 6.960194e-01 4.561153e-01 4.351145e-01 3.541808e-01 3.159730e-01 3.953966e-01 3.998241e-01 4.184247e-01 3.824240e-01 4.540308e-01 5.097823e-01 4.500482e-01 4.308231e-01 5.019030e-01 3.588875e-01 3.620214e-01 4.033370e-01 4.767956e-01 3.626761e-01 4.302815e-01 4.816532e-01 4.427515e-01 3.782817e-01 4.411984e-01 5.205674e-01 4.062432e-01 4.867318e-01 4.495188e-01 4.119702e-01 3.886442e-01 4.697907e-01 4.473621e-01 4.319797e-01 4.258168e-01 4.841437e-01 3.619098e-01 3.855229e-01 3.974009e-01 3.896492e-01 3.344436e-01 4.054584e-01 4.485475e-01 3.688723e-01 3.724335e-01 2.968894e-01 5.266843e-01 4.316298e-01 4.331230e-01 4.159668e-01 3.935606e-01 4.571305e-01 3.769146e-01 4.916089e-01 2.694825e-01 4.671977e-01 4.640726e-01 5.673782e-01 3.976054e-01 3.970520e-01 3.516233e-01 4.791608e-01 4.750417e-01 4.253416e-01 4.068579e-01 4.312547e-01 4.631686e-01 3.661682e-01 4.079228e-01 4.650182e-01 3.849424e-01 4.906310e-01 4.597435e-01 4.471612e-01 4.620406e-01 4.149966e-01 3.842334e-01 4.448979e-01 4.479947e-01 4.292938e-01 4.878895e-01 5.127949e-01 3.697936e-01 3.933610e-01 4.322481e-01 3.763078e-01 4.116921e-01 3.900368e-01 4.574218e-01 4.521552e-01 4.442942e-01 4.089541e-01 4.200426e-01 5.134544e-01 4.669790e-01 4.033388e-01 5.255077e-01 4.267931e-01 4.090835e-01 3.775043e-01 3.957500e-01 4.687689e-01 4.409259e-01 3.865020e-01 3.914768e-01 4.185205e-01 3.082944e-01 4.372129e-01 3.984726e-01 4.402265e-01 3.880964e-01 4.236771e-01 4.565229e-01 3.741972e-01 3.310729e-01 3.858072e-01 4.161115e-01 4.570855e-01 4.106141e-01 4.797499e-01 4.344611e-01 4.255138e-01 5.231404e-01 4.639407e-01 4.435027e-01 4.701290e-01 4.378594e-01 4.361888e-01 4.536498e-01 4.173248e-01 4.410517e-01 3.893856e-01 4.405386e-01 4.456261e-01 4.335811e-01 3.648668e-01 4.333220e-01 4.815753e-01 3.877026e-01 3.446816e-01 3.665576e-01 4.274945e-01 4.317916e-01
<VARIANCE> 142
 2.000000e-01 2.000000e-01 2.000000e-01 2.000000e-01 2.000000e-01 2.000000e-01 2.000000e-01 2.000000e-01 2.000000e-01 2.000000e-01 2.000000e-01 2.000000e-01 2.000000e-01 2.000000e-01 2.000000e-01 2.000000e-01 2.000000e-01 2.000000e-01 2.000000e-01 2.000000e-01 2.000000e-01 2.000000e-01 2.000000e-01 2.000000e-01 2.000000e-01 2.000000e-01 2.000000e-01 2.000000e-01 2.000000e-01 2.000000e-01 2.000000e-01 2.000000e-01 2.000000e-01 2.000000e-01 2.000000e-01 2.000000e-01 2.000000e-01 2.000000e-01 2.000000e-01 2.000000e-01 2.000000e-01 2.000000e-01 2.000000e-01 2.000000e-01 2.000000e-01 2.000000e-01 2.000000e-01 2.000000e-01 2.000000e-01 2.000000e-01 2.000000e-01 2.000000e-01 2.000000e-01 2.000000e-01 2.000000e-01 2.000000e-01 2.000000e-01 2.000000e-01 2.000000e-01 2.000000e-01 2.000000e-01 2.000000e-01 2.000000e-01 2.000000e-01 2.000000e-01 2.000000e-01 2.000000e-01 2.000000e-01 2.000000e-01 2.000000e-01 2.000000e-01 2.000000e-01 2.000000e-01 2.000000e-01 2.000000e-01 2.000000e-01 2.000000e-01 2.000000e-01 2.000000e-01 2.000000e-01 2.000000e-01 2.000000e-01 2.000000e-01 2.000000e-01 2.000000e-01 2.000000e-01 2.000000e-01 2.000000e-01 2.000000e-01 2.000000e-01 2.000000e-01 2.000000e-01 2.000000e-01 2.000000e-01 2.000000e-01 2.000000e-01 2.000000e-01 2.000000e-01 2.000000e-01 2.000000e-01 2.000000e-01 2.000000e-01 2.000000e-01 2.000000e-01 2.000000e-01 2.000000e-01 2.000000e-01 2.000000e-01 2.000000e-01 2.000000e-01 2.000000e-01 2.000000e-01 2.000000e-01 2.000000e-01 2.000000e-01 2.000000e-01 2.000000e-01 2.000000e-01 2.000000e-01 2.000000e-01 2.000000e-01 2.000000e-01 2.000000e-01 2.000000e-01 2.000000e-01 2.000000e-01 2.000000e-01 2.000000e-01 2.000000e-01 2.000000e-01 2.000000e-01 2.000000e-01 2.000000e-01 2.000000e-01 2.000000e-01 2.000000e-01 2.000000e-01 2.000000e-01 2.000000e-01 2.000000e-01 2.000000e-01 2.000000e-01
<GCONST> 3.243863e+01
<STATE> 3
<MEAN> 142
 4.871686e-01 4.026315e-01 3.752632e-01 3.732138e-01 3.562492e-01 1.927192e-01 3.206280e-01 2.980767e-01 3.693702e-01 4.963551e-01 3.905219e-01 3.915996e-01 2.857372e-01 3.712010e-01 4.075977e-01 2.877531e-01 3.996014e-01 3.175771e-01 2.668869e-01 2.623428e-01 4.407301e-01 4.839953e-01 3.258908e-01 4.893420e-01 4.755749e-01 2.761772e-01 3.978737e-01 3.208191e-01 4.933864e-01 3.378465e-01 4.719063e-01 4.055229e-01 3.287418e-01 5.316834e-01 4.584751e-01 3.870984e-01 4.424484e-01 3.663526e-01 4.344313e-01 3.171842e-01 3.958006e-01 5.401878e-01 3.357220e-01 2.584737e-01 1.422662e-01 3.086789e-01 4.928925e-01 4.356289e-01 4.841370e-01 2.823872e-01 4.635925e-01 3.590014e-01 4.178533e-01 2.641387e-01 4.016653e-01 4.309702e-01 4.261010e-01 3.410874e-01 3.689571e-01 3.225327e-01 3.102752e-01 4.287270e-01 4.069406e-01 3.845970e-01 3.533211e-01 4.183759e-01 3.183039e-01 3.993943e-01 3.443813e-01 4.028751e-01 4.106756e-01 2.869044e-01 4.015882e-01 3.762095e-01 1.755246e-01 2.750950e-01 3.888737e-01 5.665114e-01 5.365611e-01 5.222895e-01 4.613801e-01 4.342773e-01 3.693609e-01 4.476764e-01 2.783389e-01 2.962760e-01 3.706491e-01 4.150723e-01 4.197114e-01 2.693231e-01 3.218344e-01 2.173759e-01 3.635663e-01 3.085369e-01 5.148321e-01 4.261176e-01 4.478149e-01 2.813170e-01 5.786657e-01 4.173970e-01 4.981115e-01 4.803166e-01 3.330445e-01 3.636501e-01 3.656008e-01 3.530474e-01 3.110777e-01 4.801845e-01 3.079717e-01 3.790818e-01 3.743554e-01 3.532460e-01 3.286251e-01 4.988570e-01 3.108200e-01 3.343755e-01 2.760865e-01 5.023822e-01 4.212996e-01 3.918502e-01 4.850965e-01 4.000455e-01 4.406509e-01 2.557026e-01 3.896307e-01 3.857544e-01 3.498039e-01 3.912979e-01 3.795896e-01 3.848624e-01 3.568220e-01 4.581025e-01 2.627098e-01 4.210227e-01 4.846399e-01 5.483519e-01 3.251795e-01 4.163572e-01 3.391698e-01 4.094564e-01 4.819051e-01 4.013326e-01
<VARIANCE> 142
 2.000000e-01 2.000000e-01 2.000000e-01 2.000000e-01 2.000000e-01 2.000000e-01 2.000000e-01 2.000000e-01 2.000000e-01 2.000000e-01 2.000000e-01 2.000000e-01 2.000000e-01 2.000000e-01 2.000000e-01 2.000000e-01 2.000000e-01 2.000000e-01 2.000000e-01 2.000000e-01 2.000000e-01 2.000000e-01 2.000000e-01 2.000000e-01 2.000000e-01 2.000000e-01 2.000000e-01 2.000000e-01 2.000000e-01 2.000000e-01 2.000000e-01 2.000000e-01 2.000000e-01 2.000000e-01 2.000000e-01 2.000000e-01 2.000000e-01 2.000000e-01 2.000000e-01 2.000000e-01 2.000000e-01 2.000000e-01 2.000000e-01 2.000000e-01 2.000000e-01 2.000000e-01 2.000000e-01 2.000000e-01 2.000000e-01 2.000000e-01 2.000000e-01 2.000000e-01 2.000000e-01 2.000000e-01 2.000000e-01 2.000000e-01 2.000000e-01 2.000000e-01 2.000000e-01 2.000000e-01 2.000000e-01 2.000000e-01 2.000000e-01 2.000000e-01 2.000000e-01 2.000000e-01 2.000000e-01 2.000000e-01 2.000000e-01 2.000000e-01 2.000000e-01 2.000000e-01 2.000000e-01 2.000000e-01 2.000000e-01 2.000000e-01 2.000000e-01 2.000000e-01 2.000000e-01 2.000000e-01 2.000000e-01 2.000000e-01 2.000000e-01 2.000000e-01 2.000000e-01 2.000000e-01 2.000000e-01 2.000000e-01 2.000000e-01 2.000000e-01 2.000000e-01 2.000000e-01 2.000000e-01 2.000000e-01 2.000000e-01 2.000000e-01 2.000000e-01 2.000000e-01 2.000000e-01 2.000000e-01 2.000000e-01 2.000000e-01 2.000000e-01 2.000000e-01 2.000000e-01 2.000000e-01 2.000000e-01 2.000000e-01 2.000000e-01 2.000000e-01 2.000000e-01 2.000000e-01 2.000000e-01 2.000000e-01 2.000000e-01 2.000000e-01 2.000000e-01 2.000000e-01 2.000000e-01 2.000000e-01 2.000000e-01 2.000000e-01 2.000000e-01 2.000000e-01 2.000000e-01 2.000000e-01 2.000000e-01 2.000000e-01 2.000000e-01 2.000000e-01 2.000000e-01 2.000000e-01 2.000000e-01 2.000000e-01 2.000000e-01 2.000000e-01 2.000000e-01 2.000000e-01 2.000000e-01 2.000000e-01 2.000000e-01 2.000000e-01
<GCONST> 3.243863e+01
<TRANSP> 4
 0.000000e+00 1.000000e+00 0.000000e+00 0.000000e+00
 0.000000e+00 8.641496e-01 1.358504e-01 0.000000e+00
 0.000000e+00 0.000000e+00 8.571959e-01 1.428041e-01
 0.000000e+00 0.000000e+00 0.000000e+00 0.000000e+00
<ENDHMM>
