~o
<STREAMINFO> 1 142
<VECSIZE> 142<NULLD><USER><DIAGC>
~h "good"
<BEGINHMM>
<NUMSTATES> 4
<STATE> 2
<MEAN> 142
 5.395796e-01 4.251457e-01 2.834911e-01 3.412821e-01 2.955064e-01 2.200874e-01 3.050353e-01 3.309988e-01 3.704933e-01 4.336529e-01 4.291144e-01 4.716794e-01 3.985609e-01 4.813292e-01 3.406737e-01 3.133905e-01 3.861921e-01 4.399480e-01 2.621264e-01 3.439662e-01 3.634332e-01 4.243420e-01 3.340667e-01 4.877352e-01 4.641175e-01 3.887821e-01 4.085148e-01 4.223942e-01 4.798790e-01 4.016966e-01 4.456444e-01 3.888587e-01 3.079426e-01 4.890853e-01 4.546015e-01 3.942304e-01 3.627201e-01 4.604639e-01 4.391306e-01 3.105929e-01 3.811171e-01 5.323406e-01 4.046951e-01 2.869998e-01 1.938732e-01 3.851595e-01 3.796990e-01 3.898833e-01 3.505456e-01 3.302932e-01 4.774989e-01 3.973923e-01 4.195843e-01 3.176520e-01 3.980821e-01 4.429936e-01 3.953044e-01 2.459376e-01 3.377767e-01 2.725559e-01 3.535859e-01 4.289559e-01 4.443630e-01 4.362236e-01 4.352719e-01 4.247975e-01 3.951453e-01 3.012975e-01 3.917052e-01 4.560891e-01 4.356050e-01 3.768644e-01 4.472526e-01 3.908714e-01 2.225616e-01 3.555646e-01 4.343672e-01 3.874812e-01 4.835033e-01 4.077355e-01 5.249740e-01 3.982594e-01 3.851619e-01 3.717642e-01 3.040983e-01 3.458653e-01 4.328830e-01 4.725681e-01 4.371298e-01 3.009005e-01 4.165403e-01 2.590725e-01 4.256204e-01 3.930313e-01 4.337608e-01 4.653735e-01 4.809221e-01 3.906065e-01 4.850469e-01 4.142994e-01 4.604722e-01 4.693894e-01 3.904135e-01 4.552765e-01 3.134585e-01 3.149947e-01 4.079260e-01 4.476674e-01 3.747479e-01 2.756340e-01 4.428045e-01 3.870985e-01 2.912819e-01 3.601314e-01 3.710192e-01 4.345047e-01 4.008705e-01 4.354502e-01 4.560607e-01 3.442419e-01 4.371167e-01 4.373691e-01 4.621966e-01 3.928985e-01 3.366463e-01 4.358005e-01 4.616145e-01 4.506131e-01 4.804670e-01 3.197403e-01 3.400084e-01 4.372693e-01 4.276902e-01 4.475445e-01 3.801387e-01 4.352233e-01 3.155978e-01 4.105397e-01 3.306383e-01 3.682561e-01 4.564077e-01 3.813854e-01
<VARIANCE> 142
 2.000000e-01 2.000000e-01 2.000000e-01 2.000000e-01 2.000000e-01 2.000000e-01 2.000000e-01 2.000000e-01 2.000000e-01 2.000000e-01 2.000000e-01 2.000000e-01 2.000000e-01 2.000000e-01 2.000000e-01 2.000000e-01 2.000000e-01 2.000000e-01 2.000000e-01 2.000000e-01 2.000000e-01 2.000000e-01 2.000000e-01 2.000000e-01 2.000000e-01 2.000000e-01 2.000000e-01 2.000000e-01 2.000000e-01 2.000000e-01 2.000000e-01 2.000000e-01 2.000000e-01 2.000000e-01 2.000000e-01 2.000000e-01 2.000000e-01 2.000000e-01 2.000000e-01 2.000000e-01 2.000000e-01 2.000000e-01 2.000000e-01 2.000000e-01 2.000000e-01 2.000000e-01 2.000000e-01 2.000000e-01 2.000000e-01 2.000000e-01 2.000000e-01 2.000000e-01 2.000000e-01 2.000000e-01 2.000000e-01 2.000000e-01 2.000000e-01 2.000000e-01 2.000000e-01 2.000000e-01 2.000000e-01 2.000000e-01 2.000000e-01 2.000000e-01 2.000000e-01 2.000000e-01 2.000000e-01 2.000000e-01 2.000000e-01 2.000000e-01 2.000000e-01 2.000000e-01 2.000000e-01 2.000000e-01 2.000000e-01 2.000000e-01 2.000000e-01 2.000000e-01 2.000000e-01 2.000000e-01 2.000000e-01 2.000000e-01 2.000000e-01 2.000000e-01 2.000000e-01 2.000000e-01 2.000000e-01 2.000000e-01 2.000000e-01 2.000000e-01 2.000000e-01 2.000000e-01 2.000000e-01 2.000000e-01 2.000000e-01 2.000000e-01 2.000000e-01 2.000000e-01 2.000000e-01 2.000000e-01 2.000000e-01 2.000000e-01 2.000000e-01 2.000000e-01 2.000000e-01 2.000000e-01 2.000000e-01 2.000000e-01 2.000000e-01 2.000000e-01 2.000000e-01 2.000000e-01 2.000000e-01 2.000000e-01 2.000000e-01 2.000000e-01 2.000000e-01 2.000000e-01 2.000000e-01 2.000000e-01 2.000000e-01 2.000000e-01 2.000000e-01 2.000000e-01 2.000000e-01 2.000000e-01 2.000000e-01 2.000000e-01 2.000000e-01 2.000000e-01 2.000000e-01 2.000000e-01 2.000000e-01 2.000000e-01 2.000000e-01 2.000000e-01 2.000000e-01 2.000000e-01 2.000000e-01 2.000000e-01 2.000000e-01 2.000000e-01
<GCONST> 3.243863e+01
<STATE> 3
<MEAN> 142
 7.297583e-01 3.278928e-01 4.164813e-01 3.485884e-01 3.243867e-01 4.047125e-01 4.799260e-01 3.456105e-01 3.507003e-01 3.367079e-01 4.245835e-01 4.622977e-01 3.949553e-01 4.413164e-01 3.042488e-01 3.325479e-01 3.592395e-01 3.754782e-01 3.523169e-01 4.047413e-01 5.182480e-01 4.979154e-01 4.166023e-01 4.316433e-01 4.272907e-01 4.232607e-01 3.983277e-01 3.850667e-01 3.632709e-01 3.524025e-01 4.709285e-01 4.317867e-01 5.321398e-01 4.143516e-01 4.236312e-01 3.459429e-01 3.220259e-01 2.797540e-01 2.720004e-01 3.667994e-01 2.537597e-01 3.675258e-01 3.175360e-01 3.547023e-01 3.000256e-01 4.078957e-01 4.334046e-01 3.900988e-01 4.512594e-01 3.866319e-01 5.147201e-01 3.762932e-01 4.311748e-01 2.746070e-01 4.905386e-01 3.327064e-01 4.156840e-01 3.754096e-01 3.392457e-01 4.146774e-01 5.088835e-01 4.338186e-01 3.657158e-01 3.774271e-01 3.802535e-01 4.871519e-01 3.116518e-01 4.331718e-01 4.979526e-01 3.397991e-01 4.927786e-01 5.012971e-01 4.510456e-01 4.264145e-01 3.963447e-01 4.215626e-01 5.159530e-01 4.410214e-01 4.167163e-01 4.213417e-01 3.929409e-01 3.448360e-01 3.023684e-01 4.881557e-01 3.803053e-01 5.152165e-01 4.005575e-01 4.328823e-01 4.606615e-01 4.177348e-01 3.768806e-01 4.319379e-01 4.111406e-01 3.753920e-01 4.112774e-01 4.525988e-01 4.058020e-01 3.024546e-01 3.733737e-01 4.835590e-01 3.708084e-01 4.861532e-01 3.596200e-01 3.113441e-01 3.109414e-01 3.108931e-01 3.997768e-01 3.525711e-01 3.868731e-01 4.323204e-01 4.122599e-01 3.773438e-01 3.875336e-01 3.174544e-01 3.604408e-01 4.380817e-01 3.476608e-01 4.334234e-01 3.956836e-01 4.182605e-01 3.987800e-01 4.915232e-01 4.348113e-01 4.508152e-01 4.729825e-01 3.889182e-01 4.134741e-01 3.030304e-01 2.980145e-01 4.455919e-01 4.316065e-01 3.910285e-01 4.496918e-01 4.006150e-01 3.297997e-01 3.783659e-01 4.787896e-01 3.591864e-01 3.684658e-01 3.357218e-01 4.542898e-01 4.784783e-01
<VARIANCE> 142
 2.000000e-01 2.000000e-01 2.000000e-01 2.000000e-01 2.000000e-01 2.000000e-01 2.000000e-01 2.000000e-01 2.000000e-01 2.000000e-01 2.000000e-01 2.000000e-01 2.000000e-01 2.000000e-01 2.000000e-01 2.000000e-01 2.000000e-01 2.000000e-01 2.000000e-01 2.000000e-01 2.000000e-01 2.000000e-01 2.000000e-01 2.000000e-01 2.000000e-01 2.000000e-01 2.000000e-01 2.000000e-01 2.000000e-01 2.000000e-01 2.000000e-01 2.000000e-01 2.000000e-01 2.000000e-01 2.000000e-01 2.000000e-01 2.000000e-01 2.000000e-01 2.000000e-01 2.000000e-01 2.000000e-01 2.000000e-01 2.000000e-01 2.000000e-01 2.000000e-01 2.000000e-01 2.000000e-01 2.000000e-01 2.000000e-01 2.000000e-01 2.000000e-01 2.000000e-01 2.000000e-01 2.000000e-01 2.000000e-01 2.000000e-01 2.000000e-01 2.000000e-01 2.000000e-01 2.000000e-01 2.000000e-01 2.000000e-01 2.000000e-01 2.000000e-01 2.000000e-01 2.000000e-01 2.000000e-01 2.000000e-01 2.000000e-01 2.000000e-01 2.000000e-01 2.000000e-01 2.000000e-01 2.000000e-01 2.000000e-01 2.000000e-01 2.000000e-01 2.000000e-01 2.000000e-01 2.000000e-01 2.000000e-01 2.000000e-01 2.000000e-01 2.000000e-01 2.000000e-01 2.000000e-01 2.000000e-01 2.000000e-01 2.000000e-01 2.000000e-01 2.000000e-01 2.000000e-01 2.000000e-01 2.000000e-01 2.000000e-01 2.000000e-01 2.000000e-01 2.000000e-01 2.000000e-01 2.000000e-01 2.000000e-01 2.000000e-01 2.000000e-01 2.000000e-01 2.000000e-01 2.000000e-01 2.000000e-01 2.000000e-01 2.000000e-01 2.000000e-01 2.000000e-01 2.000000e-01 2.000000e-01 2.000000e-01 2.000000e-01 2.000000e-01 2.000000e-01 2.000000e-01 2.000000e-01 2.000000e-01 2.000000e-01 2.000000e-01 2.000000e-01 2.000000e-01 2.000000e-01 2.000000e-01 2.000000e-01 2.000000e-01 2.000000e-01 2.000000e-01 2.000000e-01 2.000000e-01 2.000000e-01 2.000000e-01 2.000000e-01 2.000000e-01 2.000000e-01 2.000000e-01 2.000000e-01 2.000000e-01 2.000000e-01 2.000000e-01
<GCONST> 3.243863e+01
<TRANSP> 4
 0.000000e+00 1.000000e+00 0.000000e+00 0.000000e+00
 0.000000e+00 8.431628e-01 1.568372e-01 0.000000e+00
 0.000000e+00 0.000000e+00 8.765073e-01 1.234927e-01
 0.000000e+00 0.000000e+00 0.000000e+00 0.000000e+00
<ENDHMM>
