~o
<STREAMINFO> 1 142
<VECSIZE> 142<NULLD><USER><DIAGC>
~h "government"
<BEGINHMM>
<NUMSTATES> 4
<STATE> 2
<MEAN> 142
 5.187457e-01 4.605211e-01 3.522076e-01 3.559549e-01 3.417000e-01 3.066725e-01 2.594661e-01 3.595496e-01 4.002906e-01 4.933664e-01 5.863998e-01 5.584597e-01 4.221003e-01 5.367053e-01 3.184918e-01 3.027183e-01 3.929982e-01 4.071251e-01 3.923734e-01 3.599816e-01 3.265336e-01 3.306000e-01 4.139198e-01 4.290438e-01 4.830067e-01 4.900511e-01 4.990348e-01 5.598196e-01 4.402851e-01 5.174477e-01 4.544382e-01 3.548629e-01 3.114631e-01 4.598729e-01 4.660670e-01 3.425738e-01 4.313713e-01 4.376506e-01 4.650273e-01 3.340756e-01 4.240479e-01 4.337215e-01 5.126636e-01 3.160982e-01 2.766332e-01 4.952459e-01 3.257164e-01 3.786512e-01 3.385364e-01 4.804929e-01 4.665278e-01 4.120588e-01 5.047261e-01 3.960710e-01 4.364289e-01 4.908224e-01 4.143260e-01 3.219430e-01 3.738112e-01 2.996328e-01 3.518385e-01 4.438380e-01 4.276533e-01 5.247138e-01 5.551322e-01 3.783939e-01 4.235752e-01 3.478085e-01 3.346529e-01 5.254902e-01 4.643389e-01 4.115740e-01 3.389158e-01 3.843850e-01 3.059839e-01 3.948855e-01 3.363238e-01 3.608584e-01 4.679333e-01 3.912155e-01 5.271068e-01 3.872478e-01 3.671610e-01 3.567774e-01 3.565691e-01 2.860183e-01 4.475543e-01 4.300494e-01 4.350460e-01 3.730497e-01 5.155242e-01 2.983599e-01 4.805620e-01 5.968003e-01 4.063098e-01 5.055605e-01 3.917481e-01 4.314119e-01 3.993695e-01 4.377382e-01 4.357135e-01 3.705933e-01 3.867262e-01 5.623412e-01 3.279327e-01 3.559604e-01 4.717145e-01 5.449296e-01 3.848794e-01 2.747805e-01 5.348105e-01 5.132020e-01 2.678174e-01 4.028199e-01 3.993582e-01 4.347552e-01 5.178851e-01 3.714253e-01 5.927661e-01 3.886211e-01 4.380865e-01 4.165888e-01 4.472836e-01 4.598576e-01 3.269864e-01 4.572178e-01 5.126139e-01 4.758554e-01 6.297981e-01 3.396813e-01 3.195032e-01 3.787571e-01 4.354728e-01 4.454219e-01 3.885861e-01 4.076573e-01 3.568998e-01 3.987465e-01 3.140261e-01 3.686484e-01 4.232354e-01 3.673190e-01
<VARIANCE> 142
 2.000000e-01 2.000000e-01 2.000000e-01 2.000000e-01 2.000000e-01 2.000000e-01 2.000000e-01 2.000000e-01 2.000000e-01 2.000000e-01 2.000000e-01 2.000000e-01 2.000000e-01 2.000000e-01 2.000000e-01 2.000000e-01 2.000000e-01 2.000000e-01 2.000000e-01 2.000000e-01 2.000000e-01 2.000000e-01 2.000000e-01 2.000000e-01 2.000000e-01 2.000000e-01 2.000000e-01 2.000000e-01 2.000000e-01 2.000000e-01 2.000000e-01 2.000000e-01 2.000000e-01 2.000000e-01 2.000000e-01 2.000000e-01 2.000000e-01 2.000000e-01 2.000000e-01 2.000000e-01 2.000000e-01 2.000000e-01 2.000000e-01 2.000000e-01 2.000000e-01 2.000000e-01 2.000000e-01 2.000000e-01 2.000000e-01 2.000000e-01 2.000000e-01 2.000000e-01 2.000000e-01 2.000000e-01 2.000000e-01 2.000000e-01 2.000000e-01 2.000000e-01 2.000000e-01 2.000000e-01 2.000000e-01 2.000000e-01 2.000000e-01 2.000000e-01 2.000000e-01 2.000000e-01 2.000000e-01 2.000000e-01 2.000000e-01 2.000000e-01 2.000000e-01 2.000000e-01 2.000000e-01 2.000000e-01 2.000000e-01 2.000000e-01 2.000000e-01 2.000000e-01 2.000000e-01 2.000000e-01 2.000000e-01 2.000000e-01 2.000000e-01 2.000000e-01 2.000000e-01 2.000000e-01 2.000000e-01 2.000000e-01 2.000000e-01 2.000000e-01 2.000000e-01 2.000000e-01 2.000000e-01 2.000000e-01 2.000000e-01 2.000000e-01 2.000000e-01 2.000000e-01 2.000000e-01 2.000000e-01 2.000000e-01 2.000000e-01 2.000000e-01 2.000000e-01 2.000000e-01 2.000000e-01 2.000000e-01 2.000000e-01 2.000000e-01 2.000000e-01 2.000000e-01 2.000000e-01 2.000000e-01 2.000000e-01 2.000000e-01 2.000000e-01 2.000000e-01 2.000000e-01 2.000000e-01 2.000000e-01 2.000000e-01 2.000000e-01 2.000000e-01 2.000000e-01 2.000000e-01 2.000000e-01 2.000000e-01 2.000000e-01 2.000000e-01 2.000000e-01 2.000000e-01 2.000000e-01 2.000000e-01 2.000000e-01 2.000000e-01 2.000000e-01 2.000000e-01 2.000000e-01 2.000000e-01 2.000000e-01 2.000000e-01 2.000000e-01
<GCONST> 3.243863e+01
<STATE> 3
<MEAN> 142
 5.918335e-01 3.685069e-01 4.203578e-01 4.160510e-01 3.731253e-01 3.329032e-01 3.935231e-01 3.935226e-01 3.663286e-01 4.124246e-01 4.632704e-01 3.714054e-01 3.452275e-01 4.562410e-01 3.836403e-01 3.911456e-01 3.939410e-01 3.509662e-01 3.745322e-01 3.570245e-01 5.148528e-01 5.230782e-01 3.973603e-01 4.496988e-01 5.298334e-01 3.930156e-01 4.542556e-01 3.972509e-01 3.848945e-01 3.506913e-01 4.620854e-01 4.685502e-01 4.641720e-01 5.273778e-01 4.435979e-01 4.583560e-01 4.468162e-01 3.192066e-01 3.875650e-01 3.940859e-01 3.610155e-01 4.753933e-01 3.635514e-01 3.511524e-01 1.997137e-01 4.092883e-01 5.010057e-01 4.393443e-01 5.022804e-01 3.769001e-01 4.968802e-01 3.771172e-01 4.067362e-01 3.081291e-01 4.586403e-01 3.950383e-01 4.773137e-01 3.991846e-01 3.842125e-01 3.776608e-01 4.133702e-01 5.326446e-01 4.203455e-01 4.152076e-01 3.853210e-01 4.575005e-01 3.882645e-01 4.971446e-01 4.799224e-01 3.740864e-01 4.584723e-01 4.225142e-01 4.048309e-01 3.949330e-01 3.120573e-01 3.538017e-01 4.860863e-01 4.581848e-01 5.152685e-01 4.969943e-01 4.460532e-01 3.974319e-01 3.760089e-01 4.848536e-01 3.473765e-01 4.103508e-01 4.224615e-01 4.024130e-01 4.694729e-01 3.529172e-01 3.146680e-01 3.923015e-01 3.536618e-01 3.592630e-01 4.689888e-01 4.217170e-01 4.562059e-01 2.864800e-01 4.664406e-01 4.935018e-01 4.169249e-01 4.985806e-01 3.872111e-01 3.634410e-01 4.010296e-01 3.875526e-01 3.673870e-01 3.997009e-01 4.275124e-01 4.505174e-01 3.993175e-01 3.217981e-01 3.957034e-01 4.035453e-01 3.933346e-01 3.725844e-01 3.448229e-01 4.887068e-01 3.893443e-01 4.445563e-01 4.693131e-01 4.450415e-01 4.813463e-01 3.678553e-01 4.336739e-01 4.197606e-01 3.467049e-01 3.587478e-01 3.457764e-01 4.618298e-01 4.389137e-01 3.896541e-01 3.748319e-01 4.366852e-01 4.069440e-01 4.945478e-01 4.164211e-01 4.475747e-01 4.305258e-01 4.310605e-01 4.868700e-01 4.391940e-01
<VARIANCE> 142
 2.000000e-01 2.000000e-01 2.000000e-01 2.000000e-01 2.000000e-01 2.000000e-01 2.000000e-01 2.000000e-01 2.000000e-01 2.000000e-01 2.000000e-01 2.000000e-01 2.000000e-01 2.000000e-01 2.000000e-01 2.000000e-01 2.000000e-01 2.000000e-01 2.000000e-01 2.000000e-01 2.000000e-01 2.000000e-01 2.000000e-01 2.000000e-01 2.000000e-01 2.000000e-01 2.000000e-01 2.000000e-01 2.000000e-01 2.000000e-01 2.000000e-01 2.000000e-01 2.000000e-01 2.000000e-01 2.000000e-01 2.000000e-01 2.000000e-01 2.000000e-01 2.000000e-01 2.000000e-01 2.000000e-01 2.000000e-01 2.000000e-01 2.000000e-01 2.000000e-01 2.000000e-01 2.000000e-01 2.000000e-01 2.000000e-01 2.000000e-01 2.000000e-01 2.000000e-01 2.000000e-01 2.000000e-01 2.000000e-01 2.000000e-01 2.000000e-01 2.000000e-01 2.000000e-01 2.000000e-01 2.000000e-01 2.000000e-01 2.000000e-01 2.000000e-01 2.000000e-01 2.000000e-01 2.000000e-01 2.000000e-01 2.000000e-01 2.000000e-01 2.000000e-01 2.000000e-01 2.000000e-01 2.000000e-01 2.000000e-01 2.000000e-01 2.000000e-01 2.000000e-01 2.000000e-01 2.000000e-01 2.000000e-01 2.000000e-01 2.000000e-01 2.000000e-01 2.000000e-01 2.000000e-01 2.000000e-01 2.000000e-01 2.000000e-01 2.000000e-01 2.000000e-01 2.000000e-01 2.000000e-01 2.000000e-01 2.000000e-01 2.000000e-01 2.000000e-01 2.000000e-01 2.000000e-01 2.000000e-01 2.000000e-01 2.000000e-01 2.000000e-01 2.000000e-01 2.000000e-01 2.000000e-01 2.000000e-01 2.000000e-01 2.000000e-01 2.000000e-01 2.000000e-01 2.000000e-01 2.000000e-01 2.000000e-01 2.000000e-01 2.000000e-01 2.000000e-01 2.000000e-01 2.000000e-01 2.000000e-01 2.000000e-01 2.000000e-01 2.000000e-01 2.000000e-01 2.000000e-01 2.000000e-01 2.000000e-01 2.000000e-01 2.000000e-01 2.000000e-01 2.000000e-01 2.000000e-01 2.000000e-01 2.000000e-01 2.000000e-01 2.000000e-01 2.000000e-01 2.000000e-01 2.000000e-01 2.000000e-01 2.000000e-01 2.000000e-01
<GCONST> 3.243863e+01
<TRANSP> 4
 0.000000e+00 1.000000e+00 0.000000e+00 0.000000e+00
 0.000000e+00 7.439726e-01 2.560274e-01 0.000000e+00
 0.000000e+00 0.000000e+00 9.098626e-01 9.013745e-02
 0.000000e+00 0.000000e+00 0.000000e+00 0.000000e+00
<ENDHMM>
