~o
<STREAMINFO> 1 142
<VECSIZE> 142<NULLD><USER><DIAGC>
~h "governor"
<BEGINHMM>
<NUMSTATES> 4
<STATE> 2
<MEAN> 142
 5.404224e-01 3.585729e-01 3.419901e-01 3.353271e-01 2.935178e-01 2.936135e-01 3.239848e-01 3.203326e-01 3.389593e-01 4.425586e-01 3.976533e-01 3.733918e-01 3.559877e-01 4.075202e-01 3.368812e-01 3.741544e-01 4.346962e-01 3.630412e-01 2.814732e-01 3.242555e-01 4.486188e-01 4.419300e-01 3.518024e-01 4.478938e-01 4.728518e-01 3.853088e-01 3.903255e-01 3.669366e-01 4.069063e-01 3.598787e-01 4.508675e-01 4.182502e-01 3.290742e-01 5.073029e-01 4.140326e-01 4.211025e-01 3.651409e-01 3.547187e-01 3.717587e-01 3.526482e-01 4.371359e-01 4.580940e-01 3.178070e-01 3.331467e-01 1.819271e-01 3.771371e-01 4.771481e-01 3.883023e-01 4.622434e-01 2.778433e-01 4.414079e-01 4.278660e-01 4.134707e-01 3.067960e-01 4.027569e-01 3.866209e-01 3.944739e-01 3.099276e-01 3.569568e-01 2.927791e-01 4.094089e-01 4.121076e-01 3.950727e-01 4.107503e-01 3.941049e-01 3.972365e-01 4.394332e-01 3.988421e-01 3.723430e-01 4.319795e-01 4.444598e-01 4.100113e-01 3.746634e-01 3.676009e-01 2.708615e-01 3.480231e-01 4.291494e-01 4.024031e-01 4.797108e-01 4.586267e-01 4.561733e-01 3.555890e-01 3.846105e-01 4.086298e-01 3.258733e-01 3.854540e-01 3.722272e-01 4.182819e-01 4.680066e-01 3.226568e-01 3.240769e-01 2.848932e-01 3.872216e-01 3.318709e-01 4.109320e-01 4.254597e-01 4.185626e-01 3.562090e-01 5.020731e-01 4.112741e-01 4.010117e-01 4.599682e-01 3.077448e-01 3.764268e-01 3.168832e-01 3.082350e-01 3.412597e-01 4.064613e-01 3.515646e-01 4.002623e-01 3.474242e-01 3.307044e-01 3.267322e-01 3.765411e-01 3.503785e-01 3.899243e-01 3.262844e-01 4.193402e-01 4.433746e-01 3.769878e-01 4.230349e-01 4.396348e-01 4.068642e-01 3.688138e-01 3.598989e-01 3.944460e-01 3.529049e-01 3.905383e-01 3.664359e-01 3.782953e-01 3.707114e-01 4.023252e-01 3.470571e-01 4.092826e-01 4.242997e-01 4.514410e-01 4.081995e-01 4.626820e-01 4.253168e-01 3.941779e-01 4.625312e-01 3.798402e-01
<VARIANCE> 142
 2.000000e-01 2.000000e-01 2.000000e-01 2.000000e-01 2.000000e-01 2.000000e-01 2.000000e-01 2.000000e-01 2.000000e-01 2.000000e-01 2.000000e-01 2.000000e-01 2.000000e-01 2.000000e-01 2.000000e-01 2.000000e-01 2.000000e-01 2.000000e-01 2.000000e-01 2.000000e-01 2.000000e-01 2.000000e-01 2.000000e-01 2.000000e-01 2.000000e-01 2.000000e-01 2.000000e-01 2.000000e-01 2.000000e-01 2.000000e-01 2.000000e-01 2.000000e-01 2.000000e-01 2.000000e-01 2.000000e-01 2.000000e-01 2.000000e-01 2.000000e-01 2.000000e-01 2.000000e-01 2.000000e-01 2.000000e-01 2.000000e-01 2.000000e-01 2.000000e-01 2.000000e-01 2.000000e-01 2.000000e-01 2.000000e-01 2.000000e-01 2.000000e-01 2.000000e-01 2.000000e-01 2.000000e-01 2.000000e-01 2.000000e-01 2.000000e-01 2.000000e-01 2.000000e-01 2.000000e-01 2.000000e-01 2.000000e-01 2.000000e-01 2.000000e-01 2.000000e-01 2.000000e-01 2.000000e-01 2.000000e-01 2.000000e-01 2.000000e-01 2.000000e-01 2.000000e-01 2.000000e-01 2.000000e-01 2.000000e-01 2.000000e-01 2.000000e-01 2.000000e-01 2.000000e-01 2.000000e-01 2.000000e-01 2.000000e-01 2.000000e-01 2.000000e-01 2.000000e-01 2.000000e-01 2.000000e-01 2.000000e-01 2.000000e-01 2.000000e-01 2.000000e-01 2.000000e-01 2.000000e-01 2.000000e-01 2.000000e-01 2.000000e-01 2.000000e-01 2.000000e-01 2.000000e-01 2.000000e-01 2.000000e-01 2.000000e-01 2.000000e-01 2.000000e-01 2.000000e-01 2.000000e-01 2.000000e-01 2.000000e-01 2.000000e-01 2.000000e-01 2.000000e-01 2.000000e-01 2.000000e-01 2.000000e-01 2.000000e-01 2.000000e-01 2.000000e-01 2.000000e-01 2.000000e-01 2.000000e-01 2.000000e-01 2.000000e-01 2.000000e-01 2.000000e-01 2.000000e-01 2.000000e-01 2.000000e-01 2.000000e-01 2.000000e-01 2.000000e-01 2.000000e-01 2.000000e-01 2.000000e-01 2.000000e-01 2.000000e-01 2.000000e-01 2.000000e-01 2.000000e-01 2.000000e-01 2.000000e-01 2.000000e-01 2.000000e-01
<GCONST> 3.243863e+01
<STATE> 3
<MEAN> 142
 5.537264e-01 3.200755e-01 4.511674e-01 5.036877e-01 4.871939e-01 3.893848e-01 5.795054e-01 3.433974e-01 3.333099e-01 3.683169e-01 4.964168e-01 3.823453e-01 4.192971e-01 4.921181e-01 4.067576e-01 5.032567e-01 3.786935e-01 3.588689e-01 3.688935e-01 3.996158e-01 5.692309e-01 5.478494e-01 4.505225e-01 5.185502e-01 4.760637e-01 3.844726e-01 4.708573e-01 4.841653e-01 4.135453e-01 3.706083e-01 4.821312e-01 3.978628e-01 5.339903e-01 5.207162e-01 4.475048e-01 3.502153e-01 4.071522e-01 2.764436e-01 3.569319e-01 5.437624e-01 3.536122e-01 4.021968e-01 3.090696e-01 3.478686e-01 4.008864e-01 4.218841e-01 5.760268e-01 4.952199e-01 5.212953e-01 3.796970e-01 5.397220e-01 3.761239e-01 3.848223e-01 2.505495e-01 5.050150e-01 3.569262e-01 4.556254e-01 4.364973e-01 3.856447e-01 5.258962e-01 5.376212e-01 4.680356e-01 3.208285e-01 3.628103e-01 3.539902e-01 5.370405e-01 3.637496e-01 5.897195e-01 5.043672e-01 3.394969e-01 5.024624e-01 3.882511e-01 3.668155e-01 4.748881e-01 3.856622e-01 3.381612e-01 5.132226e-01 4.927887e-01 4.289853e-01 5.376362e-01 4.207643e-01 3.417233e-01 3.460818e-01 4.794824e-01 4.944111e-01 5.096108e-01 4.111585e-01 4.059470e-01 5.076883e-01 4.519131e-01 2.615830e-01 4.224208e-01 4.592943e-01 3.421694e-01 5.005242e-01 4.113879e-01 5.203210e-01 2.669124e-01 4.813821e-01 4.646496e-01 4.006662e-01 5.081643e-01 3.182633e-01 3.324823e-01 4.177279e-01 3.411430e-01 3.464140e-01 3.543303e-01 4.675188e-01 5.550978e-01 2.942089e-01 3.609844e-01 5.820773e-01 3.843355e-01 3.704461e-01 4.169172e-01 2.998774e-01 4.780132e-01 4.069051e-01 4.269697e-01 3.864149e-01 5.108606e-01 4.549469e-01 3.745741e-01 5.887288e-01 4.061633e-01 3.646029e-01 3.046241e-01 3.049472e-01 5.066676e-01 5.994961e-01 4.072373e-01 3.535541e-01 4.132166e-01 3.929431e-01 5.190722e-01 5.849345e-01 4.531742e-01 5.731368e-01 4.238892e-01 4.544089e-01 5.198871e-01
<VARIANCE> 142
 2.000000e-01 2.000000e-01 2.000000e-01 2.000000e-01 2.000000e-01 2.000000e-01 2.000000e-01 2.000000e-01 2.000000e-01 2.000000e-01 2.000000e-01 2.000000e-01 2.000000e-01 2.000000e-01 2.000000e-01 2.000000e-01 2.000000e-01 2.000000e-01 2.000000e-01 2.000000e-01 2.000000e-01 2.000000e-01 2.000000e-01 2.000000e-01 2.000000e-01 2.000000e-01 2.000000e-01 2.000000e-01 2.000000e-01 2.000000e-01 2.000000e-01 2.000000e-01 2.000000e-01 2.000000e-01 2.000000e-01 2.000000e-01 2.000000e-01 2.000000e-01 2.000000e-01 2.000000e-01 2.000000e-01 2.000000e-01 2.000000e-01 2.000000e-01 2.000000e-01 2.000000e-01 2.000000e-01 2.000000e-01 2.000000e-01 2.000000e-01 2.000000e-01 2.000000e-01 2.000000e-01 2.000000e-01 2.000000e-01 2.000000e-01 2.000000e-01 2.000000e-01 2.000000e-01 2.000000e-01 2.000000e-01 2.000000e-01 2.000000e-01 2.000000e-01 2.000000e-01 2.000000e-01 2.000000e-01 2.000000e-01 2.000000e-01 2.000000e-01 2.000000e-01 2.000000e-01 2.000000e-01 2.000000e-01 2.000000e-01 2.000000e-01 2.000000e-01 2.000000e-01 2.000000e-01 2.000000e-01 2.000000e-01 2.000000e-01 2.000000e-01 2.000000e-01 2.000000e-01 2.000000e-01 2.000000e-01 2.000000e-01 2.000000e-01 2.000000e-01 2.000000e-01 2.000000e-01 2.000000e-01 2.000000e-01 2.000000e-01 2.000000e-01 2.000000e-01 2.000000e-01 2.000000e-01 2.000000e-01 2.000000e-01 2.000000e-01 2.000000e-01 2.000000e-01 2.000000e-01 2.000000e-01 2.000000e-01 2.000000e-01 2.000000e-01 2.000000e-01 2.000000e-01 2.000000e-01 2.000000e-01 2.000000e-01 2.000000e-01 2.000000e-01 2.000000e-01 2.000000e-01 2.000000e-01 2.000000e-01 2.000000e-01 2.000000e-01 2.000000e-01 2.000000e-01 2.000000e-01 2.000000e-01 2.000000e-01 2.000000e-01 2.000000e-01 2.000000e-01 2.000000e-01 2.000000e-01 2.000000e-01 2.000000e-01 2.000000e-01 2.000000e-01 2.000000e-01 2.000000e-01 2.000000e-01 2.000000e-01 2.000000e-01 2.000000e-01
<GCONST> 3.243863e+01
<TRANSP> 4
 0.000000e+00 1.000000e+00 0.000000e+00 0.000000e+00
 0.000000e+00 9.036738e-01 9.632620e-02 0.000000e+00
 0.000000e+00 0.000000e+00 8.089414e-01 1.910586e-01
 0.000000e+00 0.000000e+00 0.000000e+00 0.000000e+00
<ENDHMM>
