~o
<STREAMINFO> 1 142
<VECSIZE> 142<NULLD><USER><DIAGC>
~h "hear"
<BEGINHMM>
<NUMSTATES> 4
<STATE> 2
<MEAN> 142
 7.076203e-01 3.279539e-01 4.002363e-01 3.419579e-01 2.712394e-01 3.661714e-01 3.916306e-01 3.271436e-01 3.291058e-01 3.726785e-01 4.440375e-01 3.662073e-01 3.610313e-01 4.569584e-01 2.584463e-01 3.036046e-01 3.351685e-01 3.379906e-01 3.895684e-01 4.002710e-01 4.798829e-01 4.931147e-01 4.435174e-01 4.037361e-01 4.761537e-01 4.046094e-01 4.648236e-01 3.466374e-01 3.637100e-01 3.299578e-01 4.744805e-01 4.404114e-01 4.150242e-01 4.563614e-01 4.237141e-01 3.315327e-01 3.220757e-01 2.774982e-01 3.008333e-01 3.106746e-01 2.965934e-01 3.858758e-01 3.372374e-01 3.435380e-01 1.990346e-01 3.752253e-01 4.917111e-01 3.829883e-01 4.378816e-01 3.882433e-01 5.092974e-01 4.032836e-01 4.008672e-01 2.603845e-01 4.316636e-01 3.339893e-01 4.838159e-01 4.023496e-01 3.970804e-01 3.724103e-01 4.348208e-01 4.372401e-01 3.884824e-01 3.909415e-01 3.615756e-01 4.334118e-01 3.743804e-01 4.477424e-01 4.746139e-01 3.506851e-01 4.642078e-01 4.440420e-01 4.193893e-01 4.161904e-01 3.893028e-01 3.683496e-01 4.618959e-01 4.179268e-01 4.653248e-01 4.240541e-01 3.740375e-01 3.437791e-01 2.995411e-01 4.715165e-01 3.312369e-01 4.460627e-01 3.937314e-01 3.945599e-01 4.644581e-01 3.417521e-01 3.218148e-01 3.532183e-01 3.276719e-01 3.527363e-01 3.939166e-01 4.347339e-01 3.913746e-01 2.859634e-01 3.937245e-01 4.424774e-01 3.752409e-01 4.864832e-01 3.658339e-01 3.226937e-01 3.635736e-01 3.273415e-01 3.952027e-01 3.478179e-01 4.270581e-01 3.864351e-01 3.647826e-01 3.200320e-01 3.199423e-01 3.033667e-01 3.437386e-01 4.188033e-01 3.450896e-01 4.151677e-01 3.698214e-01 4.604175e-01 4.182912e-01 4.989539e-01 4.692396e-01 3.376921e-01 4.323430e-01 3.745311e-01 3.371305e-01 3.101653e-01 3.150121e-01 4.335487e-01 3.900304e-01 3.601726e-01 3.839509e-01 4.125440e-01 3.488898e-01 4.500911e-01 4.128015e-01 3.851110e-01 3.226148e-01 3.179893e-01 4.064439e-01 4.815479e-01
<VARIANCE> 142
 2.000000e-01 2.000000e-01 2.000000e-01 2.000000e-01 2.000000e-01 2.000000e-01 2.000000e-01 2.000000e-01 2.000000e-01 2.000000e-01 2.000000e-01 2.000000e-01 2.000000e-01 2.000000e-01 2.000000e-01 2.000000e-01 2.000000e-01 2.000000e-01 2.000000e-01 2.000000e-01 2.000000e-01 2.000000e-01 2.000000e-01 2.000000e-01 2.000000e-01 2.000000e-01 2.000000e-01 2.000000e-01 2.000000e-01 2.000000e-01 2.000000e-01 2.000000e-01 2.000000e-01 2.000000e-01 2.000000e-01 2.000000e-01 2.000000e-01 2.000000e-01 2.000000e-01 2.000000e-01 2.000000e-01 2.000000e-01 2.000000e-01 2.000000e-01 2.000000e-01 2.000000e-01 2.000000e-01 2.000000e-01 2.000000e-01 2.000000e-01 2.000000e-01 2.000000e-01 2.000000e-01 2.000000e-01 2.000000e-01 2.000000e-01 2.000000e-01 2.000000e-01 2.000000e-01 2.000000e-01 2.000000e-01 2.000000e-01 2.000000e-01 2.000000e-01 2.000000e-01 2.000000e-01 2.000000e-01 2.000000e-01 2.000000e-01 2.000000e-01 2.000000e-01 2.000000e-01 2.000000e-01 2.000000e-01 2.000000e-01 2.000000e-01 2.000000e-01 2.000000e-01 2.000000e-01 2.000000e-01 2.000000e-01 2.000000e-01 2.000000e-01 2.000000e-01 2.000000e-01 2.000000e-01 2.000000e-01 2.000000e-01 2.000000e-01 2.000000e-01 2.000000e-01 2.000000e-01 2.000000e-01 2.000000e-01 2.000000e-01 2.000000e-01 2.000000e-01 2.000000e-01 2.000000e-01 2.000000e-01 2.000000e-01 2.000000e-01 2.000000e-01 2.000000e-01 2.000000e-01 2.000000e-01 2.000000e-01 2.000000e-01 2.000000e-01 2.000000e-01 2.000000e-01 2.000000e-01 2.000000e-01 2.000000e-01 2.000000e-01 2.000000e-01 2.000000e-01 2.000000e-01 2.000000e-01 2.000000e-01 2.000000e-01 2.000000e-01 2.000000e-01 2.000000e-01 2.000000e-01 2.000000e-01 2.000000e-01 2.000000e-01 2.000000e-01 2.000000e-01 2.000000e-01 2.000000e-01 2.000000e-01 2.000000e-01 2.000000e-01 2.000000e-01 2.000000e-01 2.000000e-01 2.000000e-01 2.000000e-01 2.000000e-01 2.000000e-01
<GCONST> 3.243863e+01
<STATE> 3
<MEAN> 142
 5.716366e-01 4.859541e-01 3.456677e-01 3.353798e-01 3.002496e-01 2.635908e-01 2.920448e-01 2.774772e-01 3.478152e-01 4.065385e-01 4.740139e-01 4.778270e-01 3.690888e-01 4.841911e-01 3.595621e-01 2.715205e-01 4.604713e-01 5.250702e-01 2.876096e-01 3.551269e-01 3.514414e-01 3.664023e-01 3.189726e-01 4.577743e-01 4.735282e-01 3.678995e-01 4.492370e-01 5.237447e-01 4.945852e-01 4.629646e-01 4.541539e-01 3.827868e-01 2.971048e-01 3.906195e-01 4.331034e-01 3.610496e-01 3.709094e-01 3.931258e-01 4.679926e-01 2.813080e-01 4.256126e-01 5.642196e-01 3.999310e-01 2.658682e-01 2.378249e-01 4.606591e-01 3.616455e-01 3.415616e-01 3.459373e-01 3.399294e-01 4.511136e-01 3.837427e-01 4.581939e-01 3.011174e-01 3.962722e-01 4.804335e-01 4.161634e-01 2.788397e-01 3.078780e-01 2.970583e-01 3.610363e-01 4.167582e-01 3.815296e-01 4.412473e-01 5.449758e-01 3.991527e-01 3.639488e-01 2.884148e-01 3.614375e-01 4.408565e-01 4.254164e-01 3.343613e-01 3.716918e-01 3.880130e-01 2.795767e-01 3.626568e-01 3.613085e-01 3.704776e-01 4.097487e-01 3.863047e-01 5.868761e-01 4.162238e-01 4.041135e-01 3.266635e-01 3.542557e-01 3.487650e-01 3.810363e-01 4.346997e-01 4.408101e-01 3.480993e-01 4.153454e-01 2.420268e-01 5.502180e-01 4.222129e-01 3.973143e-01 5.329649e-01 4.853017e-01 4.159294e-01 4.370767e-01 3.622919e-01 4.191227e-01 3.804360e-01 3.352660e-01 4.722572e-01 3.336263e-01 2.455071e-01 4.023318e-01 3.965807e-01 3.700199e-01 2.496023e-01 3.776055e-01 4.543065e-01 2.605479e-01 3.879148e-01 3.956687e-01 4.201458e-01 4.516506e-01 3.740704e-01 5.065977e-01 3.479936e-01 4.479586e-01 4.739802e-01 4.327342e-01 4.597958e-01 2.830297e-01 4.320609e-01 4.911796e-01 5.461067e-01 5.456162e-01 3.051529e-01 3.489252e-01 4.587579e-01 4.342690e-01 4.564584e-01 4.427812e-01 4.215678e-01 4.129000e-01 4.689540e-01 3.268456e-01 3.528085e-01 3.848213e-01 3.734223e-01
<VARIANCE> 142
 2.000000e-01 2.000000e-01 2.000000e-01 2.000000e-01 2.000000e-01 2.000000e-01 2.000000e-01 2.000000e-01 2.000000e-01 2.000000e-01 2.000000e-01 2.000000e-01 2.000000e-01 2.000000e-01 2.000000e-01 2.000000e-01 2.000000e-01 2.000000e-01 2.000000e-01 2.000000e-01 2.000000e-01 2.000000e-01 2.000000e-01 2.000000e-01 2.000000e-01 2.000000e-01 2.000000e-01 2.000000e-01 2.000000e-01 2.000000e-01 2.000000e-01 2.000000e-01 2.000000e-01 2.000000e-01 2.000000e-01 2.000000e-01 2.000000e-01 2.000000e-01 2.000000e-01 2.000000e-01 2.000000e-01 2.000000e-01 2.000000e-01 2.000000e-01 2.000000e-01 2.000000e-01 2.000000e-01 2.000000e-01 2.000000e-01 2.000000e-01 2.000000e-01 2.000000e-01 2.000000e-01 2.000000e-01 2.000000e-01 2.000000e-01 2.000000e-01 2.000000e-01 2.000000e-01 2.000000e-01 2.000000e-01 2.000000e-01 2.000000e-01 2.000000e-01 2.000000e-01 2.000000e-01 2.000000e-01 2.000000e-01 2.000000e-01 2.000000e-01 2.000000e-01 2.000000e-01 2.000000e-01 2.000000e-01 2.000000e-01 2.000000e-01 2.000000e-01 2.000000e-01 2.000000e-01 2.000000e-01 2.000000e-01 2.000000e-01 2.000000e-01 2.000000e-01 2.000000e-01 2.000000e-01 2.000000e-01 2.000000e-01 2.000000e-01 2.000000e-01 2.000000e-01 2.000000e-01 2.000000e-01 2.000000e-01 2.000000e-01 2.000000e-01 2.000000e-01 2.000000e-01 2.000000e-01 2.000000e-01 2.000000e-01 2.000000e-01 2.000000e-01 2.000000e-01 2.000000e-01 2.000000e-01 2.000000e-01 2.000000e-01 2.000000e-01 2.000000e-01 2.000000e-01 2.000000e-01 2.000000e-01 2.000000e-01 2.000000e-01 2.000000e-01 2.000000e-01 2.000000e-01 2.000000e-01 2.000000e-01 2.000000e-01 2.000000e-01 2.000000e-01 2.000000e-01 2.000000e-01 2.000000e-01 2.000000e-01 2.000000e-01 2.000000e-01 2.000000e-01 2.000000e-01 2.000000e-01 2.000000e-01 2.000000e-01 2.000000e-01 2.000000e-01 2.000000e-01 2.000000e-01 2.000000e-01 2.000000e-01 2.000000e-01 2.000000e-01
<GCONST> 3.243863e+01
<TRANSP> 4
 0.000000e+00 1.000000e+00 0.000000e+00 0.000000e+00
 0.000000e+00 8.596115e-01 1.403885e-01 0.000000e+00
 0.000000e+00 0.000000e+00 8.424577e-01 1.575424e-01
 0.000000e+00 0.000000e+00 0.000000e+00 0.000000e+00
<ENDHMM>
