~o
<STREAMINFO> 1 142
<VECSIZE> 142<NULLD><USER><DIAGC>
~h "hell"
<BEGINHMM>
<NUMSTATES> 4
<STATE> 2
<MEAN> 142
 7.972396e-01 3.706063e-01 3.647611e-01 3.278825e-01 2.007475e-01 3.335542e-01 4.009874e-01 4.030960e-01 3.241324e-01 3.893491e-01 4.308611e-01 4.500917e-01 3.860830e-01 4.553855e-01 2.429474e-01 3.670597e-01 3.961635e-01 4.035218e-01 3.242220e-01 4.732917e-01 5.163956e-01 5.077910e-01 4.241812e-01 4.687501e-01 4.494918e-01 4.489254e-01 4.077430e-01 3.715482e-01 3.861212e-01 3.820770e-01 4.612057e-01 5.083128e-01 5.023244e-01 4.029347e-01 4.224529e-01 3.599716e-01 2.769328e-01 2.621912e-01 3.479723e-01 2.451580e-01 2.270048e-01 4.223520e-01 2.755832e-01 4.054998e-01 2.409790e-01 4.394455e-01 4.255613e-01 3.774577e-01 3.901846e-01 3.210900e-01 4.373873e-01 4.202699e-01 4.752172e-01 2.388760e-01 5.218562e-01 3.749133e-01 4.986698e-01 3.741862e-01 3.583170e-01 2.626239e-01 4.867817e-01 4.829899e-01 3.581265e-01 3.911052e-01 3.501810e-01 4.924787e-01 3.150617e-01 3.658342e-01 4.502602e-01 3.288236e-01 4.800383e-01 5.061561e-01 4.671160e-01 4.438829e-01 3.526284e-01 3.959272e-01 4.714760e-01 4.467854e-01 4.812899e-01 4.298045e-01 3.773043e-01 3.911067e-01 3.218748e-01 4.547437e-01 2.763550e-01 5.175360e-01 3.927255e-01 4.116904e-01 4.032142e-01 3.507930e-01 4.108835e-01 3.545414e-01 3.710423e-01 3.700033e-01 3.860339e-01 4.799246e-01 3.692986e-01 2.814966e-01 3.826370e-01 4.443858e-01 3.347251e-01 5.536020e-01 3.754767e-01 3.150949e-01 2.913423e-01 3.635163e-01 3.987424e-01 3.407177e-01 3.800823e-01 3.601449e-01 4.338453e-01 4.125034e-01 2.886100e-01 3.024656e-01 3.704142e-01 3.760003e-01 4.127518e-01 4.174630e-01 3.823794e-01 4.318314e-01 4.226048e-01 5.884950e-01 5.052589e-01 3.999701e-01 4.537993e-01 4.293689e-01 3.993457e-01 3.077552e-01 3.270715e-01 4.566214e-01 3.608265e-01 3.626170e-01 4.210922e-01 4.112266e-01 3.209217e-01 3.739211e-01 4.858727e-01 3.404791e-01 2.590674e-01 3.755356e-01 4.939588e-01 5.416229e-01
<VARIANCE> 142
 2.000000e-01 2.000000e-01 2.000000e-01 2.000000e-01 2.000000e-01 2.000000e-01 2.000000e-01 2.000000e-01 2.000000e-01 2.000000e-01 2.000000e-01 2.000000e-01 2.000000e-01 2.000000e-01 2.000000e-01 2.000000e-01 2.000000e-01 2.000000e-01 2.000000e-01 2.000000e-01 2.000000e-01 2.000000e-01 2.000000e-01 2.000000e-01 2.000000e-01 2.000000e-01 2.000000e-01 2.000000e-01 2.000000e-01 2.000000e-01 2.000000e-01 2.000000e-01 2.000000e-01 2.000000e-01 2.000000e-01 2.000000e-01 2.000000e-01 2.000000e-01 2.000000e-01 2.000000e-01 2.000000e-01 2.000000e-01 2.000000e-01 2.000000e-01 2.000000e-01 2.000000e-01 2.000000e-01 2.000000e-01 2.000000e-01 2.000000e-01 2.000000e-01 2.000000e-01 2.000000e-01 2.000000e-01 2.000000e-01 2.000000e-01 2.000000e-01 2.000000e-01 2.000000e-01 2.000000e-01 2.000000e-01 2.000000e-01 2.000000e-01 2.000000e-01 2.000000e-01 2.000000e-01 2.000000e-01 2.000000e-01 2.000000e-01 2.000000e-01 2.000000e-01 2.000000e-01 2.000000e-01 2.000000e-01 2.000000e-01 2.000000e-01 2.000000e-01 2.000000e-01 2.000000e-01 2.000000e-01 2.000000e-01 2.000000e-01 2.000000e-01 2.000000e-01 2.000000e-01 2.000000e-01 2.000000e-01 2.000000e-01 2.000000e-01 2.000000e-01 2.000000e-01 2.000000e-01 2.000000e-01 2.000000e-01 2.000000e-01 2.000000e-01 2.000000e-01 2.000000e-01 2.000000e-01 2.000000e-01 2.000000e-01 2.000000e-01 2.000000e-01 2.000000e-01 2.000000e-01 2.000000e-01 2.000000e-01 2.000000e-01 2.000000e-01 2.000000e-01 2.000000e-01 2.000000e-01 2.000000e-01 2.000000e-01 2.000000e-01 2.000000e-01 2.000000e-01 2.000000e-01 2.000000e-01 2.000000e-01 2.000000e-01 2.000000e-01 2.000000e-01 2.000000e-01 2.000000e-01 2.000000e-01 2.000000e-01 2.000000e-01 2.000000e-01 2.000000e-01 2.000000e-01 2.000000e-01 2.000000e-01 2.000000e-01 2.000000e-01 2.000000e-01 2.000000e-01 2.000000e-01 2.000000e-01 2.000000e-01 2.000000e-01 2.000000e-01
<GCONST> 3.243863e+01
<STATE> 3
<MEAN> 142
 5.862836e-01 3.402207e-01 3.890799e-01 4.699446e-01 3.848312e-01 4.366558e-01 5.641642e-01 4.368373e-01 3.943118e-01 4.137527e-01 4.471556e-01 4.601137e-01 4.726356e-01 4.719120e-01 3.923659e-01 5.590783e-01 4.352636e-01 3.890923e-01 3.625900e-01 4.442225e-01 5.496756e-01 4.806240e-01 3.845109e-01 4.714470e-01 5.076254e-01 4.869027e-01 4.173755e-01 4.365843e-01 4.156729e-01 4.333355e-01 4.662504e-01 4.439729e-01 5.352042e-01 4.745897e-01 4.723144e-01 4.142653e-01 4.136682e-01 3.869247e-01 3.786639e-01 5.892235e-01 4.030814e-01 3.655531e-01 2.833243e-01 4.695494e-01 4.407320e-01 4.647454e-01 4.718807e-01 5.017517e-01 4.698919e-01 3.425613e-01 4.542702e-01 4.335052e-01 4.587868e-01 2.575919e-01 4.885809e-01 3.962429e-01 4.468792e-01 3.959610e-01 3.704063e-01 4.479650e-01 5.724990e-01 4.816825e-01 3.812221e-01 3.962417e-01 3.801245e-01 5.269180e-01 3.744637e-01 5.059906e-01 4.919708e-01 4.075280e-01 5.004385e-01 4.683489e-01 4.220781e-01 4.909227e-01 4.404510e-01 4.455087e-01 4.850152e-01 3.959333e-01 4.726222e-01 4.986634e-01 4.596438e-01 3.469855e-01 4.462238e-01 4.256672e-01 4.785613e-01 5.181267e-01 3.901373e-01 3.956282e-01 4.628701e-01 4.969124e-01 3.324977e-01 4.338084e-01 4.716771e-01 4.081838e-01 4.574249e-01 4.593316e-01 5.311207e-01 3.667589e-01 4.506961e-01 4.774404e-01 4.041897e-01 4.936068e-01 3.627164e-01 3.501166e-01 4.010931e-01 2.960043e-01 3.629747e-01 3.819929e-01 4.735601e-01 5.750409e-01 3.673340e-01 4.030175e-01 5.056989e-01 3.418624e-01 3.622796e-01 4.208133e-01 3.165206e-01 4.379166e-01 4.242859e-01 4.302493e-01 3.962966e-01 4.768245e-01 4.166484e-01 3.864367e-01 6.317483e-01 4.260638e-01 3.803574e-01 3.790413e-01 3.366454e-01 5.017073e-01 5.294427e-01 3.910293e-01 4.199448e-01 4.254206e-01 3.657691e-01 4.228188e-01 6.118267e-01 4.227473e-01 6.016502e-01 4.158572e-01 4.171146e-01 5.700656e-01
<VARIANCE> 142
 2.000000e-01 2.000000e-01 2.000000e-01 2.000000e-01 2.000000e-01 2.000000e-01 2.000000e-01 2.000000e-01 2.000000e-01 2.000000e-01 2.000000e-01 2.000000e-01 2.000000e-01 2.000000e-01 2.000000e-01 2.000000e-01 2.000000e-01 2.000000e-01 2.000000e-01 2.000000e-01 2.000000e-01 2.000000e-01 2.000000e-01 2.000000e-01 2.000000e-01 2.000000e-01 2.000000e-01 2.000000e-01 2.000000e-01 2.000000e-01 2.000000e-01 2.000000e-01 2.000000e-01 2.000000e-01 2.000000e-01 2.000000e-01 2.000000e-01 2.000000e-01 2.000000e-01 2.000000e-01 2.000000e-01 2.000000e-01 2.000000e-01 2.000000e-01 2.000000e-01 2.000000e-01 2.000000e-01 2.000000e-01 2.000000e-01 2.000000e-01 2.000000e-01 2.000000e-01 2.000000e-01 2.000000e-01 2.000000e-01 2.000000e-01 2.000000e-01 2.000000e-01 2.000000e-01 2.000000e-01 2.000000e-01 2.000000e-01 2.000000e-01 2.000000e-01 2.000000e-01 2.000000e-01 2.000000e-01 2.000000e-01 2.000000e-01 2.000000e-01 2.000000e-01 2.000000e-01 2.000000e-01 2.000000e-01 2.000000e-01 2.000000e-01 2.000000e-01 2.000000e-01 2.000000e-01 2.000000e-01 2.000000e-01 2.000000e-01 2.000000e-01 2.000000e-01 2.000000e-01 2.000000e-01 2.000000e-01 2.000000e-01 2.000000e-01 2.000000e-01 2.000000e-01 2.000000e-01 2.000000e-01 2.000000e-01 2.000000e-01 2.000000e-01 2.000000e-01 2.000000e-01 2.000000e-01 2.000000e-01 2.000000e-01 2.000000e-01 2.000000e-01 2.000000e-01 2.000000e-01 2.000000e-01 2.000000e-01 2.000000e-01 2.000000e-01 2.000000e-01 2.000000e-01 2.000000e-01 2.000000e-01 2.000000e-01 2.000000e-01 2.000000e-01 2.000000e-01 2.000000e-01 2.000000e-01 2.000000e-01 2.000000e-01 2.000000e-01 2.000000e-01 2.000000e-01 2.000000e-01 2.000000e-01 2.000000e-01 2.000000e-01 2.000000e-01 2.000000e-01 2.000000e-01 2.000000e-01 2.000000e-01 2.000000e-01 2.000000e-01 2.000000e-01 2.000000e-01 2.000000e-01 2.000000e-01 2.000000e-01 2.000000e-01 2.000000e-01
<GCONST> 3.243863e+01
<TRANSP> 4
 0.000000e+00 1.000000e+00 0.000000e+00 0.000000e+00
 0.000000e+00 8.797391e-01 1.202609e-01 0.000000e+00
 0.000000e+00 0.000000e+00 8.209409e-01 1.790591e-01
 0.000000e+00 0.000000e+00 0.000000e+00 0.000000e+00
<ENDHMM>
