~o
<STREAMINFO> 1 142
<VECSIZE> 142<NULLD><USER><DIAGC>
~h "history"
<BEGINHMM>
<NUMSTATES> 4
<STATE> 2
<MEAN> 142
 4.844369e-01 4.078050e-01 2.956257e-01 3.421347e-01 3.055897e-01 1.585511e-01 2.946570e-01 3.110085e-01 3.669188e-01 4.838895e-01 3.949519e-01 4.358266e-01 2.893074e-01 4.018058e-01 5.137166e-01 3.335587e-01 5.318325e-01 4.891561e-01 2.205209e-01 3.171234e-01 4.314807e-01 5.066741e-01 2.944311e-01 5.090680e-01 4.872916e-01 3.153509e-01 3.111066e-01 4.615184e-01 5.849914e-01 4.264545e-01 4.907757e-01 4.022866e-01 3.024822e-01 5.543742e-01 4.542801e-01 5.165091e-01 4.019528e-01 4.572346e-01 5.533568e-01 3.823022e-01 4.981570e-01 6.396773e-01 3.594247e-01 2.946919e-01 1.560269e-01 4.350550e-01 3.775292e-01 4.339271e-01 4.515782e-01 2.946609e-01 4.390732e-01 4.143150e-01 4.388302e-01 2.628906e-01 3.986194e-01 4.685276e-01 3.336812e-01 2.558157e-01 2.891131e-01 2.452315e-01 3.115364e-01 4.613423e-01 3.271250e-01 4.017025e-01 4.029312e-01 4.355890e-01 3.894948e-01 3.451926e-01 3.126132e-01 4.579312e-01 4.442108e-01 2.798198e-01 3.920490e-01 3.862920e-01 1.938223e-01 2.832923e-01 4.001324e-01 4.598061e-01 5.142750e-01 4.881072e-01 5.020469e-01 4.621893e-01 6.120171e-01 3.564122e-01 2.774312e-01 3.235319e-01 3.836795e-01 3.895627e-01 4.682755e-01 3.138521e-01 4.129302e-01 2.162455e-01 4.667253e-01 3.200833e-01 4.705267e-01 4.899964e-01 4.638669e-01 3.455992e-01 5.928013e-01 3.963100e-01 4.118805e-01 4.374242e-01 3.277855e-01 4.443142e-01 3.239267e-01 3.181599e-01 3.412012e-01 4.813443e-01 2.957061e-01 3.270905e-01 3.912164e-01 4.033547e-01 3.329108e-01 5.044622e-01 3.899257e-01 3.551480e-01 3.891263e-01 4.676456e-01 4.843670e-01 3.434053e-01 4.961759e-01 4.680218e-01 4.364736e-01 3.709201e-01 3.619316e-01 4.451262e-01 4.055526e-01 4.634420e-01 4.335258e-01 3.531199e-01 3.688368e-01 5.174490e-01 2.971887e-01 4.010341e-01 6.041215e-01 4.721032e-01 3.573281e-01 5.781816e-01 4.059412e-01 4.791066e-01 4.771312e-01 3.534307e-01
<VARIANCE> 142
 2.000000e-01 2.000000e-01 2.000000e-01 2.000000e-01 2.000000e-01 2.000000e-01 2.000000e-01 2.000000e-01 2.000000e-01 2.000000e-01 2.000000e-01 2.000000e-01 2.000000e-01 2.000000e-01 2.000000e-01 2.000000e-01 2.000000e-01 2.000000e-01 2.000000e-01 2.000000e-01 2.000000e-01 2.000000e-01 2.000000e-01 2.000000e-01 2.000000e-01 2.000000e-01 2.000000e-01 2.000000e-01 2.000000e-01 2.000000e-01 2.000000e-01 2.000000e-01 2.000000e-01 2.000000e-01 2.000000e-01 2.000000e-01 2.000000e-01 2.000000e-01 2.000000e-01 2.000000e-01 2.000000e-01 2.000000e-01 2.000000e-01 2.000000e-01 2.000000e-01 2.000000e-01 2.000000e-01 2.000000e-01 2.000000e-01 2.000000e-01 2.000000e-01 2.000000e-01 2.000000e-01 2.000000e-01 2.000000e-01 2.000000e-01 2.000000e-01 2.000000e-01 2.000000e-01 2.000000e-01 2.000000e-01 2.000000e-01 2.000000e-01 2.000000e-01 2.000000e-01 2.000000e-01 2.000000e-01 2.000000e-01 2.000000e-01 2.000000e-01 2.000000e-01 2.000000e-01 2.000000e-01 2.000000e-01 2.000000e-01 2.000000e-01 2.000000e-01 2.000000e-01 2.000000e-01 2.000000e-01 2.000000e-01 2.000000e-01 2.000000e-01 2.000000e-01 2.000000e-01 2.000000e-01 2.000000e-01 2.000000e-01 2.000000e-01 2.000000e-01 2.000000e-01 2.000000e-01 2.000000e-01 2.000000e-01 2.000000e-01 2.000000e-01 2.000000e-01 2.000000e-01 2.000000e-01 2.000000e-01 2.000000e-01 2.000000e-01 2.000000e-01 2.000000e-01 2.000000e-01 2.000000e-01 2.000000e-01 2.000000e-01 2.000000e-01 2.000000e-01 2.000000e-01 2.000000e-01 2.000000e-01 2.000000e-01 2.000000e-01 2.000000e-01 2.000000e-01 2.000000e-01 2.000000e-01 2.000000e-01 2.000000e-01 2.000000e-01 2.000000e-01 2.000000e-01 2.000000e-01 2.000000e-01 2.000000e-01 2.000000e-01 2.000000e-01 2.000000e-01 2.000000e-01 2.000000e-01 2.000000e-01 2.000000e-01 2.000000e-01 2.000000e-01 2.000000e-01 2.000000e-01 2.000000e-01 2.000000e-01 2.000000e-01 2.000000e-01
<GCONST> 3.243863e+01
<STATE> 3
<MEAN> 142
 8.041188e-01 3.811498e-01 4.089108e-01 3.434594e-01 2.621627e-01 2.601447e-01 4.076329e-01 3.714209e-01 3.068946e-01 3.485751e-01 3.795635e-01 4.418176e-01 4.173416e-01 4.030564e-01 2.434395e-01 3.472770e-01 3.879417e-01 4.015242e-01 2.829438e-01 4.386592e-01 4.615600e-01 4.980585e-01 3.934439e-01 4.315349e-01 4.214647e-01 4.167253e-01 4.040419e-01 3.744473e-01 3.915889e-01 3.211322e-01 4.299757e-01 5.194586e-01 5.339472e-01 4.029005e-01 4.243752e-01 4.019070e-01 2.888366e-01 3.030023e-01 3.014650e-01 2.897477e-01 3.301492e-01 4.234768e-01 2.538471e-01 4.080698e-01 2.174387e-01 4.713657e-01 4.527469e-01 3.438775e-01 4.018746e-01 3.216655e-01 4.660037e-01 3.939494e-01 4.141674e-01 2.577026e-01 5.469803e-01 3.340636e-01 4.008626e-01 2.978770e-01 3.013857e-01 2.503093e-01 4.493700e-01 5.269028e-01 4.070833e-01 4.750267e-01 3.679471e-01 4.797748e-01 3.317436e-01 3.607091e-01 4.845517e-01 3.241014e-01 4.499312e-01 5.048957e-01 4.866830e-01 4.148726e-01 3.548178e-01 4.357749e-01 5.300041e-01 4.815339e-01 4.320034e-01 3.817224e-01 4.070372e-01 3.725939e-01 3.443164e-01 4.264416e-01 2.609965e-01 5.087122e-01 4.160496e-01 4.188380e-01 3.990850e-01 3.263915e-01 3.891010e-01 3.548964e-01 4.310842e-01 3.844275e-01 4.180099e-01 4.699969e-01 4.058431e-01 3.785236e-01 3.891013e-01 4.336136e-01 3.386997e-01 5.244729e-01 3.588285e-01 2.848937e-01 3.080878e-01 2.858582e-01 4.157418e-01 3.361951e-01 3.936551e-01 3.158821e-01 4.065458e-01 3.791360e-01 3.482258e-01 3.154091e-01 3.786157e-01 4.068973e-01 3.783413e-01 4.407746e-01 4.167367e-01 4.761798e-01 4.162170e-01 5.749055e-01 5.423543e-01 4.087199e-01 4.199169e-01 4.660233e-01 3.609184e-01 3.224664e-01 3.317865e-01 3.848458e-01 4.120994e-01 3.974412e-01 4.698456e-01 4.209791e-01 3.271337e-01 3.672560e-01 4.567464e-01 3.958094e-01 2.864488e-01 3.719752e-01 5.494738e-01 5.303752e-01
<VARIANCE> 142
 2.000000e-01 2.000000e-01 2.000000e-01 2.000000e-01 2.000000e-01 2.000000e-01 2.000000e-01 2.000000e-01 2.000000e-01 2.000000e-01 2.000000e-01 2.000000e-01 2.000000e-01 2.000000e-01 2.000000e-01 2.000000e-01 2.000000e-01 2.000000e-01 2.000000e-01 2.000000e-01 2.000000e-01 2.000000e-01 2.000000e-01 2.000000e-01 2.000000e-01 2.000000e-01 2.000000e-01 2.000000e-01 2.000000e-01 2.000000e-01 2.000000e-01 2.000000e-01 2.000000e-01 2.000000e-01 2.000000e-01 2.000000e-01 2.000000e-01 2.000000e-01 2.000000e-01 2.000000e-01 2.000000e-01 2.000000e-01 2.000000e-01 2.000000e-01 2.000000e-01 2.000000e-01 2.000000e-01 2.000000e-01 2.000000e-01 2.000000e-01 2.000000e-01 2.000000e-01 2.000000e-01 2.000000e-01 2.000000e-01 2.000000e-01 2.000000e-01 2.000000e-01 2.000000e-01 2.000000e-01 2.000000e-01 2.000000e-01 2.000000e-01 2.000000e-01 2.000000e-01 2.000000e-01 2.000000e-01 2.000000e-01 2.000000e-01 2.000000e-01 2.000000e-01 2.000000e-01 2.000000e-01 2.000000e-01 2.000000e-01 2.000000e-01 2.000000e-01 2.000000e-01 2.000000e-01 2.000000e-01 2.000000e-01 2.000000e-01 2.000000e-01 2.000000e-01 2.000000e-01 2.000000e-01 2.000000e-01 2.000000e-01 2.000000e-01 2.000000e-01 2.000000e-01 2.000000e-01 2.000000e-01 2.000000e-01 2.000000e-01 2.000000e-01 2.000000e-01 2.000000e-01 2.000000e-01 2.000000e-01 2.000000e-01 2.000000e-01 2.000000e-01 2.000000e-01 2.000000e-01 2.000000e-01 2.000000e-01 2.000000e-01 2.000000e-01 2.000000e-01 2.000000e-01 2.000000e-01 2.000000e-01 2.000000e-01 2.000000e-01 2.000000e-01 2.000000e-01 2.000000e-01 2.000000e-01 2.000000e-01 2.000000e-01 2.000000e-01 2.000000e-01 2.000000e-01 2.000000e-01 2.000000e-01 2.000000e-01 2.000000e-01 2.000000e-01 2.000000e-01 2.000000e-01 2.000000e-01 2.000000e-01 2.000000e-01 2.000000e-01 2.000000e-01 2.000000e-01 2.000000e-01 2.000000e-01 2.000000e-01 2.000000e-01 2.000000e-01
<GCONST> 3.243863e+01
<TRANSP> 4
 0.000000e+00 1.000000e+00 0.000000e+00 0.000000e+00
 0.000000e+00 8.211092e-01 1.788908e-01 0.000000e+00
 0.000000e+00 0.000000e+00 8.973657e-01 1.026343e-01
 0.000000e+00 0.000000e+00 0.000000e+00 0.000000e+00
<ENDHMM>
