~o
<STREAMINFO> 1 142
<VECSIZE> 142<NULLD><USER><DIAGC>
~h "hungry"
<BEGINHMM>
<NUMSTATES> 4
<STATE> 2
<MEAN> 142
 8.098723e-01 3.455580e-01 4.684941e-01 3.665535e-01 3.022523e-01 4.103985e-01 5.402125e-01 3.811921e-01 3.070275e-01 3.588287e-01 4.441285e-01 4.606533e-01 4.001560e-01 4.524148e-01 2.476974e-01 3.908763e-01 3.798203e-01 4.121075e-01 3.736427e-01 4.728554e-01 5.322165e-01 5.102254e-01 4.695597e-01 4.675353e-01 4.121689e-01 4.325383e-01 3.922918e-01 4.255823e-01 3.794547e-01 3.236560e-01 4.576290e-01 4.412228e-01 6.019795e-01 4.544230e-01 4.543520e-01 3.389753e-01 2.626420e-01 2.331449e-01 2.575769e-01 3.482583e-01 2.811104e-01 3.793864e-01 2.646135e-01 4.447172e-01 3.319992e-01 4.644806e-01 4.211978e-01 4.072627e-01 4.120508e-01 3.387966e-01 4.512098e-01 4.279989e-01 4.181396e-01 2.210116e-01 5.482973e-01 3.348776e-01 4.411944e-01 4.188270e-01 3.438652e-01 3.419032e-01 6.209164e-01 4.789053e-01 3.384945e-01 3.755951e-01 3.544358e-01 5.338073e-01 3.576886e-01 4.187303e-01 4.875669e-01 2.807870e-01 5.281886e-01 5.130123e-01 4.638371e-01 4.637440e-01 4.475889e-01 3.952797e-01 5.084143e-01 4.750861e-01 4.307973e-01 4.549893e-01 3.779595e-01 3.270338e-01 3.268876e-01 4.768485e-01 3.924260e-01 5.191588e-01 3.796130e-01 4.015526e-01 4.348302e-01 4.020146e-01 3.829250e-01 4.133574e-01 4.500809e-01 3.904753e-01 4.407996e-01 4.999447e-01 4.548787e-01 3.161795e-01 3.745996e-01 4.598682e-01 3.724688e-01 5.255422e-01 3.366145e-01 2.951899e-01 3.228317e-01 2.899594e-01 3.540388e-01 3.397492e-01 4.224807e-01 4.515913e-01 4.036908e-01 3.835675e-01 4.047404e-01 3.050376e-01 3.700403e-01 4.234342e-01 3.498639e-01 4.023813e-01 4.120390e-01 4.264187e-01 3.878673e-01 5.950695e-01 4.814426e-01 4.314350e-01 5.666342e-01 4.426905e-01 4.353420e-01 2.859583e-01 3.213981e-01 5.107679e-01 4.737887e-01 3.779173e-01 4.233301e-01 3.919038e-01 3.376462e-01 3.758838e-01 6.133941e-01 3.548538e-01 4.006421e-01 3.468359e-01 5.060697e-01 6.044818e-01
<VARIANCE> 142
 2.000000e-01 2.000000e-01 2.000000e-01 2.000000e-01 2.000000e-01 2.000000e-01 2.000000e-01 2.000000e-01 2.000000e-01 2.000000e-01 2.000000e-01 2.000000e-01 2.000000e-01 2.000000e-01 2.000000e-01 2.000000e-01 2.000000e-01 2.000000e-01 2.000000e-01 2.000000e-01 2.000000e-01 2.000000e-01 2.000000e-01 2.000000e-01 2.000000e-01 2.000000e-01 2.000000e-01 2.000000e-01 2.000000e-01 2.000000e-01 2.000000e-01 2.000000e-01 2.000000e-01 2.000000e-01 2.000000e-01 2.000000e-01 2.000000e-01 2.000000e-01 2.000000e-01 2.000000e-01 2.000000e-01 2.000000e-01 2.000000e-01 2.000000e-01 2.000000e-01 2.000000e-01 2.000000e-01 2.000000e-01 2.000000e-01 2.000000e-01 2.000000e-01 2.000000e-01 2.000000e-01 2.000000e-01 2.000000e-01 2.000000e-01 2.000000e-01 2.000000e-01 2.000000e-01 2.000000e-01 2.000000e-01 2.000000e-01 2.000000e-01 2.000000e-01 2.000000e-01 2.000000e-01 2.000000e-01 2.000000e-01 2.000000e-01 2.000000e-01 2.000000e-01 2.000000e-01 2.000000e-01 2.000000e-01 2.000000e-01 2.000000e-01 2.000000e-01 2.000000e-01 2.000000e-01 2.000000e-01 2.000000e-01 2.000000e-01 2.000000e-01 2.000000e-01 2.000000e-01 2.000000e-01 2.000000e-01 2.000000e-01 2.000000e-01 2.000000e-01 2.000000e-01 2.000000e-01 2.000000e-01 2.000000e-01 2.000000e-01 2.000000e-01 2.000000e-01 2.000000e-01 2.000000e-01 2.000000e-01 2.000000e-01 2.000000e-01 2.000000e-01 2.000000e-01 2.000000e-01 2.000000e-01 2.000000e-01 2.000000e-01 2.000000e-01 2.000000e-01 2.000000e-01 2.000000e-01 2.000000e-01 2.000000e-01 2.000000e-01 2.000000e-01 2.000000e-01 2.000000e-01 2.000000e-01 2.000000e-01 2.000000e-01 2.000000e-01 2.000000e-01 2.000000e-01 2.000000e-01 2.000000e-01 2.000000e-01 2.000000e-01 2.000000e-01 2.000000e-01 2.000000e-01 2.000000e-01 2.000000e-01 2.000000e-01 2.000000e-01 2.000000e-01 2.000000e-01 2.000000e-01 2.000000e-01 2.000000e-01 2.000000e-01 2.000000e-01
<GCONST> 3.243863e+01
<STATE> 3
<MEAN> 142
 5.384570e-01 3.777522e-01 3.797587e-01 3.486505e-01 3.046669e-01 3.271928e-01 3.658520e-01 3.360606e-01 3.705409e-01 4.336310e-01 4.709428e-01 3.600207e-01 3.482589e-01 5.073782e-01 4.344648e-01 3.720605e-01 4.163151e-01 4.068060e-01 3.066521e-01 3.223773e-01 5.210715e-01 5.173668e-01 3.603688e-01 5.052339e-01 5.031533e-01 3.999408e-01 4.599659e-01 4.343161e-01 4.394845e-01 4.509309e-01 5.097340e-01 4.120851e-01 3.672160e-01 4.610411e-01 4.685640e-01 3.923770e-01 4.948982e-01 3.131315e-01 3.859522e-01 3.733154e-01 3.961363e-01 4.517433e-01 3.183262e-01 3.085727e-01 2.600864e-01 3.642446e-01 4.608974e-01 4.175501e-01 4.939097e-01 3.739024e-01 4.583361e-01 3.855876e-01 4.498375e-01 2.967517e-01 4.052250e-01 4.097560e-01 4.455872e-01 3.585233e-01 4.079686e-01 4.243601e-01 4.214917e-01 4.144068e-01 3.549085e-01 3.618309e-01 3.584985e-01 4.431087e-01 4.300256e-01 4.320179e-01 4.283308e-01 4.177097e-01 4.165749e-01 3.319733e-01 4.062402e-01 3.685545e-01 2.858119e-01 3.446686e-01 4.350048e-01 4.295819e-01 4.424295e-01 4.839161e-01 4.335656e-01 4.032847e-01 3.947852e-01 4.837750e-01 3.778062e-01 4.070900e-01 3.360056e-01 3.774467e-01 4.967194e-01 3.466368e-01 2.989667e-01 3.349726e-01 4.100565e-01 3.476714e-01 4.969442e-01 4.216099e-01 4.877256e-01 3.135352e-01 4.850237e-01 4.317531e-01 4.222850e-01 4.673651e-01 3.393676e-01 3.665213e-01 4.526876e-01 3.172803e-01 3.395566e-01 4.013973e-01 4.320351e-01 4.545273e-01 3.600993e-01 3.498776e-01 3.914112e-01 4.021271e-01 3.809770e-01 4.000832e-01 3.409513e-01 4.703770e-01 3.850195e-01 4.460615e-01 4.494231e-01 4.442615e-01 4.014823e-01 3.577639e-01 3.822306e-01 3.612898e-01 3.827234e-01 3.245797e-01 3.310968e-01 4.169873e-01 4.309403e-01 4.436248e-01 3.091206e-01 3.768695e-01 4.627837e-01 4.756584e-01 4.612237e-01 4.933310e-01 4.674547e-01 4.126204e-01 4.232878e-01 4.062685e-01
<VARIANCE> 142
 2.000000e-01 2.000000e-01 2.000000e-01 2.000000e-01 2.000000e-01 2.000000e-01 2.000000e-01 2.000000e-01 2.000000e-01 2.000000e-01 2.000000e-01 2.000000e-01 2.000000e-01 2.000000e-01 2.000000e-01 2.000000e-01 2.000000e-01 2.000000e-01 2.000000e-01 2.000000e-01 2.000000e-01 2.000000e-01 2.000000e-01 2.000000e-01 2.000000e-01 2.000000e-01 2.000000e-01 2.000000e-01 2.000000e-01 2.000000e-01 2.000000e-01 2.000000e-01 2.000000e-01 2.000000e-01 2.000000e-01 2.000000e-01 2.000000e-01 2.000000e-01 2.000000e-01 2.000000e-01 2.000000e-01 2.000000e-01 2.000000e-01 2.000000e-01 2.000000e-01 2.000000e-01 2.000000e-01 2.000000e-01 2.000000e-01 2.000000e-01 2.000000e-01 2.000000e-01 2.000000e-01 2.000000e-01 2.000000e-01 2.000000e-01 2.000000e-01 2.000000e-01 2.000000e-01 2.000000e-01 2.000000e-01 2.000000e-01 2.000000e-01 2.000000e-01 2.000000e-01 2.000000e-01 2.000000e-01 2.000000e-01 2.000000e-01 2.000000e-01 2.000000e-01 2.000000e-01 2.000000e-01 2.000000e-01 2.000000e-01 2.000000e-01 2.000000e-01 2.000000e-01 2.000000e-01 2.000000e-01 2.000000e-01 2.000000e-01 2.000000e-01 2.000000e-01 2.000000e-01 2.000000e-01 2.000000e-01 2.000000e-01 2.000000e-01 2.000000e-01 2.000000e-01 2.000000e-01 2.000000e-01 2.000000e-01 2.000000e-01 2.000000e-01 2.000000e-01 2.000000e-01 2.000000e-01 2.000000e-01 2.000000e-01 2.000000e-01 2.000000e-01 2.000000e-01 2.000000e-01 2.000000e-01 2.000000e-01 2.000000e-01 2.000000e-01 2.000000e-01 2.000000e-01 2.000000e-01 2.000000e-01 2.000000e-01 2.000000e-01 2.000000e-01 2.000000e-01 2.000000e-01 2.000000e-01 2.000000e-01 2.000000e-01 2.000000e-01 2.000000e-01 2.000000e-01 2.000000e-01 2.000000e-01 2.000000e-01 2.000000e-01 2.000000e-01 2.000000e-01 2.000000e-01 2.000000e-01 2.000000e-01 2.000000e-01 2.000000e-01 2.000000e-01 2.000000e-01 2.000000e-01 2.000000e-01 2.000000e-01 2.000000e-01 2.000000e-01
<GCONST> 3.243863e+01
<TRANSP> 4
 0.000000e+00 1.000000e+00 0.000000e+00 0.000000e+00
 0.000000e+00 8.299588e-01 1.700412e-01 0.000000e+00
 0.000000e+00 0.000000e+00 8.874925e-01 1.125075e-01
 0.000000e+00 0.000000e+00 0.000000e+00 0.000000e+00
<ENDHMM>
