~o
<STREAMINFO> 1 142
<VECSIZE> 142<NULLD><USER><DIAGC>
~h "i"
<BEGINHMM>
<NUMSTATES> 4
<STATE> 2
<MEAN> 142
 5.509067e-01 2.676617e-01 4.225284e-01 2.939751e-01 3.104741e-01 3.036090e-01 3.425575e-01 3.538898e-01 3.226236e-01 4.198181e-01 5.738052e-01 3.598891e-01 4.297284e-01 5.801120e-01 3.656957e-01 3.540010e-01 3.773498e-01 3.754496e-01 4.086868e-01 3.758420e-01 5.859257e-01 6.113108e-01 4.239382e-01 5.608978e-01 6.470159e-01 3.402449e-01 5.121261e-01 2.951707e-01 4.900175e-01 3.683231e-01 5.192305e-01 3.369025e-01 3.474761e-01 5.193654e-01 4.395575e-01 4.101708e-01 4.383838e-01 3.951916e-01 4.424239e-01 3.418401e-01 3.496404e-01 4.724213e-01 3.647702e-01 3.058393e-01 1.195751e-01 3.046958e-01 5.652492e-01 4.631388e-01 5.352698e-01 4.097590e-01 4.748922e-01 4.343873e-01 4.582165e-01 2.375714e-01 4.265668e-01 3.855939e-01 5.548233e-01 4.639783e-01 5.232226e-01 3.742520e-01 3.877897e-01 5.143750e-01 2.987285e-01 3.720073e-01 3.280678e-01 4.394839e-01 4.193234e-01 5.495383e-01 4.663156e-01 3.947754e-01 3.804435e-01 2.882858e-01 4.121677e-01 4.270938e-01 3.876318e-01 3.280571e-01 5.347011e-01 4.549168e-01 5.859001e-01 5.072035e-01 4.234335e-01 4.670498e-01 3.536510e-01 5.284117e-01 2.665148e-01 3.475567e-01 3.438687e-01 4.069431e-01 4.798790e-01 2.492236e-01 2.471023e-01 3.082565e-01 4.096834e-01 3.164048e-01 4.599628e-01 4.180218e-01 4.929312e-01 2.898095e-01 5.634395e-01 4.820866e-01 5.272971e-01 4.948482e-01 3.509881e-01 2.852408e-01 4.705860e-01 4.372926e-01 4.559847e-01 3.519161e-01 4.580519e-01 4.074138e-01 3.591303e-01 3.096474e-01 3.248944e-01 4.207470e-01 4.481314e-01 3.768477e-01 3.385305e-01 5.605344e-01 3.362091e-01 4.908145e-01 4.913559e-01 5.368231e-01 4.752265e-01 2.983770e-01 5.792493e-01 3.453119e-01 3.363952e-01 3.283509e-01 2.849349e-01 5.343840e-01 4.295109e-01 4.021887e-01 2.452778e-01 4.391703e-01 4.518498e-01 5.826879e-01 3.534994e-01 4.478072e-01 4.274956e-01 4.043280e-01 4.387442e-01 4.176341e-01
<VARIANCE> 142
 2.000000e-01 2.000000e-01 2.000000e-01 2.000000e-01 2.000000e-01 2.000000e-01 2.000000e-01 2.000000e-01 2.000000e-01 2.000000e-01 2.000000e-01 2.000000e-01 2.000000e-01 2.000000e-01 2.000000e-01 2.000000e-01 2.000000e-01 2.000000e-01 2.000000e-01 2.000000e-01 2.000000e-01 2.000000e-01 2.000000e-01 2.000000e-01 2.000000e-01 2.000000e-01 2.000000e-01 2.000000e-01 2.000000e-01 2.000000e-01 2.000000e-01 2.000000e-01 2.000000e-01 2.000000e-01 2.000000e-01 2.000000e-01 2.000000e-01 2.000000e-01 2.000000e-01 2.000000e-01 2.000000e-01 2.000000e-01 2.000000e-01 2.000000e-01 2.000000e-01 2.000000e-01 2.000000e-01 2.000000e-01 2.000000e-01 2.000000e-01 2.000000e-01 2.000000e-01 2.000000e-01 2.000000e-01 2.000000e-01 2.000000e-01 2.000000e-01 2.000000e-01 2.000000e-01 2.000000e-01 2.000000e-01 2.000000e-01 2.000000e-01 2.000000e-01 2.000000e-01 2.000000e-01 2.000000e-01 2.000000e-01 2.000000e-01 2.000000e-01 2.000000e-01 2.000000e-01 2.000000e-01 2.000000e-01 2.000000e-01 2.000000e-01 2.000000e-01 2.000000e-01 2.000000e-01 2.000000e-01 2.000000e-01 2.000000e-01 2.000000e-01 2.000000e-01 2.000000e-01 2.000000e-01 2.000000e-01 2.000000e-01 2.000000e-01 2.000000e-01 2.000000e-01 2.000000e-01 2.000000e-01 2.000000e-01 2.000000e-01 2.000000e-01 2.000000e-01 2.000000e-01 2.000000e-01 2.000000e-01 2.000000e-01 2.000000e-01 2.000000e-01 2.000000e-01 2.000000e-01 2.000000e-01 2.000000e-01 2.000000e-01 2.000000e-01 2.000000e-01 2.000000e-01 2.000000e-01 2.000000e-01 2.000000e-01 2.000000e-01 2.000000e-01 2.000000e-01 2.000000e-01 2.000000e-01 2.000000e-01 2.000000e-01 2.000000e-01 2.000000e-01 2.000000e-01 2.000000e-01 2.000000e-01 2.000000e-01 2.000000e-01 2.000000e-01 2.000000e-01 2.000000e-01 2.000000e-01 2.000000e-01 2.000000e-01 2.000000e-01 2.000000e-01 2.000000e-01 2.000000e-01 2.000000e-01 2.000000e-01 2.000000e-01 2.000000e-01
<GCONST> 3.243863e+01
<STATE> 3
<MEAN> 142
 6.646637e-01 3.961835e-01 3.526181e-01 2.902513e-01 3.113943e-01 3.289326e-01 3.881273e-01 3.874252e-01 3.320971e-01 4.410737e-01 4.179150e-01 4.282506e-01 3.978645e-01 4.562211e-01 4.228083e-01 3.974430e-01 4.767372e-01 4.935184e-01 2.340736e-01 4.009540e-01 4.232125e-01 4.649297e-01 3.290118e-01 4.820978e-01 4.349574e-01 3.976206e-01 4.053399e-01 4.414779e-01 4.304598e-01 4.316162e-01 4.870875e-01 3.944926e-01 3.861828e-01 4.529992e-01 4.396444e-01 4.449042e-01 3.880121e-01 3.838420e-01 4.329112e-01 3.751151e-01 4.204204e-01 5.140720e-01 2.920550e-01 3.927236e-01 2.029642e-01 4.337677e-01 3.719254e-01 4.707858e-01 4.704747e-01 2.924831e-01 4.329225e-01 4.631648e-01 5.134443e-01 2.553828e-01 4.579260e-01 3.972547e-01 4.225646e-01 3.286764e-01 3.382821e-01 2.635140e-01 4.910076e-01 4.405549e-01 3.643549e-01 3.477218e-01 4.275356e-01 4.349438e-01 4.500805e-01 3.734313e-01 3.783436e-01 4.357840e-01 4.549325e-01 3.913352e-01 4.577858e-01 3.918781e-01 2.831678e-01 3.739946e-01 4.324296e-01 3.899026e-01 4.741426e-01 4.310068e-01 4.917564e-01 4.061005e-01 5.053288e-01 3.840418e-01 3.183377e-01 4.123617e-01 3.247301e-01 3.668231e-01 4.784083e-01 3.598526e-01 3.736091e-01 3.492205e-01 5.181907e-01 3.445976e-01 3.892874e-01 4.982736e-01 4.974930e-01 3.729617e-01 5.014073e-01 3.842123e-01 4.108098e-01 4.426809e-01 2.952858e-01 3.697538e-01 3.774861e-01 2.978166e-01 4.106361e-01 3.958493e-01 3.763143e-01 3.523524e-01 3.885606e-01 4.013434e-01 2.947223e-01 4.019010e-01 4.060060e-01 3.792944e-01 3.756245e-01 3.767973e-01 4.170396e-01 3.681374e-01 4.240486e-01 5.199941e-01 3.856452e-01 4.347311e-01 3.999725e-01 4.148456e-01 4.439317e-01 4.462378e-01 3.750299e-01 3.833896e-01 4.330008e-01 4.591981e-01 3.661646e-01 4.345019e-01 4.762472e-01 4.261844e-01 5.525969e-01 5.217780e-01 4.634847e-01 4.095610e-01 4.216272e-01 4.451857e-01
<VARIANCE> 142
 2.000000e-01 2.000000e-01 2.000000e-01 2.000000e-01 2.000000e-01 2.000000e-01 2.000000e-01 2.000000e-01 2.000000e-01 2.000000e-01 2.000000e-01 2.000000e-01 2.000000e-01 2.000000e-01 2.000000e-01 2.000000e-01 2.000000e-01 2.000000e-01 2.000000e-01 2.000000e-01 2.000000e-01 2.000000e-01 2.000000e-01 2.000000e-01 2.000000e-01 2.000000e-01 2.000000e-01 2.000000e-01 2.000000e-01 2.000000e-01 2.000000e-01 2.000000e-01 2.000000e-01 2.000000e-01 2.000000e-01 2.000000e-01 2.000000e-01 2.000000e-01 2.000000e-01 2.000000e-01 2.000000e-01 2.000000e-01 2.000000e-01 2.000000e-01 2.000000e-01 2.000000e-01 2.000000e-01 2.000000e-01 2.000000e-01 2.000000e-01 2.000000e-01 2.000000e-01 2.000000e-01 2.000000e-01 2.000000e-01 2.000000e-01 2.000000e-01 2.000000e-01 2.000000e-01 2.000000e-01 2.000000e-01 2.000000e-01 2.000000e-01 2.000000e-01 2.000000e-01 2.000000e-01 2.000000e-01 2.000000e-01 2.000000e-01 2.000000e-01 2.000000e-01 2.000000e-01 2.000000e-01 2.000000e-01 2.000000e-01 2.000000e-01 2.000000e-01 2.000000e-01 2.000000e-01 2.000000e-01 2.000000e-01 2.000000e-01 2.000000e-01 2.000000e-01 2.000000e-01 2.000000e-01 2.000000e-01 2.000000e-01 2.000000e-01 2.000000e-01 2.000000e-01 2.000000e-01 2.000000e-01 2.000000e-01 2.000000e-01 2.000000e-01 2.000000e-01 2.000000e-01 2.000000e-01 2.000000e-01 2.000000e-01 2.000000e-01 2.000000e-01 2.000000e-01 2.000000e-01 2.000000e-01 2.000000e-01 2.000000e-01 2.000000e-01 2.000000e-01 2.000000e-01 2.000000e-01 2.000000e-01 2.000000e-01 2.000000e-01 2.000000e-01 2.000000e-01 2.000000e-01 2.000000e-01 2.000000e-01 2.000000e-01 2.000000e-01 2.000000e-01 2.000000e-01 2.000000e-01 2.000000e-01 2.000000e-01 2.000000e-01 2.000000e-01 2.000000e-01 2.000000e-01 2.000000e-01 2.000000e-01 2.000000e-01 2.000000e-01 2.000000e-01 2.000000e-01 2.000000e-01 2.000000e-01 2.000000e-01 2.000000e-01 2.000000e-01
<GCONST> 3.243863e+01
<TRANSP> 4
 0.000000e+00 1.000000e+00 0.000000e+00 0.000000e+00
 0.000000e+00 7.592552e-01 2.407449e-01 0.000000e+00
 0.000000e+00 0.000000e+00 9.058735e-01 9.412644e-02
 0.000000e+00 0.000000e+00 0.000000e+00 0.000000e+00
<ENDHMM>
