~o
<STREAMINFO> 1 142
<VECSIZE> 142<NULLD><USER><DIAGC>
~h "idea"
<BEGINHMM>
<NUMSTATES> 4
<STATE> 2
<MEAN> 142
 7.002205e-01 3.732999e-01 3.796760e-01 3.568381e-01 2.699792e-01 4.462451e-01 4.296719e-01 3.975673e-01 3.718431e-01 4.039707e-01 4.764262e-01 4.629606e-01 4.566627e-01 4.848258e-01 3.086644e-01 3.705986e-01 3.838572e-01 4.426194e-01 3.973034e-01 5.285003e-01 4.610663e-01 3.987319e-01 4.616284e-01 4.123931e-01 4.542551e-01 4.780276e-01 4.489446e-01 4.280765e-01 3.683637e-01 4.103757e-01 4.694865e-01 4.726276e-01 4.740286e-01 3.977514e-01 4.321336e-01 3.252179e-01 2.898554e-01 4.047961e-01 3.271182e-01 3.600761e-01 4.101034e-01 4.238480e-01 3.532465e-01 4.670190e-01 3.292463e-01 4.384349e-01 3.896236e-01 4.235708e-01 3.566945e-01 3.605338e-01 4.699779e-01 5.004486e-01 4.797028e-01 2.956066e-01 4.873335e-01 4.317694e-01 4.448882e-01 3.905728e-01 3.814873e-01 3.024921e-01 5.487368e-01 4.602840e-01 4.116234e-01 4.494119e-01 4.273924e-01 4.369592e-01 4.138006e-01 4.015005e-01 4.757094e-01 4.405378e-01 5.302988e-01 5.140114e-01 4.348193e-01 4.024554e-01 4.906059e-01 4.952294e-01 4.622500e-01 3.622954e-01 4.363228e-01 4.321984e-01 4.385069e-01 3.233838e-01 4.166613e-01 3.922455e-01 4.113412e-01 4.675821e-01 4.232634e-01 4.570821e-01 4.147277e-01 4.343788e-01 4.312929e-01 3.986744e-01 4.554923e-01 4.237301e-01 3.654040e-01 4.842115e-01 4.839743e-01 3.807411e-01 3.603001e-01 4.479657e-01 3.932661e-01 4.408667e-01 3.813803e-01 3.415635e-01 3.181417e-01 3.308931e-01 4.291440e-01 3.633266e-01 4.421158e-01 3.855067e-01 4.619462e-01 4.172163e-01 3.559590e-01 2.584046e-01 3.674098e-01 4.769508e-01 4.025782e-01 3.470788e-01 4.513313e-01 4.034252e-01 4.314136e-01 4.851052e-01 4.799200e-01 4.774762e-01 4.755378e-01 4.271626e-01 4.266224e-01 4.082660e-01 4.022177e-01 4.821556e-01 4.136003e-01 3.654135e-01 4.784156e-01 4.188842e-01 3.203214e-01 3.659827e-01 5.116144e-01 3.850452e-01 4.057344e-01 3.255200e-01 4.228395e-01 4.558927e-01
<VARIANCE> 142
 2.000000e-01 2.000000e-01 2.000000e-01 2.000000e-01 2.000000e-01 2.000000e-01 2.000000e-01 2.000000e-01 2.000000e-01 2.000000e-01 2.000000e-01 2.000000e-01 2.000000e-01 2.000000e-01 2.000000e-01 2.000000e-01 2.000000e-01 2.000000e-01 2.000000e-01 2.000000e-01 2.000000e-01 2.000000e-01 2.000000e-01 2.000000e-01 2.000000e-01 2.000000e-01 2.000000e-01 2.000000e-01 2.000000e-01 2.000000e-01 2.000000e-01 2.000000e-01 2.000000e-01 2.000000e-01 2.000000e-01 2.000000e-01 2.000000e-01 2.000000e-01 2.000000e-01 2.000000e-01 2.000000e-01 2.000000e-01 2.000000e-01 2.000000e-01 2.000000e-01 2.000000e-01 2.000000e-01 2.000000e-01 2.000000e-01 2.000000e-01 2.000000e-01 2.000000e-01 2.000000e-01 2.000000e-01 2.000000e-01 2.000000e-01 2.000000e-01 2.000000e-01 2.000000e-01 2.000000e-01 2.000000e-01 2.000000e-01 2.000000e-01 2.000000e-01 2.000000e-01 2.000000e-01 2.000000e-01 2.000000e-01 2.000000e-01 2.000000e-01 2.000000e-01 2.000000e-01 2.000000e-01 2.000000e-01 2.000000e-01 2.000000e-01 2.000000e-01 2.000000e-01 2.000000e-01 2.000000e-01 2.000000e-01 2.000000e-01 2.000000e-01 2.000000e-01 2.000000e-01 2.000000e-01 2.000000e-01 2.000000e-01 2.000000e-01 2.000000e-01 2.000000e-01 2.000000e-01 2.000000e-01 2.000000e-01 2.000000e-01 2.000000e-01 2.000000e-01 2.000000e-01 2.000000e-01 2.000000e-01 2.000000e-01 2.000000e-01 2.000000e-01 2.000000e-01 2.000000e-01 2.000000e-01 2.000000e-01 2.000000e-01 2.000000e-01 2.000000e-01 2.000000e-01 2.000000e-01 2.000000e-01 2.000000e-01 2.000000e-01 2.000000e-01 2.000000e-01 2.000000e-01 2.000000e-01 2.000000e-01 2.000000e-01 2.000000e-01 2.000000e-01 2.000000e-01 2.000000e-01 2.000000e-01 2.000000e-01 2.000000e-01 2.000000e-01 2.000000e-01 2.000000e-01 2.000000e-01 2.000000e-01 2.000000e-01 2.000000e-01 2.000000e-01 2.000000e-01 2.000000e-01 2.000000e-01 2.000000e-01 2.000000e-01 2.000000e-01
<GCONST> 3.243863e+01
<STATE> 3
<MEAN> 142
 5.360759e-01 3.806005e-01 2.669480e-01 3.165905e-01 2.577212e-01 2.381264e-01 3.408799e-01 3.375188e-01 3.652235e-01 4.085551e-01 3.985844e-01 3.920477e-01 3.481728e-01 3.839990e-01 3.741392e-01 3.445219e-01 4.246521e-01 4.539833e-01 2.478509e-01 3.419147e-01 4.165894e-01 4.376185e-01 3.338254e-01 4.691818e-01 4.292667e-01 4.559443e-01 4.023320e-01 3.930764e-01 4.490297e-01 3.967889e-01 4.849191e-01 4.743217e-01 3.745580e-01 4.592956e-01 3.952342e-01 3.924316e-01 3.719986e-01 3.383270e-01 3.949611e-01 3.178034e-01 3.681731e-01 4.892865e-01 3.044000e-01 2.376025e-01 2.257056e-01 3.760970e-01 4.023326e-01 4.452290e-01 4.032864e-01 2.566913e-01 4.157114e-01 3.598323e-01 4.489906e-01 2.635300e-01 3.924904e-01 4.322858e-01 3.670709e-01 2.808432e-01 2.967952e-01 3.077054e-01 3.563693e-01 5.069672e-01 4.176849e-01 4.201413e-01 4.438618e-01 4.116358e-01 3.317132e-01 3.519917e-01 3.678014e-01 3.995440e-01 4.215252e-01 3.519016e-01 3.707074e-01 3.429643e-01 2.352261e-01 3.335452e-01 4.275541e-01 4.130524e-01 4.603689e-01 4.066648e-01 4.943034e-01 3.903345e-01 3.599038e-01 3.583086e-01 3.641133e-01 3.650039e-01 4.130333e-01 3.759633e-01 4.064259e-01 2.917398e-01 3.483495e-01 2.489717e-01 4.078003e-01 3.573067e-01 4.104715e-01 4.507090e-01 4.693379e-01 3.480628e-01 4.511859e-01 4.888252e-01 3.864348e-01 4.846461e-01 3.744641e-01 3.355536e-01 3.493038e-01 2.848346e-01 3.562453e-01 3.860991e-01 3.414349e-01 2.892365e-01 3.904325e-01 3.588638e-01 3.476403e-01 3.546996e-01 4.223944e-01 4.164118e-01 3.635921e-01 4.209527e-01 3.984069e-01 3.415495e-01 4.383246e-01 4.597995e-01 4.671402e-01 3.881527e-01 3.181084e-01 3.744843e-01 3.649892e-01 3.799162e-01 3.640887e-01 3.466890e-01 3.878406e-01 4.206365e-01 2.928940e-01 4.563956e-01 4.234770e-01 4.096511e-01 3.895444e-01 4.515866e-01 3.413277e-01 4.369337e-01 4.581738e-01 4.060464e-01
<VARIANCE> 142
 2.000000e-01 2.000000e-01 2.000000e-01 2.000000e-01 2.000000e-01 2.000000e-01 2.000000e-01 2.000000e-01 2.000000e-01 2.000000e-01 2.000000e-01 2.000000e-01 2.000000e-01 2.000000e-01 2.000000e-01 2.000000e-01 2.000000e-01 2.000000e-01 2.000000e-01 2.000000e-01 2.000000e-01 2.000000e-01 2.000000e-01 2.000000e-01 2.000000e-01 2.000000e-01 2.000000e-01 2.000000e-01 2.000000e-01 2.000000e-01 2.000000e-01 2.000000e-01 2.000000e-01 2.000000e-01 2.000000e-01 2.000000e-01 2.000000e-01 2.000000e-01 2.000000e-01 2.000000e-01 2.000000e-01 2.000000e-01 2.000000e-01 2.000000e-01 2.000000e-01 2.000000e-01 2.000000e-01 2.000000e-01 2.000000e-01 2.000000e-01 2.000000e-01 2.000000e-01 2.000000e-01 2.000000e-01 2.000000e-01 2.000000e-01 2.000000e-01 2.000000e-01 2.000000e-01 2.000000e-01 2.000000e-01 2.000000e-01 2.000000e-01 2.000000e-01 2.000000e-01 2.000000e-01 2.000000e-01 2.000000e-01 2.000000e-01 2.000000e-01 2.000000e-01 2.000000e-01 2.000000e-01 2.000000e-01 2.000000e-01 2.000000e-01 2.000000e-01 2.000000e-01 2.000000e-01 2.000000e-01 2.000000e-01 2.000000e-01 2.000000e-01 2.000000e-01 2.000000e-01 2.000000e-01 2.000000e-01 2.000000e-01 2.000000e-01 2.000000e-01 2.000000e-01 2.000000e-01 2.000000e-01 2.000000e-01 2.000000e-01 2.000000e-01 2.000000e-01 2.000000e-01 2.000000e-01 2.000000e-01 2.000000e-01 2.000000e-01 2.000000e-01 2.000000e-01 2.000000e-01 2.000000e-01 2.000000e-01 2.000000e-01 2.000000e-01 2.000000e-01 2.000000e-01 2.000000e-01 2.000000e-01 2.000000e-01 2.000000e-01 2.000000e-01 2.000000e-01 2.000000e-01 2.000000e-01 2.000000e-01 2.000000e-01 2.000000e-01 2.000000e-01 2.000000e-01 2.000000e-01 2.000000e-01 2.000000e-01 2.000000e-01 2.000000e-01 2.000000e-01 2.000000e-01 2.000000e-01 2.000000e-01 2.000000e-01 2.000000e-01 2.000000e-01 2.000000e-01 2.000000e-01 2.000000e-01 2.000000e-01 2.000000e-01 2.000000e-01
<GCONST> 3.243863e+01
<TRANSP> 4
 0.000000e+00 1.000000e+00 0.000000e+00 0.000000e+00
 0.000000e+00 8.353060e-01 1.646940e-01 0.000000e+00
 0.000000e+00 0.000000e+00 8.836505e-01 1.163495e-01
 0.000000e+00 0.000000e+00 0.000000e+00 0.000000e+00
<ENDHMM>
