~o
<STREAMINFO> 1 142
<VECSIZE> 142<NULLD><USER><DIAGC>
~h "idiot"
<BEGINHMM>
<NUMSTATES> 4
<STATE> 2
<MEAN> 142
 5.446242e-01 3.432266e-01 2.922592e-01 3.110979e-01 2.502056e-01 2.151667e-01 3.203986e-01 3.143095e-01 3.451879e-01 4.387686e-01 3.633877e-01 3.779399e-01 3.205838e-01 4.044635e-01 3.247810e-01 3.095495e-01 4.942251e-01 3.881733e-01 2.612731e-01 3.035018e-01 3.990374e-01 4.682637e-01 2.956201e-01 4.782421e-01 4.545570e-01 3.338757e-01 4.219216e-01 3.722491e-01 4.362275e-01 3.771690e-01 4.385154e-01 3.793832e-01 3.119302e-01 5.212874e-01 4.234551e-01 3.472557e-01 3.611654e-01 3.336727e-01 4.118755e-01 2.814480e-01 3.460493e-01 4.942358e-01 3.293763e-01 2.820605e-01 1.873514e-01 3.899860e-01 3.738133e-01 3.665682e-01 3.940843e-01 2.782544e-01 4.248034e-01 3.544952e-01 4.158635e-01 2.530880e-01 3.728525e-01 3.757282e-01 3.939605e-01 2.967060e-01 3.053044e-01 3.045675e-01 3.852772e-01 3.893771e-01 3.483959e-01 3.799194e-01 3.823913e-01 4.095833e-01 3.382201e-01 3.141106e-01 3.455330e-01 3.768973e-01 3.930101e-01 3.488906e-01 4.247121e-01 3.944313e-01 2.319552e-01 3.087178e-01 3.770114e-01 3.449345e-01 4.690337e-01 4.606796e-01 4.530035e-01 3.794968e-01 3.519237e-01 3.668579e-01 3.283644e-01 3.603873e-01 3.599496e-01 3.709243e-01 4.490590e-01 3.395964e-01 3.525650e-01 2.558902e-01 3.823862e-01 3.052676e-01 3.879923e-01 4.319837e-01 4.002976e-01 3.237123e-01 4.692584e-01 3.878115e-01 3.879092e-01 4.403767e-01 2.927193e-01 3.455907e-01 3.316457e-01 2.470809e-01 3.315836e-01 3.586953e-01 3.428931e-01 3.160365e-01 3.472930e-01 3.446043e-01 2.832384e-01 3.537320e-01 3.283228e-01 3.332067e-01 3.831047e-01 3.874212e-01 3.912568e-01 3.473400e-01 4.148842e-01 4.524412e-01 3.751054e-01 3.507868e-01 3.482681e-01 4.241276e-01 4.110943e-01 4.021397e-01 3.931718e-01 3.554085e-01 3.074141e-01 3.561822e-01 3.249820e-01 3.798323e-01 4.339591e-01 3.933818e-01 3.849683e-01 4.526282e-01 3.389258e-01 4.071873e-01 4.252658e-01 4.022120e-01
<VARIANCE> 142
 2.000000e-01 2.000000e-01 2.000000e-01 2.000000e-01 2.000000e-01 2.000000e-01 2.000000e-01 2.000000e-01 2.000000e-01 2.000000e-01 2.000000e-01 2.000000e-01 2.000000e-01 2.000000e-01 2.000000e-01 2.000000e-01 2.000000e-01 2.000000e-01 2.000000e-01 2.000000e-01 2.000000e-01 2.000000e-01 2.000000e-01 2.000000e-01 2.000000e-01 2.000000e-01 2.000000e-01 2.000000e-01 2.000000e-01 2.000000e-01 2.000000e-01 2.000000e-01 2.000000e-01 2.000000e-01 2.000000e-01 2.000000e-01 2.000000e-01 2.000000e-01 2.000000e-01 2.000000e-01 2.000000e-01 2.000000e-01 2.000000e-01 2.000000e-01 2.000000e-01 2.000000e-01 2.000000e-01 2.000000e-01 2.000000e-01 2.000000e-01 2.000000e-01 2.000000e-01 2.000000e-01 2.000000e-01 2.000000e-01 2.000000e-01 2.000000e-01 2.000000e-01 2.000000e-01 2.000000e-01 2.000000e-01 2.000000e-01 2.000000e-01 2.000000e-01 2.000000e-01 2.000000e-01 2.000000e-01 2.000000e-01 2.000000e-01 2.000000e-01 2.000000e-01 2.000000e-01 2.000000e-01 2.000000e-01 2.000000e-01 2.000000e-01 2.000000e-01 2.000000e-01 2.000000e-01 2.000000e-01 2.000000e-01 2.000000e-01 2.000000e-01 2.000000e-01 2.000000e-01 2.000000e-01 2.000000e-01 2.000000e-01 2.000000e-01 2.000000e-01 2.000000e-01 2.000000e-01 2.000000e-01 2.000000e-01 2.000000e-01 2.000000e-01 2.000000e-01 2.000000e-01 2.000000e-01 2.000000e-01 2.000000e-01 2.000000e-01 2.000000e-01 2.000000e-01 2.000000e-01 2.000000e-01 2.000000e-01 2.000000e-01 2.000000e-01 2.000000e-01 2.000000e-01 2.000000e-01 2.000000e-01 2.000000e-01 2.000000e-01 2.000000e-01 2.000000e-01 2.000000e-01 2.000000e-01 2.000000e-01 2.000000e-01 2.000000e-01 2.000000e-01 2.000000e-01 2.000000e-01 2.000000e-01 2.000000e-01 2.000000e-01 2.000000e-01 2.000000e-01 2.000000e-01 2.000000e-01 2.000000e-01 2.000000e-01 2.000000e-01 2.000000e-01 2.000000e-01 2.000000e-01 2.000000e-01 2.000000e-01 2.000000e-01 2.000000e-01
<GCONST> 3.243863e+01
<STATE> 3
<MEAN> 142
 6.241041e-01 4.782602e-01 4.208105e-01 3.195637e-01 3.009600e-01 4.001212e-01 3.208987e-01 4.030525e-01 3.787671e-01 4.910881e-01 6.003610e-01 5.036448e-01 4.191069e-01 6.117516e-01 3.850574e-01 3.418590e-01 4.529957e-01 4.485180e-01 4.022073e-01 4.196787e-01 4.411331e-01 4.254575e-01 3.806790e-01 4.726194e-01 5.281820e-01 3.833534e-01 5.229334e-01 4.637708e-01 4.557947e-01 4.703147e-01 5.064465e-01 3.667616e-01 2.789479e-01 4.704643e-01 4.712225e-01 3.643017e-01 4.526170e-01 4.412321e-01 4.765451e-01 3.109435e-01 4.050700e-01 5.012854e-01 4.276421e-01 3.438679e-01 2.544006e-01 4.539502e-01 4.135490e-01 4.569356e-01 3.834874e-01 3.869389e-01 4.855615e-01 4.413213e-01 5.282914e-01 2.900227e-01 3.900735e-01 5.219085e-01 6.448768e-01 3.943060e-01 4.223697e-01 3.898592e-01 4.342158e-01 3.958067e-01 3.825172e-01 4.032828e-01 5.126510e-01 3.908873e-01 4.879457e-01 3.517264e-01 3.697870e-01 4.496689e-01 4.570851e-01 3.931316e-01 4.080317e-01 5.200775e-01 3.846441e-01 3.841029e-01 3.710136e-01 3.241849e-01 4.535033e-01 4.622225e-01 6.116925e-01 3.679093e-01 4.311046e-01 3.833842e-01 3.870837e-01 3.326334e-01 3.627326e-01 4.999937e-01 4.702398e-01 3.487678e-01 3.975711e-01 3.292074e-01 5.925097e-01 3.970313e-01 4.158643e-01 5.605235e-01 4.881002e-01 4.233637e-01 4.462517e-01 3.713689e-01 5.063153e-01 4.175892e-01 3.597909e-01 4.234531e-01 5.030050e-01 3.257546e-01 4.347625e-01 4.052878e-01 4.838607e-01 3.681953e-01 3.915402e-01 4.637803e-01 2.772973e-01 3.421521e-01 3.781182e-01 4.373531e-01 5.000734e-01 3.651267e-01 4.797912e-01 4.005567e-01 4.259805e-01 4.890950e-01 4.214931e-01 4.002928e-01 4.101162e-01 4.624579e-01 5.049671e-01 5.534849e-01 4.838160e-01 4.475732e-01 3.909773e-01 4.342721e-01 4.614226e-01 5.380695e-01 4.167515e-01 4.623715e-01 4.086021e-01 4.482811e-01 3.664299e-01 3.960690e-01 3.611749e-01 4.024193e-01
<VARIANCE> 142
 2.000000e-01 2.000000e-01 2.000000e-01 2.000000e-01 2.000000e-01 2.000000e-01 2.000000e-01 2.000000e-01 2.000000e-01 2.000000e-01 2.000000e-01 2.000000e-01 2.000000e-01 2.000000e-01 2.000000e-01 2.000000e-01 2.000000e-01 2.000000e-01 2.000000e-01 2.000000e-01 2.000000e-01 2.000000e-01 2.000000e-01 2.000000e-01 2.000000e-01 2.000000e-01 2.000000e-01 2.000000e-01 2.000000e-01 2.000000e-01 2.000000e-01 2.000000e-01 2.000000e-01 2.000000e-01 2.000000e-01 2.000000e-01 2.000000e-01 2.000000e-01 2.000000e-01 2.000000e-01 2.000000e-01 2.000000e-01 2.000000e-01 2.000000e-01 2.000000e-01 2.000000e-01 2.000000e-01 2.000000e-01 2.000000e-01 2.000000e-01 2.000000e-01 2.000000e-01 2.000000e-01 2.000000e-01 2.000000e-01 2.000000e-01 2.000000e-01 2.000000e-01 2.000000e-01 2.000000e-01 2.000000e-01 2.000000e-01 2.000000e-01 2.000000e-01 2.000000e-01 2.000000e-01 2.000000e-01 2.000000e-01 2.000000e-01 2.000000e-01 2.000000e-01 2.000000e-01 2.000000e-01 2.000000e-01 2.000000e-01 2.000000e-01 2.000000e-01 2.000000e-01 2.000000e-01 2.000000e-01 2.000000e-01 2.000000e-01 2.000000e-01 2.000000e-01 2.000000e-01 2.000000e-01 2.000000e-01 2.000000e-01 2.000000e-01 2.000000e-01 2.000000e-01 2.000000e-01 2.000000e-01 2.000000e-01 2.000000e-01 2.000000e-01 2.000000e-01 2.000000e-01 2.000000e-01 2.000000e-01 2.000000e-01 2.000000e-01 2.000000e-01 2.000000e-01 2.000000e-01 2.000000e-01 2.000000e-01 2.000000e-01 2.000000e-01 2.000000e-01 2.000000e-01 2.000000e-01 2.000000e-01 2.000000e-01 2.000000e-01 2.000000e-01 2.000000e-01 2.000000e-01 2.000000e-01 2.000000e-01 2.000000e-01 2.000000e-01 2.000000e-01 2.000000e-01 2.000000e-01 2.000000e-01 2.000000e-01 2.000000e-01 2.000000e-01 2.000000e-01 2.000000e-01 2.000000e-01 2.000000e-01 2.000000e-01 2.000000e-01 2.000000e-01 2.000000e-01 2.000000e-01 2.000000e-01 2.000000e-01 2.000000e-01 2.000000e-01
<GCONST> 3.243863e+01
<TRANSP> 4
 0.000000e+00 1.000000e+00 0.000000e+00 0.000000e+00
 0.000000e+00 9.027934e-01 9.720658e-02 0.000000e+00
 0.000000e+00 0.000000e+00 7.559339e-01 2.440661e-01
 0.000000e+00 0.000000e+00 0.000000e+00 0.000000e+00
<ENDHMM>
