~o
<STREAMINFO> 1 142
<VECSIZE> 142<NULLD><USER><DIAGC>
~h "ignorant"
<BEGINHMM>
<NUMSTATES> 4
<STATE> 2
<MEAN> 142
 5.081485e-01 3.540460e-01 3.861645e-01 3.940507e-01 3.880763e-01 3.038989e-01 4.287572e-01 3.418174e-01 3.468809e-01 3.857408e-01 4.519866e-01 3.808478e-01 3.481788e-01 4.585463e-01 4.362738e-01 4.115314e-01 4.222847e-01 3.959108e-01 2.855673e-01 3.437219e-01 5.180441e-01 4.987414e-01 3.285663e-01 4.882130e-01 4.825509e-01 3.544202e-01 4.016141e-01 4.016190e-01 4.358922e-01 3.755286e-01 4.703304e-01 3.913398e-01 4.379249e-01 5.007391e-01 4.350306e-01 4.224008e-01 4.477102e-01 3.087659e-01 3.982102e-01 4.064938e-01 3.704467e-01 4.658223e-01 3.069033e-01 2.814409e-01 2.605850e-01 3.551685e-01 4.933681e-01 4.481905e-01 4.718466e-01 3.258573e-01 5.011500e-01 3.617289e-01 3.834752e-01 2.869776e-01 4.248746e-01 3.911818e-01 3.676680e-01 3.597421e-01 3.280222e-01 4.282825e-01 4.373862e-01 4.435076e-01 3.559178e-01 3.539216e-01 3.839925e-01 4.567096e-01 3.574739e-01 4.272580e-01 4.232463e-01 3.558398e-01 4.314585e-01 3.400859e-01 3.879404e-01 4.081258e-01 2.708028e-01 3.142667e-01 4.767837e-01 4.815792e-01 4.266586e-01 5.048233e-01 4.647214e-01 4.291884e-01 3.898101e-01 4.141454e-01 3.907948e-01 4.025767e-01 3.968620e-01 3.913977e-01 4.731425e-01 3.373285e-01 2.610440e-01 3.374768e-01 4.187846e-01 3.215942e-01 4.898750e-01 4.507669e-01 5.072443e-01 3.010352e-01 5.065730e-01 4.203967e-01 3.975891e-01 4.481674e-01 3.507694e-01 3.519969e-01 3.806928e-01 2.951659e-01 3.162749e-01 3.811482e-01 4.023965e-01 4.388278e-01 3.200368e-01 3.161764e-01 4.169836e-01 3.946321e-01 3.689582e-01 3.686944e-01 2.943677e-01 4.590560e-01 4.128886e-01 4.082119e-01 4.484359e-01 4.672347e-01 4.323842e-01 3.156747e-01 3.911934e-01 3.876631e-01 3.888058e-01 3.458485e-01 3.023122e-01 3.686158e-01 5.051783e-01 4.745964e-01 3.184892e-01 4.113444e-01 4.868769e-01 4.955567e-01 4.960619e-01 5.295658e-01 5.133754e-01 4.356379e-01 4.567246e-01 4.327061e-01
<VARIANCE> 142
 2.000000e-01 2.000000e-01 2.000000e-01 2.000000e-01 2.000000e-01 2.000000e-01 2.000000e-01 2.000000e-01 2.000000e-01 2.000000e-01 2.000000e-01 2.000000e-01 2.000000e-01 2.000000e-01 2.000000e-01 2.000000e-01 2.000000e-01 2.000000e-01 2.000000e-01 2.000000e-01 2.000000e-01 2.000000e-01 2.000000e-01 2.000000e-01 2.000000e-01 2.000000e-01 2.000000e-01 2.000000e-01 2.000000e-01 2.000000e-01 2.000000e-01 2.000000e-01 2.000000e-01 2.000000e-01 2.000000e-01 2.000000e-01 2.000000e-01 2.000000e-01 2.000000e-01 2.000000e-01 2.000000e-01 2.000000e-01 2.000000e-01 2.000000e-01 2.000000e-01 2.000000e-01 2.000000e-01 2.000000e-01 2.000000e-01 2.000000e-01 2.000000e-01 2.000000e-01 2.000000e-01 2.000000e-01 2.000000e-01 2.000000e-01 2.000000e-01 2.000000e-01 2.000000e-01 2.000000e-01 2.000000e-01 2.000000e-01 2.000000e-01 2.000000e-01 2.000000e-01 2.000000e-01 2.000000e-01 2.000000e-01 2.000000e-01 2.000000e-01 2.000000e-01 2.000000e-01 2.000000e-01 2.000000e-01 2.000000e-01 2.000000e-01 2.000000e-01 2.000000e-01 2.000000e-01 2.000000e-01 2.000000e-01 2.000000e-01 2.000000e-01 2.000000e-01 2.000000e-01 2.000000e-01 2.000000e-01 2.000000e-01 2.000000e-01 2.000000e-01 2.000000e-01 2.000000e-01 2.000000e-01 2.000000e-01 2.000000e-01 2.000000e-01 2.000000e-01 2.000000e-01 2.000000e-01 2.000000e-01 2.000000e-01 2.000000e-01 2.000000e-01 2.000000e-01 2.000000e-01 2.000000e-01 2.000000e-01 2.000000e-01 2.000000e-01 2.000000e-01 2.000000e-01 2.000000e-01 2.000000e-01 2.000000e-01 2.000000e-01 2.000000e-01 2.000000e-01 2.000000e-01 2.000000e-01 2.000000e-01 2.000000e-01 2.000000e-01 2.000000e-01 2.000000e-01 2.000000e-01 2.000000e-01 2.000000e-01 2.000000e-01 2.000000e-01 2.000000e-01 2.000000e-01 2.000000e-01 2.000000e-01 2.000000e-01 2.000000e-01 2.000000e-01 2.000000e-01 2.000000e-01 2.000000e-01 2.000000e-01 2.000000e-01 2.000000e-01
<GCONST> 3.243863e+01
<STATE> 3
<MEAN> 142
 6.675086e-01 3.290179e-01 3.685943e-01 3.135962e-01 2.908328e-01 4.038873e-01 4.002343e-01 4.012751e-01 3.788719e-01 3.861799e-01 4.239075e-01 4.502970e-01 4.193409e-01 4.627056e-01 2.854353e-01 3.378349e-01 4.112188e-01 4.673622e-01 3.462870e-01 4.644587e-01 4.763316e-01 3.890788e-01 4.365551e-01 3.782477e-01 4.216712e-01 4.200146e-01 3.701273e-01 3.851088e-01 3.884740e-01 3.705543e-01 4.526605e-01 4.805123e-01 4.320686e-01 4.476711e-01 3.904871e-01 3.899391e-01 2.887081e-01 3.684648e-01 3.147207e-01 3.231645e-01 3.878571e-01 3.886326e-01 3.365900e-01 4.363261e-01 2.401859e-01 4.117527e-01 3.884680e-01 4.638511e-01 3.479790e-01 3.352700e-01 5.059041e-01 4.706916e-01 4.337710e-01 2.921718e-01 4.392331e-01 4.127024e-01 4.315605e-01 3.915007e-01 3.598790e-01 2.542306e-01 4.703944e-01 5.229849e-01 4.307354e-01 4.474976e-01 5.148936e-01 3.983681e-01 4.056537e-01 3.779132e-01 4.452670e-01 3.753181e-01 5.213910e-01 4.843956e-01 3.817639e-01 4.055569e-01 4.209776e-01 4.124770e-01 4.732005e-01 4.182042e-01 4.618140e-01 3.976500e-01 4.763486e-01 3.388725e-01 3.630864e-01 4.079008e-01 3.748358e-01 3.870814e-01 4.184119e-01 4.356459e-01 4.644030e-01 3.625025e-01 3.923160e-01 3.502412e-01 4.686893e-01 3.427846e-01 3.831970e-01 5.639327e-01 4.559817e-01 4.384267e-01 4.338121e-01 4.763731e-01 4.273247e-01 4.184949e-01 3.575733e-01 4.035972e-01 2.955625e-01 2.574312e-01 3.899004e-01 3.464751e-01 3.872301e-01 3.325806e-01 4.137802e-01 3.519865e-01 3.404145e-01 3.239212e-01 4.104672e-01 4.461037e-01 3.942478e-01 3.494869e-01 4.380280e-01 3.996646e-01 4.080836e-01 4.886709e-01 4.476541e-01 4.262362e-01 4.511963e-01 3.954884e-01 4.199734e-01 4.519812e-01 4.072776e-01 4.379477e-01 4.542033e-01 4.165841e-01 4.807903e-01 4.654334e-01 4.194200e-01 3.826083e-01 4.401776e-01 4.051562e-01 3.809441e-01 3.807610e-01 4.272166e-01 4.589770e-01
<VARIANCE> 142
 2.000000e-01 2.000000e-01 2.000000e-01 2.000000e-01 2.000000e-01 2.000000e-01 2.000000e-01 2.000000e-01 2.000000e-01 2.000000e-01 2.000000e-01 2.000000e-01 2.000000e-01 2.000000e-01 2.000000e-01 2.000000e-01 2.000000e-01 2.000000e-01 2.000000e-01 2.000000e-01 2.000000e-01 2.000000e-01 2.000000e-01 2.000000e-01 2.000000e-01 2.000000e-01 2.000000e-01 2.000000e-01 2.000000e-01 2.000000e-01 2.000000e-01 2.000000e-01 2.000000e-01 2.000000e-01 2.000000e-01 2.000000e-01 2.000000e-01 2.000000e-01 2.000000e-01 2.000000e-01 2.000000e-01 2.000000e-01 2.000000e-01 2.000000e-01 2.000000e-01 2.000000e-01 2.000000e-01 2.000000e-01 2.000000e-01 2.000000e-01 2.000000e-01 2.000000e-01 2.000000e-01 2.000000e-01 2.000000e-01 2.000000e-01 2.000000e-01 2.000000e-01 2.000000e-01 2.000000e-01 2.000000e-01 2.000000e-01 2.000000e-01 2.000000e-01 2.000000e-01 2.000000e-01 2.000000e-01 2.000000e-01 2.000000e-01 2.000000e-01 2.000000e-01 2.000000e-01 2.000000e-01 2.000000e-01 2.000000e-01 2.000000e-01 2.000000e-01 2.000000e-01 2.000000e-01 2.000000e-01 2.000000e-01 2.000000e-01 2.000000e-01 2.000000e-01 2.000000e-01 2.000000e-01 2.000000e-01 2.000000e-01 2.000000e-01 2.000000e-01 2.000000e-01 2.000000e-01 2.000000e-01 2.000000e-01 2.000000e-01 2.000000e-01 2.000000e-01 2.000000e-01 2.000000e-01 2.000000e-01 2.000000e-01 2.000000e-01 2.000000e-01 2.000000e-01 2.000000e-01 2.000000e-01 2.000000e-01 2.000000e-01 2.000000e-01 2.000000e-01 2.000000e-01 2.000000e-01 2.000000e-01 2.000000e-01 2.000000e-01 2.000000e-01 2.000000e-01 2.000000e-01 2.000000e-01 2.000000e-01 2.000000e-01 2.000000e-01 2.000000e-01 2.000000e-01 2.000000e-01 2.000000e-01 2.000000e-01 2.000000e-01 2.000000e-01 2.000000e-01 2.000000e-01 2.000000e-01 2.000000e-01 2.000000e-01 2.000000e-01 2.000000e-01 2.000000e-01 2.000000e-01 2.000000e-01 2.000000e-01 2.000000e-01 2.000000e-01
<GCONST> 3.243863e+01
<TRANSP> 4
 0.000000e+00 1.000000e+00 0.000000e+00 0.000000e+00
 0.000000e+00 8.771575e-01 1.228425e-01 0.000000e+00
 0.000000e+00 0.000000e+00 8.555330e-01 1.444670e-01
 0.000000e+00 0.000000e+00 0.000000e+00 0.000000e+00
<ENDHMM>
