~o
<STREAMINFO> 1 142
<VECSIZE> 142<NULLD><USER><DIAGC>
~h "impossible"
<BEGINHMM>
<NUMSTATES> 4
<STATE> 2
<MEAN> 142
 4.521430e-01 3.677866e-01 2.768526e-01 4.111821e-01 3.197892e-01 2.360938e-01 3.775418e-01 3.790932e-01 3.639551e-01 4.379306e-01 3.778672e-01 3.722380e-01 4.105063e-01 3.904636e-01 3.899969e-01 4.773197e-01 4.390570e-01 3.301250e-01 2.481287e-01 3.601278e-01 4.031472e-01 4.707749e-01 3.313305e-01 5.028926e-01 4.280983e-01 4.167608e-01 3.696708e-01 3.173989e-01 4.209203e-01 4.105163e-01 4.607676e-01 4.538493e-01 3.746707e-01 5.486841e-01 3.763823e-01 4.325721e-01 3.231921e-01 4.108207e-01 3.879135e-01 3.963555e-01 4.215603e-01 4.643543e-01 3.371783e-01 3.003891e-01 2.180271e-01 3.544464e-01 4.287601e-01 4.498205e-01 4.490936e-01 3.000838e-01 4.807601e-01 4.328214e-01 4.467146e-01 3.211266e-01 3.908919e-01 3.661152e-01 3.597641e-01 2.857458e-01 3.476543e-01 3.467364e-01 4.524020e-01 4.807997e-01 3.993667e-01 4.643629e-01 3.977997e-01 4.397069e-01 4.405106e-01 3.979790e-01 3.722002e-01 4.307333e-01 4.164495e-01 3.674963e-01 4.131775e-01 3.673798e-01 3.015588e-01 3.965932e-01 4.127499e-01 3.654917e-01 4.975166e-01 4.384644e-01 4.744463e-01 3.913155e-01 3.904478e-01 4.063599e-01 3.766975e-01 3.910755e-01 4.017069e-01 4.099196e-01 4.482186e-01 3.498714e-01 3.320743e-01 3.257284e-01 3.891544e-01 3.082929e-01 4.151688e-01 4.432934e-01 4.994188e-01 3.415515e-01 5.037420e-01 4.531446e-01 4.155373e-01 4.508926e-01 3.556440e-01 4.093992e-01 3.294410e-01 2.780194e-01 3.977628e-01 4.230317e-01 3.830684e-01 3.544803e-01 4.033380e-01 3.189214e-01 3.756301e-01 3.648600e-01 3.513235e-01 3.922732e-01 3.934696e-01 4.194770e-01 4.097866e-01 3.437581e-01 4.067691e-01 4.286886e-01 4.209817e-01 2.920233e-01 3.642658e-01 3.447936e-01 3.234660e-01 4.035601e-01 3.849190e-01 3.463957e-01 4.024284e-01 4.224741e-01 3.378027e-01 4.559146e-01 4.242959e-01 4.377281e-01 3.767247e-01 4.713724e-01 4.597281e-01 4.024201e-01 4.870743e-01 3.488348e-01
<VARIANCE> 142
 2.000000e-01 2.000000e-01 2.000000e-01 2.000000e-01 2.000000e-01 2.000000e-01 2.000000e-01 2.000000e-01 2.000000e-01 2.000000e-01 2.000000e-01 2.000000e-01 2.000000e-01 2.000000e-01 2.000000e-01 2.000000e-01 2.000000e-01 2.000000e-01 2.000000e-01 2.000000e-01 2.000000e-01 2.000000e-01 2.000000e-01 2.000000e-01 2.000000e-01 2.000000e-01 2.000000e-01 2.000000e-01 2.000000e-01 2.000000e-01 2.000000e-01 2.000000e-01 2.000000e-01 2.000000e-01 2.000000e-01 2.000000e-01 2.000000e-01 2.000000e-01 2.000000e-01 2.000000e-01 2.000000e-01 2.000000e-01 2.000000e-01 2.000000e-01 2.000000e-01 2.000000e-01 2.000000e-01 2.000000e-01 2.000000e-01 2.000000e-01 2.000000e-01 2.000000e-01 2.000000e-01 2.000000e-01 2.000000e-01 2.000000e-01 2.000000e-01 2.000000e-01 2.000000e-01 2.000000e-01 2.000000e-01 2.000000e-01 2.000000e-01 2.000000e-01 2.000000e-01 2.000000e-01 2.000000e-01 2.000000e-01 2.000000e-01 2.000000e-01 2.000000e-01 2.000000e-01 2.000000e-01 2.000000e-01 2.000000e-01 2.000000e-01 2.000000e-01 2.000000e-01 2.000000e-01 2.000000e-01 2.000000e-01 2.000000e-01 2.000000e-01 2.000000e-01 2.000000e-01 2.000000e-01 2.000000e-01 2.000000e-01 2.000000e-01 2.000000e-01 2.000000e-01 2.000000e-01 2.000000e-01 2.000000e-01 2.000000e-01 2.000000e-01 2.000000e-01 2.000000e-01 2.000000e-01 2.000000e-01 2.000000e-01 2.000000e-01 2.000000e-01 2.000000e-01 2.000000e-01 2.000000e-01 2.000000e-01 2.000000e-01 2.000000e-01 2.000000e-01 2.000000e-01 2.000000e-01 2.000000e-01 2.000000e-01 2.000000e-01 2.000000e-01 2.000000e-01 2.000000e-01 2.000000e-01 2.000000e-01 2.000000e-01 2.000000e-01 2.000000e-01 2.000000e-01 2.000000e-01 2.000000e-01 2.000000e-01 2.000000e-01 2.000000e-01 2.000000e-01 2.000000e-01 2.000000e-01 2.000000e-01 2.000000e-01 2.000000e-01 2.000000e-01 2.000000e-01 2.000000e-01 2.000000e-01 2.000000e-01 2.000000e-01 2.000000e-01
<GCONST> 3.243863e+01
<STATE> 3
<MEAN> 142
 7.669697e-01 3.277921e-01 4.197716e-01 2.833144e-01 1.878948e-01 3.715434e-01 4.092323e-01 3.527039e-01 2.976656e-01 3.675539e-01 4.674206e-01 3.624238e-01 3.738897e-01 5.003970e-01 1.939542e-01 2.907754e-01 3.661014e-01 3.372688e-01 3.798143e-01 4.077476e-01 5.451421e-01 5.672617e-01 4.578451e-01 4.641639e-01 4.622792e-01 3.935181e-01 4.782830e-01 3.010262e-01 4.113483e-01 3.132801e-01 4.671726e-01 4.371013e-01 4.745607e-01 4.705851e-01 4.274468e-01 3.135267e-01 2.851210e-01 2.919595e-01 3.196185e-01 2.541290e-01 2.979206e-01 4.089357e-01 3.261785e-01 2.948286e-01 1.992569e-01 3.979473e-01 4.658209e-01 3.703960e-01 4.672935e-01 3.848527e-01 4.979950e-01 3.915939e-01 4.237332e-01 2.295487e-01 4.773770e-01 3.266992e-01 4.921152e-01 3.881396e-01 3.997110e-01 3.267984e-01 5.044779e-01 4.126630e-01 3.494382e-01 3.917554e-01 3.077661e-01 4.883243e-01 3.492887e-01 4.072315e-01 4.357266e-01 3.186094e-01 4.649645e-01 4.231523e-01 4.609437e-01 4.631978e-01 4.442514e-01 4.013955e-01 4.468808e-01 4.212891e-01 4.912620e-01 4.525713e-01 3.559201e-01 3.328763e-01 3.482946e-01 5.116298e-01 2.835505e-01 4.397687e-01 3.452271e-01 4.193504e-01 4.568757e-01 3.191016e-01 3.354745e-01 3.316796e-01 3.814603e-01 3.385762e-01 4.053240e-01 4.610213e-01 3.947206e-01 2.936861e-01 3.917878e-01 4.491617e-01 3.778586e-01 5.307205e-01 3.265524e-01 2.886734e-01 3.620622e-01 3.089441e-01 4.072164e-01 3.579231e-01 4.543874e-01 3.867247e-01 4.018335e-01 3.444535e-01 2.894527e-01 3.114091e-01 3.331719e-01 4.075239e-01 4.075200e-01 4.362998e-01 4.037923e-01 4.849285e-01 3.957698e-01 5.886891e-01 4.886068e-01 3.544325e-01 4.538319e-01 3.877886e-01 3.837575e-01 2.879224e-01 2.982846e-01 4.765110e-01 3.861371e-01 3.798561e-01 3.490314e-01 4.041799e-01 3.377206e-01 4.052059e-01 4.745489e-01 3.625269e-01 2.773492e-01 3.744529e-01 4.436046e-01 5.096263e-01
<VARIANCE> 142
 2.000000e-01 2.000000e-01 2.000000e-01 2.000000e-01 2.000000e-01 2.000000e-01 2.000000e-01 2.000000e-01 2.000000e-01 2.000000e-01 2.000000e-01 2.000000e-01 2.000000e-01 2.000000e-01 2.000000e-01 2.000000e-01 2.000000e-01 2.000000e-01 2.000000e-01 2.000000e-01 2.000000e-01 2.000000e-01 2.000000e-01 2.000000e-01 2.000000e-01 2.000000e-01 2.000000e-01 2.000000e-01 2.000000e-01 2.000000e-01 2.000000e-01 2.000000e-01 2.000000e-01 2.000000e-01 2.000000e-01 2.000000e-01 2.000000e-01 2.000000e-01 2.000000e-01 2.000000e-01 2.000000e-01 2.000000e-01 2.000000e-01 2.000000e-01 2.000000e-01 2.000000e-01 2.000000e-01 2.000000e-01 2.000000e-01 2.000000e-01 2.000000e-01 2.000000e-01 2.000000e-01 2.000000e-01 2.000000e-01 2.000000e-01 2.000000e-01 2.000000e-01 2.000000e-01 2.000000e-01 2.000000e-01 2.000000e-01 2.000000e-01 2.000000e-01 2.000000e-01 2.000000e-01 2.000000e-01 2.000000e-01 2.000000e-01 2.000000e-01 2.000000e-01 2.000000e-01 2.000000e-01 2.000000e-01 2.000000e-01 2.000000e-01 2.000000e-01 2.000000e-01 2.000000e-01 2.000000e-01 2.000000e-01 2.000000e-01 2.000000e-01 2.000000e-01 2.000000e-01 2.000000e-01 2.000000e-01 2.000000e-01 2.000000e-01 2.000000e-01 2.000000e-01 2.000000e-01 2.000000e-01 2.000000e-01 2.000000e-01 2.000000e-01 2.000000e-01 2.000000e-01 2.000000e-01 2.000000e-01 2.000000e-01 2.000000e-01 2.000000e-01 2.000000e-01 2.000000e-01 2.000000e-01 2.000000e-01 2.000000e-01 2.000000e-01 2.000000e-01 2.000000e-01 2.000000e-01 2.000000e-01 2.000000e-01 2.000000e-01 2.000000e-01 2.000000e-01 2.000000e-01 2.000000e-01 2.000000e-01 2.000000e-01 2.000000e-01 2.000000e-01 2.000000e-01 2.000000e-01 2.000000e-01 2.000000e-01 2.000000e-01 2.000000e-01 2.000000e-01 2.000000e-01 2.000000e-01 2.000000e-01 2.000000e-01 2.000000e-01 2.000000e-01 2.000000e-01 2.000000e-01 2.000000e-01 2.000000e-01 2.000000e-01 2.000000e-01
<GCONST> 3.243863e+01
<TRANSP> 4
 0.000000e+00 1.000000e+00 0.000000e+00 0.000000e+00
 0.000000e+00 8.616390e-01 1.383611e-01 0.000000e+00
 0.000000e+00 0.000000e+00 8.660387e-01 1.339614e-01
 0.000000e+00 0.000000e+00 0.000000e+00 0.000000e+00
<ENDHMM>
