~o
<STREAMINFO> 1 142
<VECSIZE> 142<NULLD><USER><DIAGC>
~h "invention"
<BEGINHMM>
<NUMSTATES> 4
<STATE> 2
<MEAN> 142
 8.821608e-01 3.627979e-01 4.281823e-01 3.267656e-01 2.393942e-01 3.396272e-01 4.338051e-01 4.206569e-01 3.072632e-01 3.475629e-01 4.482743e-01 4.454966e-01 4.083668e-01 4.590638e-01 2.201120e-01 3.342752e-01 3.866604e-01 4.034267e-01 3.589559e-01 4.433405e-01 5.062935e-01 5.152313e-01 4.419297e-01 4.468893e-01 4.565762e-01 4.036250e-01 4.368984e-01 3.761743e-01 3.864430e-01 2.929070e-01 4.640588e-01 4.882841e-01 4.982814e-01 4.028613e-01 4.274890e-01 3.708065e-01 2.341951e-01 2.849837e-01 2.977326e-01 2.353482e-01 2.980160e-01 4.117136e-01 3.072808e-01 4.550318e-01 2.421441e-01 4.225968e-01 4.349717e-01 3.443266e-01 3.947070e-01 3.777471e-01 4.803642e-01 4.406443e-01 4.245547e-01 2.407040e-01 5.563342e-01 3.525781e-01 4.986950e-01 3.609894e-01 3.973864e-01 2.607205e-01 5.041958e-01 4.831008e-01 3.630574e-01 4.041764e-01 3.598835e-01 4.836777e-01 3.182929e-01 3.592522e-01 4.937756e-01 3.185314e-01 5.078996e-01 5.396982e-01 4.530856e-01 4.294220e-01 4.071044e-01 4.058938e-01 4.790746e-01 4.807175e-01 4.090278e-01 4.435324e-01 3.954257e-01 3.609512e-01 3.714103e-01 5.172930e-01 2.592335e-01 5.340921e-01 3.958888e-01 4.340957e-01 4.321814e-01 3.536602e-01 4.037950e-01 4.006398e-01 3.885699e-01 3.837992e-01 3.903841e-01 4.472423e-01 4.108193e-01 3.225280e-01 3.541149e-01 4.119063e-01 3.564002e-01 5.197167e-01 3.551391e-01 3.295616e-01 2.949263e-01 2.979635e-01 3.915511e-01 3.468002e-01 4.078532e-01 3.684430e-01 4.522678e-01 4.065766e-01 2.873515e-01 2.769812e-01 3.655898e-01 4.123119e-01 4.333698e-01 3.942003e-01 4.154088e-01 4.508563e-01 4.301323e-01 5.637463e-01 5.253618e-01 4.568928e-01 4.554129e-01 4.375907e-01 4.157573e-01 3.564388e-01 3.395337e-01 4.565302e-01 3.781143e-01 3.982376e-01 4.793310e-01 4.280553e-01 3.179604e-01 3.776339e-01 4.937705e-01 3.575664e-01 2.810019e-01 3.452420e-01 4.982739e-01 5.162382e-01
<VARIANCE> 142
 2.000000e-01 2.000000e-01 2.000000e-01 2.000000e-01 2.000000e-01 2.000000e-01 2.000000e-01 2.000000e-01 2.000000e-01 2.000000e-01 2.000000e-01 2.000000e-01 2.000000e-01 2.000000e-01 2.000000e-01 2.000000e-01 2.000000e-01 2.000000e-01 2.000000e-01 2.000000e-01 2.000000e-01 2.000000e-01 2.000000e-01 2.000000e-01 2.000000e-01 2.000000e-01 2.000000e-01 2.000000e-01 2.000000e-01 2.000000e-01 2.000000e-01 2.000000e-01 2.000000e-01 2.000000e-01 2.000000e-01 2.000000e-01 2.000000e-01 2.000000e-01 2.000000e-01 2.000000e-01 2.000000e-01 2.000000e-01 2.000000e-01 2.000000e-01 2.000000e-01 2.000000e-01 2.000000e-01 2.000000e-01 2.000000e-01 2.000000e-01 2.000000e-01 2.000000e-01 2.000000e-01 2.000000e-01 2.000000e-01 2.000000e-01 2.000000e-01 2.000000e-01 2.000000e-01 2.000000e-01 2.000000e-01 2.000000e-01 2.000000e-01 2.000000e-01 2.000000e-01 2.000000e-01 2.000000e-01 2.000000e-01 2.000000e-01 2.000000e-01 2.000000e-01 2.000000e-01 2.000000e-01 2.000000e-01 2.000000e-01 2.000000e-01 2.000000e-01 2.000000e-01 2.000000e-01 2.000000e-01 2.000000e-01 2.000000e-01 2.000000e-01 2.000000e-01 2.000000e-01 2.000000e-01 2.000000e-01 2.000000e-01 2.000000e-01 2.000000e-01 2.000000e-01 2.000000e-01 2.000000e-01 2.000000e-01 2.000000e-01 2.000000e-01 2.000000e-01 2.000000e-01 2.000000e-01 2.000000e-01 2.000000e-01 2.000000e-01 2.000000e-01 2.000000e-01 2.000000e-01 2.000000e-01 2.000000e-01 2.000000e-01 2.000000e-01 2.000000e-01 2.000000e-01 2.000000e-01 2.000000e-01 2.000000e-01 2.000000e-01 2.000000e-01 2.000000e-01 2.000000e-01 2.000000e-01 2.000000e-01 2.000000e-01 2.000000e-01 2.000000e-01 2.000000e-01 2.000000e-01 2.000000e-01 2.000000e-01 2.000000e-01 2.000000e-01 2.000000e-01 2.000000e-01 2.000000e-01 2.000000e-01 2.000000e-01 2.000000e-01 2.000000e-01 2.000000e-01 2.000000e-01 2.000000e-01 2.000000e-01 2.000000e-01 2.000000e-01
<GCONST> 3.243863e+01
<STATE> 3
<MEAN> 142
 5.123878e-01 3.528506e-01 3.415802e-01 3.815225e-01 3.162708e-01 3.122158e-01 3.607452e-01 4.322954e-01 4.533667e-01 4.942992e-01 4.946514e-01 4.596924e-01 4.117651e-01 5.328144e-01 3.872115e-01 4.527889e-01 4.077557e-01 4.219294e-01 3.711035e-01 4.036852e-01 4.937447e-01 5.669780e-01 4.239872e-01 5.006509e-01 5.245541e-01 4.437216e-01 4.456397e-01 3.107953e-01 4.938929e-01 4.239026e-01 4.842831e-01 4.502573e-01 2.650448e-01 6.312935e-01 4.225146e-01 4.692168e-01 3.835418e-01 4.413498e-01 4.795328e-01 3.841422e-01 4.459566e-01 5.107940e-01 3.788837e-01 4.281702e-01 1.761216e-01 3.609834e-01 4.858981e-01 5.177014e-01 4.789227e-01 3.986560e-01 5.199157e-01 5.021834e-01 4.895152e-01 3.252173e-01 3.901033e-01 3.998520e-01 5.335653e-01 3.762598e-01 4.404905e-01 3.405727e-01 4.283575e-01 4.028297e-01 4.174835e-01 4.145938e-01 4.030956e-01 4.153515e-01 5.125681e-01 4.473285e-01 3.350694e-01 4.797594e-01 4.318266e-01 4.107610e-01 4.110196e-01 4.456150e-01 2.848848e-01 3.718736e-01 3.496310e-01 4.026983e-01 5.515180e-01 5.180264e-01 4.590523e-01 4.388399e-01 4.686637e-01 4.579781e-01 2.808650e-01 3.187176e-01 4.472715e-01 4.762441e-01 4.987075e-01 3.187957e-01 4.388461e-01 2.763829e-01 3.787870e-01 3.990699e-01 3.792823e-01 4.513296e-01 4.318852e-01 3.678809e-01 5.806653e-01 4.807823e-01 4.531627e-01 5.095567e-01 4.517632e-01 4.569148e-01 4.040063e-01 3.830482e-01 4.297878e-01 4.790541e-01 4.524951e-01 3.948961e-01 4.518044e-01 3.924979e-01 2.979131e-01 3.922763e-01 3.209772e-01 3.915822e-01 4.259681e-01 4.446518e-01 4.129424e-01 5.158854e-01 4.893268e-01 4.331258e-01 4.667464e-01 2.806715e-01 5.092756e-01 3.714789e-01 3.696916e-01 4.680321e-01 4.042335e-01 4.476893e-01 4.284369e-01 4.139878e-01 3.432643e-01 5.065866e-01 4.305348e-01 4.711128e-01 3.790853e-01 4.584562e-01 4.334319e-01 4.348183e-01 4.803767e-01 3.730373e-01
<VARIANCE> 142
 2.000000e-01 2.000000e-01 2.000000e-01 2.000000e-01 2.000000e-01 2.000000e-01 2.000000e-01 2.000000e-01 2.000000e-01 2.000000e-01 2.000000e-01 2.000000e-01 2.000000e-01 2.000000e-01 2.000000e-01 2.000000e-01 2.000000e-01 2.000000e-01 2.000000e-01 2.000000e-01 2.000000e-01 2.000000e-01 2.000000e-01 2.000000e-01 2.000000e-01 2.000000e-01 2.000000e-01 2.000000e-01 2.000000e-01 2.000000e-01 2.000000e-01 2.000000e-01 2.000000e-01 2.000000e-01 2.000000e-01 2.000000e-01 2.000000e-01 2.000000e-01 2.000000e-01 2.000000e-01 2.000000e-01 2.000000e-01 2.000000e-01 2.000000e-01 2.000000e-01 2.000000e-01 2.000000e-01 2.000000e-01 2.000000e-01 2.000000e-01 2.000000e-01 2.000000e-01 2.000000e-01 2.000000e-01 2.000000e-01 2.000000e-01 2.000000e-01 2.000000e-01 2.000000e-01 2.000000e-01 2.000000e-01 2.000000e-01 2.000000e-01 2.000000e-01 2.000000e-01 2.000000e-01 2.000000e-01 2.000000e-01 2.000000e-01 2.000000e-01 2.000000e-01 2.000000e-01 2.000000e-01 2.000000e-01 2.000000e-01 2.000000e-01 2.000000e-01 2.000000e-01 2.000000e-01 2.000000e-01 2.000000e-01 2.000000e-01 2.000000e-01 2.000000e-01 2.000000e-01 2.000000e-01 2.000000e-01 2.000000e-01 2.000000e-01 2.000000e-01 2.000000e-01 2.000000e-01 2.000000e-01 2.000000e-01 2.000000e-01 2.000000e-01 2.000000e-01 2.000000e-01 2.000000e-01 2.000000e-01 2.000000e-01 2.000000e-01 2.000000e-01 2.000000e-01 2.000000e-01 2.000000e-01 2.000000e-01 2.000000e-01 2.000000e-01 2.000000e-01 2.000000e-01 2.000000e-01 2.000000e-01 2.000000e-01 2.000000e-01 2.000000e-01 2.000000e-01 2.000000e-01 2.000000e-01 2.000000e-01 2.000000e-01 2.000000e-01 2.000000e-01 2.000000e-01 2.000000e-01 2.000000e-01 2.000000e-01 2.000000e-01 2.000000e-01 2.000000e-01 2.000000e-01 2.000000e-01 2.000000e-01 2.000000e-01 2.000000e-01 2.000000e-01 2.000000e-01 2.000000e-01 2.000000e-01 2.000000e-01 2.000000e-01 2.000000e-01
<GCONST> 3.243863e+01
<TRANSP> 4
 0.000000e+00 1.000000e+00 0.000000e+00 0.000000e+00
 0.000000e+00 9.020153e-01 9.798475e-02 0.000000e+00
 0.000000e+00 0.000000e+00 8.065512e-01 1.934488e-01
 0.000000e+00 0.000000e+00 0.000000e+00 0.000000e+00
<ENDHMM>
