~o
<STREAMINFO> 1 142
<VECSIZE> 142<NULLD><USER><DIAGC>
~h "invite"
<BEGINHMM>
<NUMSTATES> 4
<STATE> 2
<MEAN> 142
 5.111772e-01 2.463163e-01 3.680680e-01 3.011890e-01 2.955596e-01 3.772424e-01 3.529294e-01 3.513818e-01 4.116266e-01 4.599145e-01 4.818947e-01 3.899792e-01 4.281134e-01 4.977522e-01 3.757371e-01 3.480581e-01 3.999237e-01 3.617373e-01 3.815428e-01 4.730166e-01 5.336336e-01 5.336511e-01 4.464170e-01 4.750727e-01 5.408131e-01 4.405358e-01 3.748435e-01 3.136171e-01 4.455738e-01 4.243189e-01 5.063796e-01 4.027911e-01 2.972001e-01 5.234828e-01 4.574483e-01 3.926662e-01 3.676629e-01 4.461160e-01 4.106789e-01 4.209663e-01 4.529487e-01 4.463329e-01 3.874124e-01 4.208017e-01 1.580536e-01 2.977401e-01 4.229503e-01 4.953375e-01 4.748676e-01 3.692473e-01 5.228708e-01 5.424708e-01 4.904832e-01 3.029743e-01 4.110715e-01 3.426089e-01 4.328919e-01 4.085040e-01 4.212364e-01 3.424096e-01 4.564347e-01 3.889484e-01 3.482239e-01 4.287558e-01 4.137804e-01 3.925670e-01 5.404825e-01 4.482647e-01 4.060304e-01 4.646107e-01 4.927042e-01 4.030027e-01 3.623228e-01 4.239760e-01 3.365749e-01 4.359069e-01 4.059212e-01 3.868216e-01 5.516968e-01 4.770453e-01 4.224959e-01 3.654670e-01 4.283920e-01 4.317549e-01 3.220080e-01 3.284394e-01 3.928448e-01 4.471764e-01 4.872643e-01 3.073371e-01 3.196583e-01 2.945313e-01 3.873859e-01 3.322571e-01 3.617542e-01 4.586138e-01 4.038998e-01 3.462271e-01 5.617905e-01 5.005915e-01 4.479440e-01 4.162416e-01 3.957471e-01 4.311126e-01 3.768880e-01 3.906306e-01 4.066505e-01 4.434963e-01 4.107535e-01 4.010086e-01 4.072053e-01 3.230958e-01 3.430232e-01 3.452388e-01 3.371606e-01 4.468772e-01 3.682179e-01 4.618293e-01 3.781993e-01 4.022268e-01 4.684097e-01 4.287597e-01 4.084151e-01 3.011122e-01 5.033066e-01 3.267584e-01 3.398222e-01 3.904012e-01 3.161674e-01 4.972847e-01 4.183272e-01 3.854594e-01 3.423399e-01 4.820133e-01 4.192850e-01 4.830478e-01 4.060058e-01 4.447341e-01 4.558206e-01 3.776596e-01 4.182146e-01 3.931364e-01
<VARIANCE> 142
 2.000000e-01 2.000000e-01 2.000000e-01 2.000000e-01 2.000000e-01 2.000000e-01 2.000000e-01 2.000000e-01 2.000000e-01 2.000000e-01 2.000000e-01 2.000000e-01 2.000000e-01 2.000000e-01 2.000000e-01 2.000000e-01 2.000000e-01 2.000000e-01 2.000000e-01 2.000000e-01 2.000000e-01 2.000000e-01 2.000000e-01 2.000000e-01 2.000000e-01 2.000000e-01 2.000000e-01 2.000000e-01 2.000000e-01 2.000000e-01 2.000000e-01 2.000000e-01 2.000000e-01 2.000000e-01 2.000000e-01 2.000000e-01 2.000000e-01 2.000000e-01 2.000000e-01 2.000000e-01 2.000000e-01 2.000000e-01 2.000000e-01 2.000000e-01 2.000000e-01 2.000000e-01 2.000000e-01 2.000000e-01 2.000000e-01 2.000000e-01 2.000000e-01 2.000000e-01 2.000000e-01 2.000000e-01 2.000000e-01 2.000000e-01 2.000000e-01 2.000000e-01 2.000000e-01 2.000000e-01 2.000000e-01 2.000000e-01 2.000000e-01 2.000000e-01 2.000000e-01 2.000000e-01 2.000000e-01 2.000000e-01 2.000000e-01 2.000000e-01 2.000000e-01 2.000000e-01 2.000000e-01 2.000000e-01 2.000000e-01 2.000000e-01 2.000000e-01 2.000000e-01 2.000000e-01 2.000000e-01 2.000000e-01 2.000000e-01 2.000000e-01 2.000000e-01 2.000000e-01 2.000000e-01 2.000000e-01 2.000000e-01 2.000000e-01 2.000000e-01 2.000000e-01 2.000000e-01 2.000000e-01 2.000000e-01 2.000000e-01 2.000000e-01 2.000000e-01 2.000000e-01 2.000000e-01 2.000000e-01 2.000000e-01 2.000000e-01 2.000000e-01 2.000000e-01 2.000000e-01 2.000000e-01 2.000000e-01 2.000000e-01 2.000000e-01 2.000000e-01 2.000000e-01 2.000000e-01 2.000000e-01 2.000000e-01 2.000000e-01 2.000000e-01 2.000000e-01 2.000000e-01 2.000000e-01 2.000000e-01 2.000000e-01 2.000000e-01 2.000000e-01 2.000000e-01 2.000000e-01 2.000000e-01 2.000000e-01 2.000000e-01 2.000000e-01 2.000000e-01 2.000000e-01 2.000000e-01 2.000000e-01 2.000000e-01 2.000000e-01 2.000000e-01 2.000000e-01 2.000000e-01 2.000000e-01 2.000000e-01 2.000000e-01 2.000000e-01
<GCONST> 3.243863e+01
<STATE> 3
<MEAN> 142
 8.027854e-01 3.980427e-01 4.188190e-01 3.374996e-01 2.698434e-01 3.866207e-01 4.433317e-01 3.490001e-01 3.201500e-01 3.546290e-01 4.047109e-01 4.920634e-01 4.118824e-01 4.311199e-01 2.386019e-01 3.188426e-01 3.997159e-01 4.203700e-01 3.283100e-01 4.257324e-01 4.704047e-01 4.559306e-01 4.386744e-01 4.313487e-01 4.184494e-01 4.204914e-01 3.969797e-01 4.080798e-01 3.748844e-01 3.747888e-01 4.312180e-01 4.585525e-01 5.357407e-01 4.066707e-01 4.256298e-01 3.585403e-01 2.488887e-01 2.795206e-01 2.760029e-01 3.065420e-01 3.236906e-01 3.916088e-01 3.209652e-01 4.131379e-01 2.708430e-01 4.682947e-01 4.105766e-01 3.434869e-01 3.714816e-01 3.619612e-01 5.022266e-01 4.208183e-01 4.316506e-01 2.828070e-01 5.285482e-01 3.461206e-01 3.888261e-01 3.491887e-01 3.496665e-01 2.708049e-01 5.229101e-01 4.655377e-01 3.734669e-01 4.193525e-01 3.924179e-01 5.212311e-01 3.581888e-01 3.567546e-01 4.574376e-01 3.514454e-01 5.155523e-01 5.499940e-01 4.588194e-01 4.316733e-01 4.289583e-01 4.236423e-01 4.959919e-01 4.565481e-01 4.000022e-01 3.885925e-01 3.954631e-01 3.388360e-01 3.332035e-01 4.502515e-01 3.288354e-01 5.133460e-01 3.881361e-01 4.512150e-01 4.278956e-01 3.886517e-01 4.151510e-01 3.809473e-01 4.465951e-01 3.947625e-01 3.873934e-01 4.811125e-01 4.005155e-01 3.726969e-01 3.569811e-01 4.336082e-01 3.398526e-01 5.002030e-01 3.557110e-01 3.388813e-01 2.786395e-01 2.814530e-01 4.024929e-01 3.282254e-01 3.822077e-01 3.462059e-01 4.238660e-01 4.216212e-01 3.250993e-01 2.932482e-01 3.908716e-01 4.763617e-01 4.046109e-01 3.848435e-01 4.345878e-01 4.222617e-01 3.915688e-01 5.652884e-01 4.586654e-01 4.946053e-01 4.578178e-01 4.566022e-01 4.451471e-01 3.329845e-01 3.644828e-01 4.221354e-01 3.831013e-01 3.922530e-01 4.902025e-01 3.770737e-01 3.135040e-01 3.559423e-01 5.235372e-01 3.658760e-01 3.055514e-01 3.493594e-01 5.099677e-01 5.085476e-01
<VARIANCE> 142
 2.000000e-01 2.000000e-01 2.000000e-01 2.000000e-01 2.000000e-01 2.000000e-01 2.000000e-01 2.000000e-01 2.000000e-01 2.000000e-01 2.000000e-01 2.000000e-01 2.000000e-01 2.000000e-01 2.000000e-01 2.000000e-01 2.000000e-01 2.000000e-01 2.000000e-01 2.000000e-01 2.000000e-01 2.000000e-01 2.000000e-01 2.000000e-01 2.000000e-01 2.000000e-01 2.000000e-01 2.000000e-01 2.000000e-01 2.000000e-01 2.000000e-01 2.000000e-01 2.000000e-01 2.000000e-01 2.000000e-01 2.000000e-01 2.000000e-01 2.000000e-01 2.000000e-01 2.000000e-01 2.000000e-01 2.000000e-01 2.000000e-01 2.000000e-01 2.000000e-01 2.000000e-01 2.000000e-01 2.000000e-01 2.000000e-01 2.000000e-01 2.000000e-01 2.000000e-01 2.000000e-01 2.000000e-01 2.000000e-01 2.000000e-01 2.000000e-01 2.000000e-01 2.000000e-01 2.000000e-01 2.000000e-01 2.000000e-01 2.000000e-01 2.000000e-01 2.000000e-01 2.000000e-01 2.000000e-01 2.000000e-01 2.000000e-01 2.000000e-01 2.000000e-01 2.000000e-01 2.000000e-01 2.000000e-01 2.000000e-01 2.000000e-01 2.000000e-01 2.000000e-01 2.000000e-01 2.000000e-01 2.000000e-01 2.000000e-01 2.000000e-01 2.000000e-01 2.000000e-01 2.000000e-01 2.000000e-01 2.000000e-01 2.000000e-01 2.000000e-01 2.000000e-01 2.000000e-01 2.000000e-01 2.000000e-01 2.000000e-01 2.000000e-01 2.000000e-01 2.000000e-01 2.000000e-01 2.000000e-01 2.000000e-01 2.000000e-01 2.000000e-01 2.000000e-01 2.000000e-01 2.000000e-01 2.000000e-01 2.000000e-01 2.000000e-01 2.000000e-01 2.000000e-01 2.000000e-01 2.000000e-01 2.000000e-01 2.000000e-01 2.000000e-01 2.000000e-01 2.000000e-01 2.000000e-01 2.000000e-01 2.000000e-01 2.000000e-01 2.000000e-01 2.000000e-01 2.000000e-01 2.000000e-01 2.000000e-01 2.000000e-01 2.000000e-01 2.000000e-01 2.000000e-01 2.000000e-01 2.000000e-01 2.000000e-01 2.000000e-01 2.000000e-01 2.000000e-01 2.000000e-01 2.000000e-01 2.000000e-01 2.000000e-01 2.000000e-01
<GCONST> 3.243863e+01
<TRANSP> 4
 0.000000e+00 1.000000e+00 0.000000e+00 0.000000e+00
 0.000000e+00 8.486404e-01 1.513595e-01 0.000000e+00
 0.000000e+00 0.000000e+00 8.669897e-01 1.330103e-01
 0.000000e+00 0.000000e+00 0.000000e+00 0.000000e+00
<ENDHMM>
