~o
<STREAMINFO> 1 142
<VECSIZE> 142<NULLD><USER><DIAGC>
~h "king"
<BEGINHMM>
<NUMSTATES> 4
<STATE> 2
<MEAN> 142
 5.097799e-01 3.214462e-01 3.123149e-01 3.829018e-01 3.026384e-01 2.343503e-01 3.452547e-01 2.791566e-01 3.336886e-01 4.290007e-01 4.237640e-01 4.121425e-01 3.358558e-01 4.647429e-01 3.376471e-01 3.061299e-01 3.842839e-01 3.562017e-01 2.629520e-01 2.887768e-01 4.512683e-01 4.789115e-01 3.481158e-01 4.670239e-01 5.127285e-01 3.450378e-01 4.319866e-01 3.562571e-01 4.436845e-01 3.768198e-01 4.895732e-01 3.317125e-01 2.975128e-01 4.776713e-01 4.349329e-01 3.357384e-01 3.989804e-01 3.373117e-01 4.154224e-01 3.578365e-01 3.360443e-01 4.207767e-01 2.863421e-01 3.019756e-01 1.874035e-01 2.848388e-01 4.461563e-01 4.176475e-01 4.295105e-01 3.552279e-01 4.490502e-01 3.873129e-01 4.210902e-01 2.497614e-01 3.867230e-01 3.972474e-01 4.484455e-01 3.096147e-01 3.522621e-01 3.694592e-01 3.715382e-01 4.220764e-01 3.457301e-01 3.776207e-01 3.150847e-01 3.796839e-01 3.487921e-01 4.037152e-01 3.706175e-01 4.365989e-01 4.277572e-01 3.164929e-01 3.707883e-01 4.246346e-01 2.228251e-01 3.120354e-01 4.222379e-01 4.136319e-01 4.829236e-01 4.216898e-01 4.749694e-01 3.581249e-01 3.766005e-01 4.038722e-01 3.176866e-01 2.880451e-01 3.599907e-01 4.317629e-01 4.718599e-01 3.243723e-01 3.304079e-01 2.457484e-01 3.961500e-01 3.433476e-01 4.282660e-01 4.004652e-01 4.353380e-01 2.817287e-01 5.051214e-01 3.879215e-01 4.636993e-01 4.640888e-01 2.996192e-01 3.263139e-01 3.211174e-01 3.517652e-01 3.289238e-01 3.973384e-01 4.068232e-01 3.799160e-01 3.725376e-01 3.113611e-01 3.489889e-01 3.699423e-01 3.063315e-01 3.110537e-01 3.477394e-01 4.455653e-01 3.723564e-01 4.064616e-01 4.000601e-01 3.953222e-01 4.036372e-01 2.603900e-01 3.611003e-01 3.246611e-01 3.734125e-01 4.045312e-01 3.334352e-01 3.862372e-01 3.899709e-01 4.163520e-01 3.088932e-01 4.235880e-01 3.740392e-01 4.432237e-01 3.829970e-01 4.252617e-01 4.240454e-01 3.713762e-01 4.143909e-01 3.967526e-01
<VARIANCE> 142
 2.000000e-01 2.000000e-01 2.000000e-01 2.000000e-01 2.000000e-01 2.000000e-01 2.000000e-01 2.000000e-01 2.000000e-01 2.000000e-01 2.000000e-01 2.000000e-01 2.000000e-01 2.000000e-01 2.000000e-01 2.000000e-01 2.000000e-01 2.000000e-01 2.000000e-01 2.000000e-01 2.000000e-01 2.000000e-01 2.000000e-01 2.000000e-01 2.000000e-01 2.000000e-01 2.000000e-01 2.000000e-01 2.000000e-01 2.000000e-01 2.000000e-01 2.000000e-01 2.000000e-01 2.000000e-01 2.000000e-01 2.000000e-01 2.000000e-01 2.000000e-01 2.000000e-01 2.000000e-01 2.000000e-01 2.000000e-01 2.000000e-01 2.000000e-01 2.000000e-01 2.000000e-01 2.000000e-01 2.000000e-01 2.000000e-01 2.000000e-01 2.000000e-01 2.000000e-01 2.000000e-01 2.000000e-01 2.000000e-01 2.000000e-01 2.000000e-01 2.000000e-01 2.000000e-01 2.000000e-01 2.000000e-01 2.000000e-01 2.000000e-01 2.000000e-01 2.000000e-01 2.000000e-01 2.000000e-01 2.000000e-01 2.000000e-01 2.000000e-01 2.000000e-01 2.000000e-01 2.000000e-01 2.000000e-01 2.000000e-01 2.000000e-01 2.000000e-01 2.000000e-01 2.000000e-01 2.000000e-01 2.000000e-01 2.000000e-01 2.000000e-01 2.000000e-01 2.000000e-01 2.000000e-01 2.000000e-01 2.000000e-01 2.000000e-01 2.000000e-01 2.000000e-01 2.000000e-01 2.000000e-01 2.000000e-01 2.000000e-01 2.000000e-01 2.000000e-01 2.000000e-01 2.000000e-01 2.000000e-01 2.000000e-01 2.000000e-01 2.000000e-01 2.000000e-01 2.000000e-01 2.000000e-01 2.000000e-01 2.000000e-01 2.000000e-01 2.000000e-01 2.000000e-01 2.000000e-01 2.000000e-01 2.000000e-01 2.000000e-01 2.000000e-01 2.000000e-01 2.000000e-01 2.000000e-01 2.000000e-01 2.000000e-01 2.000000e-01 2.000000e-01 2.000000e-01 2.000000e-01 2.000000e-01 2.000000e-01 2.000000e-01 2.000000e-01 2.000000e-01 2.000000e-01 2.000000e-01 2.000000e-01 2.000000e-01 2.000000e-01 2.000000e-01 2.000000e-01 2.000000e-01 2.000000e-01 2.000000e-01 2.000000e-01 2.000000e-01
<GCONST> 3.243863e+01
<STATE> 3
<MEAN> 142
 8.144892e-01 4.371479e-01 4.065865e-01 3.759406e-01 2.845210e-01 4.062928e-01 4.385501e-01 4.127176e-01 3.313825e-01 3.467152e-01 4.583529e-01 5.038878e-01 4.506769e-01 4.392394e-01 2.624475e-01 3.341809e-01 3.815942e-01 4.461836e-01 3.471987e-01 4.146989e-01 4.869387e-01 4.596148e-01 4.512850e-01 4.256725e-01 4.350053e-01 4.599217e-01 4.369316e-01 4.541029e-01 3.908084e-01 3.935510e-01 4.782685e-01 4.779240e-01 5.211688e-01 3.838717e-01 4.214774e-01 3.892027e-01 2.916573e-01 3.239543e-01 3.073348e-01 3.237257e-01 3.338655e-01 4.002555e-01 3.391474e-01 4.004650e-01 2.654274e-01 4.591641e-01 4.277496e-01 3.733586e-01 3.479569e-01 3.707442e-01 5.122297e-01 4.629777e-01 4.680447e-01 2.976157e-01 5.260141e-01 3.895637e-01 4.682633e-01 3.773591e-01 3.780426e-01 3.124987e-01 5.328873e-01 4.925155e-01 4.100264e-01 4.479586e-01 4.044492e-01 5.671457e-01 3.293462e-01 3.392791e-01 4.580795e-01 3.462219e-01 5.270039e-01 5.445127e-01 3.934444e-01 4.257442e-01 4.030249e-01 4.460352e-01 5.305352e-01 4.760217e-01 4.106118e-01 4.513770e-01 4.282058e-01 3.356070e-01 3.262601e-01 4.592035e-01 3.419776e-01 4.811148e-01 4.033698e-01 4.539903e-01 4.286984e-01 3.939041e-01 4.066181e-01 3.616433e-01 4.456272e-01 3.992757e-01 3.897003e-01 5.162895e-01 4.133750e-01 3.817961e-01 3.628033e-01 4.704430e-01 3.517677e-01 4.916476e-01 3.745330e-01 3.791294e-01 3.172998e-01 2.966319e-01 4.014354e-01 3.533005e-01 4.048395e-01 3.590474e-01 4.480323e-01 4.281984e-01 3.304794e-01 3.120419e-01 4.430858e-01 4.789482e-01 4.074469e-01 3.842257e-01 4.956828e-01 4.374611e-01 3.978257e-01 5.580492e-01 5.137327e-01 5.086591e-01 4.883225e-01 4.924421e-01 4.417697e-01 3.731936e-01 3.880925e-01 4.499371e-01 4.111181e-01 3.637182e-01 5.079570e-01 4.390368e-01 3.242127e-01 3.526185e-01 5.242395e-01 3.811683e-01 3.064574e-01 3.649857e-01 5.249445e-01 4.822404e-01
<VARIANCE> 142
 2.000000e-01 2.000000e-01 2.000000e-01 2.000000e-01 2.000000e-01 2.000000e-01 2.000000e-01 2.000000e-01 2.000000e-01 2.000000e-01 2.000000e-01 2.000000e-01 2.000000e-01 2.000000e-01 2.000000e-01 2.000000e-01 2.000000e-01 2.000000e-01 2.000000e-01 2.000000e-01 2.000000e-01 2.000000e-01 2.000000e-01 2.000000e-01 2.000000e-01 2.000000e-01 2.000000e-01 2.000000e-01 2.000000e-01 2.000000e-01 2.000000e-01 2.000000e-01 2.000000e-01 2.000000e-01 2.000000e-01 2.000000e-01 2.000000e-01 2.000000e-01 2.000000e-01 2.000000e-01 2.000000e-01 2.000000e-01 2.000000e-01 2.000000e-01 2.000000e-01 2.000000e-01 2.000000e-01 2.000000e-01 2.000000e-01 2.000000e-01 2.000000e-01 2.000000e-01 2.000000e-01 2.000000e-01 2.000000e-01 2.000000e-01 2.000000e-01 2.000000e-01 2.000000e-01 2.000000e-01 2.000000e-01 2.000000e-01 2.000000e-01 2.000000e-01 2.000000e-01 2.000000e-01 2.000000e-01 2.000000e-01 2.000000e-01 2.000000e-01 2.000000e-01 2.000000e-01 2.000000e-01 2.000000e-01 2.000000e-01 2.000000e-01 2.000000e-01 2.000000e-01 2.000000e-01 2.000000e-01 2.000000e-01 2.000000e-01 2.000000e-01 2.000000e-01 2.000000e-01 2.000000e-01 2.000000e-01 2.000000e-01 2.000000e-01 2.000000e-01 2.000000e-01 2.000000e-01 2.000000e-01 2.000000e-01 2.000000e-01 2.000000e-01 2.000000e-01 2.000000e-01 2.000000e-01 2.000000e-01 2.000000e-01 2.000000e-01 2.000000e-01 2.000000e-01 2.000000e-01 2.000000e-01 2.000000e-01 2.000000e-01 2.000000e-01 2.000000e-01 2.000000e-01 2.000000e-01 2.000000e-01 2.000000e-01 2.000000e-01 2.000000e-01 2.000000e-01 2.000000e-01 2.000000e-01 2.000000e-01 2.000000e-01 2.000000e-01 2.000000e-01 2.000000e-01 2.000000e-01 2.000000e-01 2.000000e-01 2.000000e-01 2.000000e-01 2.000000e-01 2.000000e-01 2.000000e-01 2.000000e-01 2.000000e-01 2.000000e-01 2.000000e-01 2.000000e-01 2.000000e-01 2.000000e-01 2.000000e-01 2.000000e-01 2.000000e-01
<GCONST> 3.243863e+01
<TRANSP> 4
 0.000000e+00 1.000000e+00 0.000000e+00 0.000000e+00
 0.000000e+00 8.866472e-01 1.133528e-01 0.000000e+00
 0.000000e+00 0.000000e+00 8.359219e-01 1.640781e-01
 0.000000e+00 0.000000e+00 0.000000e+00 0.000000e+00
<ENDHMM>
