~o
<STREAMINFO> 1 142
<VECSIZE> 142<NULLD><USER><DIAGC>
~h "language"
<BEGINHMM>
<NUMSTATES> 4
<STATE> 2
<MEAN> 142
 5.405815e-01 3.052537e-01 4.345698e-01 3.216566e-01 2.909709e-01 3.372249e-01 3.465096e-01 3.322048e-01 4.328868e-01 4.579525e-01 6.798046e-01 4.773940e-01 4.286167e-01 6.932721e-01 3.326209e-01 3.353608e-01 3.482766e-01 3.271641e-01 4.162161e-01 4.499651e-01 6.136758e-01 5.869078e-01 4.442217e-01 5.074949e-01 5.560143e-01 3.936268e-01 4.861920e-01 2.688907e-01 4.652199e-01 4.499583e-01 5.405321e-01 3.842419e-01 2.495785e-01 5.186963e-01 4.414859e-01 2.227765e-01 4.546594e-01 4.015332e-01 4.315574e-01 3.308408e-01 3.251454e-01 3.794544e-01 3.558726e-01 3.595544e-01 1.546978e-01 2.791476e-01 5.422400e-01 4.036760e-01 4.632714e-01 4.116394e-01 5.126444e-01 5.002507e-01 5.097390e-01 2.908138e-01 3.665552e-01 4.261642e-01 6.287862e-01 4.135844e-01 3.707595e-01 4.389349e-01 3.891441e-01 3.563718e-01 3.698086e-01 4.010178e-01 2.977048e-01 3.826052e-01 3.537688e-01 4.558122e-01 3.778924e-01 3.987889e-01 4.917726e-01 3.337303e-01 3.876356e-01 5.449405e-01 3.443498e-01 3.537396e-01 3.766069e-01 4.177977e-01 5.585994e-01 5.111312e-01 4.286858e-01 3.657847e-01 3.645779e-01 4.834209e-01 3.004189e-01 3.003949e-01 3.487747e-01 4.885167e-01 4.810303e-01 2.628261e-01 3.826952e-01 2.287333e-01 3.691843e-01 3.495623e-01 4.108098e-01 4.424804e-01 3.472739e-01 3.079054e-01 4.165826e-01 4.711118e-01 4.786170e-01 5.217355e-01 4.349360e-01 3.529418e-01 4.031767e-01 4.055595e-01 3.757440e-01 4.698446e-01 4.539885e-01 4.104820e-01 4.415478e-01 3.966970e-01 2.719330e-01 3.313724e-01 3.726451e-01 3.864432e-01 4.172673e-01 4.742959e-01 3.534195e-01 5.042452e-01 4.520137e-01 4.720775e-01 4.666011e-01 1.898126e-01 4.314439e-01 3.576974e-01 3.760573e-01 3.278843e-01 2.816533e-01 5.406152e-01 3.395495e-01 3.643692e-01 2.909038e-01 5.108628e-01 2.889526e-01 4.119388e-01 3.703568e-01 3.264322e-01 2.757615e-01 4.302243e-01 4.222238e-01 4.575961e-01
<VARIANCE> 142
 2.000000e-01 2.000000e-01 2.000000e-01 2.000000e-01 2.000000e-01 2.000000e-01 2.000000e-01 2.000000e-01 2.000000e-01 2.000000e-01 2.000000e-01 2.000000e-01 2.000000e-01 2.000000e-01 2.000000e-01 2.000000e-01 2.000000e-01 2.000000e-01 2.000000e-01 2.000000e-01 2.000000e-01 2.000000e-01 2.000000e-01 2.000000e-01 2.000000e-01 2.000000e-01 2.000000e-01 2.000000e-01 2.000000e-01 2.000000e-01 2.000000e-01 2.000000e-01 2.000000e-01 2.000000e-01 2.000000e-01 2.000000e-01 2.000000e-01 2.000000e-01 2.000000e-01 2.000000e-01 2.000000e-01 2.000000e-01 2.000000e-01 2.000000e-01 2.000000e-01 2.000000e-01 2.000000e-01 2.000000e-01 2.000000e-01 2.000000e-01 2.000000e-01 2.000000e-01 2.000000e-01 2.000000e-01 2.000000e-01 2.000000e-01 2.000000e-01 2.000000e-01 2.000000e-01 2.000000e-01 2.000000e-01 2.000000e-01 2.000000e-01 2.000000e-01 2.000000e-01 2.000000e-01 2.000000e-01 2.000000e-01 2.000000e-01 2.000000e-01 2.000000e-01 2.000000e-01 2.000000e-01 2.000000e-01 2.000000e-01 2.000000e-01 2.000000e-01 2.000000e-01 2.000000e-01 2.000000e-01 2.000000e-01 2.000000e-01 2.000000e-01 2.000000e-01 2.000000e-01 2.000000e-01 2.000000e-01 2.000000e-01 2.000000e-01 2.000000e-01 2.000000e-01 2.000000e-01 2.000000e-01 2.000000e-01 2.000000e-01 2.000000e-01 2.000000e-01 2.000000e-01 2.000000e-01 2.000000e-01 2.000000e-01 2.000000e-01 2.000000e-01 2.000000e-01 2.000000e-01 2.000000e-01 2.000000e-01 2.000000e-01 2.000000e-01 2.000000e-01 2.000000e-01 2.000000e-01 2.000000e-01 2.000000e-01 2.000000e-01 2.000000e-01 2.000000e-01 2.000000e-01 2.000000e-01 2.000000e-01 2.000000e-01 2.000000e-01 2.000000e-01 2.000000e-01 2.000000e-01 2.000000e-01 2.000000e-01 2.000000e-01 2.000000e-01 2.000000e-01 2.000000e-01 2.000000e-01 2.000000e-01 2.000000e-01 2.000000e-01 2.000000e-01 2.000000e-01 2.000000e-01 2.000000e-01 2.000000e-01 2.000000e-01 2.000000e-01
<GCONST> 3.243863e+01
<STATE> 3
<MEAN> 142
 5.475659e-01 3.857539e-01 3.032705e-01 3.357854e-01 3.266747e-01 2.726933e-01 3.298952e-01 3.066481e-01 3.632560e-01 3.694371e-01 4.026265e-01 4.103542e-01 3.697263e-01 4.561793e-01 3.395608e-01 3.224370e-01 4.047177e-01 4.590360e-01 2.539420e-01 3.278687e-01 4.232599e-01 4.253721e-01 3.384003e-01 4.370337e-01 4.588968e-01 3.584007e-01 3.734139e-01 3.806912e-01 4.427783e-01 3.404170e-01 4.285675e-01 4.325671e-01 3.638685e-01 4.831755e-01 4.156177e-01 3.516348e-01 3.201814e-01 3.420324e-01 4.075769e-01 3.282295e-01 3.975481e-01 5.021676e-01 3.018244e-01 2.895274e-01 2.253739e-01 3.950241e-01 3.841873e-01 3.957856e-01 3.839427e-01 2.988073e-01 4.923862e-01 3.717528e-01 3.938890e-01 2.908246e-01 3.793197e-01 3.806469e-01 3.657672e-01 2.852277e-01 2.854329e-01 3.180054e-01 4.217035e-01 4.256510e-01 4.170163e-01 3.770397e-01 4.186202e-01 4.013782e-01 3.324056e-01 3.414511e-01 3.888485e-01 3.900792e-01 4.712049e-01 3.626460e-01 3.864086e-01 3.846125e-01 3.075647e-01 3.308821e-01 4.455394e-01 3.877996e-01 4.181744e-01 4.241863e-01 4.867946e-01 3.746892e-01 3.795756e-01 3.848014e-01 3.180710e-01 3.807952e-01 3.815843e-01 4.414305e-01 4.814553e-01 3.216653e-01 3.295946e-01 2.827461e-01 4.452244e-01 3.312125e-01 3.882483e-01 4.637014e-01 4.469194e-01 3.898362e-01 4.411265e-01 3.955076e-01 3.975240e-01 4.235486e-01 3.284998e-01 3.897407e-01 2.762235e-01 2.369687e-01 3.363881e-01 3.433550e-01 3.689022e-01 3.270350e-01 3.377239e-01 3.229632e-01 3.301609e-01 3.039338e-01 3.196320e-01 3.826044e-01 3.635369e-01 4.138480e-01 4.295969e-01 3.487667e-01 4.099854e-01 4.539963e-01 3.978858e-01 3.352570e-01 3.299659e-01 3.855096e-01 3.969081e-01 4.386566e-01 3.631983e-01 3.510520e-01 4.042313e-01 4.274415e-01 3.988523e-01 3.940341e-01 3.802500e-01 4.116881e-01 4.274469e-01 4.519275e-01 4.038047e-01 3.758554e-01 4.032055e-01 4.188323e-01
<VARIANCE> 142
 2.000000e-01 2.000000e-01 2.000000e-01 2.000000e-01 2.000000e-01 2.000000e-01 2.000000e-01 2.000000e-01 2.000000e-01 2.000000e-01 2.000000e-01 2.000000e-01 2.000000e-01 2.000000e-01 2.000000e-01 2.000000e-01 2.000000e-01 2.000000e-01 2.000000e-01 2.000000e-01 2.000000e-01 2.000000e-01 2.000000e-01 2.000000e-01 2.000000e-01 2.000000e-01 2.000000e-01 2.000000e-01 2.000000e-01 2.000000e-01 2.000000e-01 2.000000e-01 2.000000e-01 2.000000e-01 2.000000e-01 2.000000e-01 2.000000e-01 2.000000e-01 2.000000e-01 2.000000e-01 2.000000e-01 2.000000e-01 2.000000e-01 2.000000e-01 2.000000e-01 2.000000e-01 2.000000e-01 2.000000e-01 2.000000e-01 2.000000e-01 2.000000e-01 2.000000e-01 2.000000e-01 2.000000e-01 2.000000e-01 2.000000e-01 2.000000e-01 2.000000e-01 2.000000e-01 2.000000e-01 2.000000e-01 2.000000e-01 2.000000e-01 2.000000e-01 2.000000e-01 2.000000e-01 2.000000e-01 2.000000e-01 2.000000e-01 2.000000e-01 2.000000e-01 2.000000e-01 2.000000e-01 2.000000e-01 2.000000e-01 2.000000e-01 2.000000e-01 2.000000e-01 2.000000e-01 2.000000e-01 2.000000e-01 2.000000e-01 2.000000e-01 2.000000e-01 2.000000e-01 2.000000e-01 2.000000e-01 2.000000e-01 2.000000e-01 2.000000e-01 2.000000e-01 2.000000e-01 2.000000e-01 2.000000e-01 2.000000e-01 2.000000e-01 2.000000e-01 2.000000e-01 2.000000e-01 2.000000e-01 2.000000e-01 2.000000e-01 2.000000e-01 2.000000e-01 2.000000e-01 2.000000e-01 2.000000e-01 2.000000e-01 2.000000e-01 2.000000e-01 2.000000e-01 2.000000e-01 2.000000e-01 2.000000e-01 2.000000e-01 2.000000e-01 2.000000e-01 2.000000e-01 2.000000e-01 2.000000e-01 2.000000e-01 2.000000e-01 2.000000e-01 2.000000e-01 2.000000e-01 2.000000e-01 2.000000e-01 2.000000e-01 2.000000e-01 2.000000e-01 2.000000e-01 2.000000e-01 2.000000e-01 2.000000e-01 2.000000e-01 2.000000e-01 2.000000e-01 2.000000e-01 2.000000e-01 2.000000e-01 2.000000e-01 2.000000e-01
<GCONST> 3.243863e+01
<TRANSP> 4
 0.000000e+00 1.000000e+00 0.000000e+00 0.000000e+00
 0.000000e+00 7.961541e-01 2.038459e-01 0.000000e+00
 0.000000e+00 0.000000e+00 8.909637e-01 1.090363e-01
 0.000000e+00 0.000000e+00 0.000000e+00 0.000000e+00
<ENDHMM>
