~o
<STREAMINFO> 1 142
<VECSIZE> 142<NULLD><USER><DIAGC>
~h "lie"
<BEGINHMM>
<NUMSTATES> 4
<STATE> 2
<MEAN> 142
 5.837241e-01 2.646342e-01 3.313154e-01 3.421885e-01 2.534506e-01 3.464207e-01 3.414497e-01 3.627136e-01 3.978225e-01 4.045244e-01 5.640935e-01 4.272758e-01 4.357463e-01 5.226068e-01 3.030289e-01 3.645149e-01 3.556759e-01 3.480665e-01 4.042354e-01 4.664826e-01 5.378905e-01 5.016115e-01 4.911131e-01 4.478548e-01 4.938877e-01 4.171990e-01 4.587527e-01 2.878328e-01 4.520597e-01 3.915993e-01 5.108846e-01 3.845587e-01 2.775050e-01 5.441208e-01 3.990812e-01 3.167593e-01 3.558318e-01 4.334445e-01 3.686524e-01 3.330721e-01 3.381231e-01 4.096349e-01 3.129424e-01 3.830576e-01 1.775664e-01 2.570055e-01 4.435037e-01 4.439942e-01 4.162440e-01 3.860401e-01 5.053384e-01 5.026730e-01 4.476650e-01 2.651583e-01 3.181101e-01 3.426833e-01 4.931341e-01 4.257629e-01 3.774790e-01 3.823419e-01 3.854716e-01 3.992868e-01 3.774965e-01 4.334582e-01 3.339504e-01 3.702758e-01 4.745090e-01 4.160329e-01 3.891607e-01 4.014515e-01 4.192621e-01 3.443221e-01 3.609984e-01 3.995518e-01 4.100876e-01 3.659265e-01 3.684745e-01 2.905860e-01 5.473502e-01 4.729618e-01 4.140242e-01 3.470786e-01 3.840826e-01 4.299608e-01 3.315990e-01 3.121589e-01 3.712737e-01 4.045113e-01 4.745611e-01 3.307867e-01 3.216508e-01 3.213813e-01 3.471161e-01 3.294056e-01 3.613524e-01 4.033948e-01 3.649555e-01 3.518665e-01 3.905678e-01 4.609445e-01 4.124255e-01 4.598710e-01 3.197171e-01 3.169188e-01 3.468177e-01 4.092939e-01 4.197712e-01 4.147347e-01 3.907346e-01 4.114294e-01 3.646689e-01 3.432544e-01 2.358171e-01 3.304011e-01 3.050219e-01 3.294610e-01 3.828195e-01 4.023407e-01 3.682705e-01 4.812854e-01 4.075338e-01 3.786662e-01 3.971179e-01 2.563702e-01 4.613602e-01 3.671364e-01 2.992301e-01 3.515841e-01 3.515511e-01 4.638728e-01 3.664978e-01 3.453216e-01 3.370793e-01 4.426920e-01 3.108937e-01 3.903455e-01 3.878345e-01 4.082437e-01 3.414177e-01 3.570074e-01 3.835330e-01 4.360980e-01
<VARIANCE> 142
 2.000000e-01 2.000000e-01 2.000000e-01 2.000000e-01 2.000000e-01 2.000000e-01 2.000000e-01 2.000000e-01 2.000000e-01 2.000000e-01 2.000000e-01 2.000000e-01 2.000000e-01 2.000000e-01 2.000000e-01 2.000000e-01 2.000000e-01 2.000000e-01 2.000000e-01 2.000000e-01 2.000000e-01 2.000000e-01 2.000000e-01 2.000000e-01 2.000000e-01 2.000000e-01 2.000000e-01 2.000000e-01 2.000000e-01 2.000000e-01 2.000000e-01 2.000000e-01 2.000000e-01 2.000000e-01 2.000000e-01 2.000000e-01 2.000000e-01 2.000000e-01 2.000000e-01 2.000000e-01 2.000000e-01 2.000000e-01 2.000000e-01 2.000000e-01 2.000000e-01 2.000000e-01 2.000000e-01 2.000000e-01 2.000000e-01 2.000000e-01 2.000000e-01 2.000000e-01 2.000000e-01 2.000000e-01 2.000000e-01 2.000000e-01 2.000000e-01 2.000000e-01 2.000000e-01 2.000000e-01 2.000000e-01 2.000000e-01 2.000000e-01 2.000000e-01 2.000000e-01 2.000000e-01 2.000000e-01 2.000000e-01 2.000000e-01 2.000000e-01 2.000000e-01 2.000000e-01 2.000000e-01 2.000000e-01 2.000000e-01 2.000000e-01 2.000000e-01 2.000000e-01 2.000000e-01 2.000000e-01 2.000000e-01 2.000000e-01 2.000000e-01 2.000000e-01 2.000000e-01 2.000000e-01 2.000000e-01 2.000000e-01 2.000000e-01 2.000000e-01 2.000000e-01 2.000000e-01 2.000000e-01 2.000000e-01 2.000000e-01 2.000000e-01 2.000000e-01 2.000000e-01 2.000000e-01 2.000000e-01 2.000000e-01 2.000000e-01 2.000000e-01 2.000000e-01 2.000000e-01 2.000000e-01 2.000000e-01 2.000000e-01 2.000000e-01 2.000000e-01 2.000000e-01 2.000000e-01 2.000000e-01 2.000000e-01 2.000000e-01 2.000000e-01 2.000000e-01 2.000000e-01 2.000000e-01 2.000000e-01 2.000000e-01 2.000000e-01 2.000000e-01 2.000000e-01 2.000000e-01 2.000000e-01 2.000000e-01 2.000000e-01 2.000000e-01 2.000000e-01 2.000000e-01 2.000000e-01 2.000000e-01 2.000000e-01 2.000000e-01 2.000000e-01 2.000000e-01 2.000000e-01 2.000000e-01 2.000000e-01 2.000000e-01 2.000000e-01
<GCONST> 3.243863e+01
<STATE> 3
<MEAN> 142
 7.755064e-01 3.781540e-01 4.246900e-01 3.836425e-01 3.128314e-01 3.262009e-01 4.441780e-01 3.498113e-01 3.156024e-01 3.383941e-01 4.236200e-01 4.473555e-01 3.956457e-01 4.578451e-01 2.644606e-01 3.668203e-01 3.472331e-01 3.783503e-01 3.255621e-01 3.877772e-01 4.770885e-01 4.823747e-01 3.900560e-01 4.295579e-01 4.462554e-01 3.771960e-01 4.161048e-01 3.906269e-01 3.573327e-01 3.639006e-01 4.461257e-01 4.609066e-01 5.614111e-01 3.551825e-01 4.268557e-01 3.705557e-01 3.246137e-01 2.381105e-01 2.915735e-01 3.004873e-01 2.764031e-01 4.010721e-01 2.845394e-01 3.462929e-01 2.652248e-01 4.555793e-01 4.608535e-01 3.494290e-01 4.197306e-01 3.370849e-01 5.171566e-01 3.643194e-01 3.627964e-01 2.626873e-01 5.473459e-01 3.268701e-01 4.071670e-01 3.663634e-01 3.510231e-01 3.175222e-01 4.822725e-01 4.705151e-01 3.621542e-01 3.899533e-01 3.559617e-01 4.813341e-01 2.967471e-01 4.011364e-01 4.989430e-01 2.775871e-01 4.663626e-01 4.756582e-01 4.489166e-01 4.101184e-01 3.820702e-01 3.813125e-01 5.226713e-01 5.166302e-01 4.149218e-01 4.179318e-01 4.200490e-01 3.873785e-01 2.863164e-01 4.634457e-01 3.344620e-01 5.260491e-01 4.108801e-01 4.369508e-01 4.226172e-01 3.948583e-01 3.699995e-01 3.753508e-01 4.387682e-01 3.703464e-01 4.307990e-01 4.629821e-01 4.233381e-01 2.790888e-01 3.716059e-01 4.008280e-01 3.337709e-01 4.775218e-01 3.837714e-01 3.163533e-01 3.457773e-01 2.739633e-01 3.793169e-01 3.129147e-01 4.013061e-01 3.677878e-01 3.975988e-01 3.998023e-01 3.835318e-01 3.187487e-01 3.420204e-01 3.982111e-01 3.474401e-01 4.154463e-01 4.475213e-01 4.446721e-01 4.186887e-01 5.395597e-01 4.943000e-01 4.249426e-01 4.360148e-01 4.404818e-01 3.794896e-01 3.033477e-01 3.270298e-01 3.867074e-01 4.245479e-01 4.019091e-01 4.667667e-01 3.670032e-01 3.753715e-01 4.057507e-01 4.835279e-01 3.676520e-01 3.635693e-01 3.460735e-01 5.000106e-01 5.395618e-01
<VARIANCE> 142
 2.000000e-01 2.000000e-01 2.000000e-01 2.000000e-01 2.000000e-01 2.000000e-01 2.000000e-01 2.000000e-01 2.000000e-01 2.000000e-01 2.000000e-01 2.000000e-01 2.000000e-01 2.000000e-01 2.000000e-01 2.000000e-01 2.000000e-01 2.000000e-01 2.000000e-01 2.000000e-01 2.000000e-01 2.000000e-01 2.000000e-01 2.000000e-01 2.000000e-01 2.000000e-01 2.000000e-01 2.000000e-01 2.000000e-01 2.000000e-01 2.000000e-01 2.000000e-01 2.000000e-01 2.000000e-01 2.000000e-01 2.000000e-01 2.000000e-01 2.000000e-01 2.000000e-01 2.000000e-01 2.000000e-01 2.000000e-01 2.000000e-01 2.000000e-01 2.000000e-01 2.000000e-01 2.000000e-01 2.000000e-01 2.000000e-01 2.000000e-01 2.000000e-01 2.000000e-01 2.000000e-01 2.000000e-01 2.000000e-01 2.000000e-01 2.000000e-01 2.000000e-01 2.000000e-01 2.000000e-01 2.000000e-01 2.000000e-01 2.000000e-01 2.000000e-01 2.000000e-01 2.000000e-01 2.000000e-01 2.000000e-01 2.000000e-01 2.000000e-01 2.000000e-01 2.000000e-01 2.000000e-01 2.000000e-01 2.000000e-01 2.000000e-01 2.000000e-01 2.000000e-01 2.000000e-01 2.000000e-01 2.000000e-01 2.000000e-01 2.000000e-01 2.000000e-01 2.000000e-01 2.000000e-01 2.000000e-01 2.000000e-01 2.000000e-01 2.000000e-01 2.000000e-01 2.000000e-01 2.000000e-01 2.000000e-01 2.000000e-01 2.000000e-01 2.000000e-01 2.000000e-01 2.000000e-01 2.000000e-01 2.000000e-01 2.000000e-01 2.000000e-01 2.000000e-01 2.000000e-01 2.000000e-01 2.000000e-01 2.000000e-01 2.000000e-01 2.000000e-01 2.000000e-01 2.000000e-01 2.000000e-01 2.000000e-01 2.000000e-01 2.000000e-01 2.000000e-01 2.000000e-01 2.000000e-01 2.000000e-01 2.000000e-01 2.000000e-01 2.000000e-01 2.000000e-01 2.000000e-01 2.000000e-01 2.000000e-01 2.000000e-01 2.000000e-01 2.000000e-01 2.000000e-01 2.000000e-01 2.000000e-01 2.000000e-01 2.000000e-01 2.000000e-01 2.000000e-01 2.000000e-01 2.000000e-01 2.000000e-01 2.000000e-01 2.000000e-01
<GCONST> 3.243863e+01
<TRANSP> 4
 0.000000e+00 1.000000e+00 0.000000e+00 0.000000e+00
 0.000000e+00 8.259627e-01 1.740374e-01 0.000000e+00
 0.000000e+00 0.000000e+00 8.863580e-01 1.136420e-01
 0.000000e+00 0.000000e+00 0.000000e+00 0.000000e+00
<ENDHMM>
