~o
<STREAMINFO> 1 142
<VECSIZE> 142<NULLD><USER><DIAGC>
~h "look_at"
<BEGINHMM>
<NUMSTATES> 4
<STATE> 2
<MEAN> 142
 6.959633e-01 3.402389e-01 4.060611e-01 3.772255e-01 3.204639e-01 3.817120e-01 4.371189e-01 3.680587e-01 3.488472e-01 3.900471e-01 4.724479e-01 4.124861e-01 4.288087e-01 4.669152e-01 3.087873e-01 3.655702e-01 3.833858e-01 3.551003e-01 3.461256e-01 4.404008e-01 4.776333e-01 5.057185e-01 4.264812e-01 4.473508e-01 4.460196e-01 4.103364e-01 4.308335e-01 4.434199e-01 3.815361e-01 3.454435e-01 4.784747e-01 4.232018e-01 4.896924e-01 4.231585e-01 4.507900e-01 3.623647e-01 3.485812e-01 3.465954e-01 2.974679e-01 3.926629e-01 3.542598e-01 4.138291e-01 3.068661e-01 3.441149e-01 3.369633e-01 4.043879e-01 4.433926e-01 3.891277e-01 4.221675e-01 3.904592e-01 4.607815e-01 4.046612e-01 3.901789e-01 2.751646e-01 5.242690e-01 3.631679e-01 4.335304e-01 3.705124e-01 4.051637e-01 4.129311e-01 5.004515e-01 4.611718e-01 3.623349e-01 3.947763e-01 3.676937e-01 4.622677e-01 3.801592e-01 4.212344e-01 4.991033e-01 3.766423e-01 4.606731e-01 4.873052e-01 3.878392e-01 4.282458e-01 4.102717e-01 4.161649e-01 5.003597e-01 4.041410e-01 4.254226e-01 4.222091e-01 4.262106e-01 3.452064e-01 3.808114e-01 4.835503e-01 3.662918e-01 4.985618e-01 3.917363e-01 4.387199e-01 4.988553e-01 4.261095e-01 3.174252e-01 4.377426e-01 4.223305e-01 3.877513e-01 4.296656e-01 4.334404e-01 4.443665e-01 3.559349e-01 4.032657e-01 4.251550e-01 3.932307e-01 4.953941e-01 3.480523e-01 3.265043e-01 3.635970e-01 3.394479e-01 3.870527e-01 3.404368e-01 4.459223e-01 4.566985e-01 4.195724e-01 3.545493e-01 3.883477e-01 3.021972e-01 3.619743e-01 4.375185e-01 3.696645e-01 4.423714e-01 4.061933e-01 3.880354e-01 3.980383e-01 4.569860e-01 4.565108e-01 4.120522e-01 4.478387e-01 4.166436e-01 3.913843e-01 3.406555e-01 3.308566e-01 4.364572e-01 4.198191e-01 3.781872e-01 4.536483e-01 4.076713e-01 3.570242e-01 4.123104e-01 4.773765e-01 4.168597e-01 4.362664e-01 3.649133e-01 4.535827e-01 4.734715e-01
<VARIANCE> 142
 2.000000e-01 2.000000e-01 2.000000e-01 2.000000e-01 2.000000e-01 2.000000e-01 2.000000e-01 2.000000e-01 2.000000e-01 2.000000e-01 2.000000e-01 2.000000e-01 2.000000e-01 2.000000e-01 2.000000e-01 2.000000e-01 2.000000e-01 2.000000e-01 2.000000e-01 2.000000e-01 2.000000e-01 2.000000e-01 2.000000e-01 2.000000e-01 2.000000e-01 2.000000e-01 2.000000e-01 2.000000e-01 2.000000e-01 2.000000e-01 2.000000e-01 2.000000e-01 2.000000e-01 2.000000e-01 2.000000e-01 2.000000e-01 2.000000e-01 2.000000e-01 2.000000e-01 2.000000e-01 2.000000e-01 2.000000e-01 2.000000e-01 2.000000e-01 2.000000e-01 2.000000e-01 2.000000e-01 2.000000e-01 2.000000e-01 2.000000e-01 2.000000e-01 2.000000e-01 2.000000e-01 2.000000e-01 2.000000e-01 2.000000e-01 2.000000e-01 2.000000e-01 2.000000e-01 2.000000e-01 2.000000e-01 2.000000e-01 2.000000e-01 2.000000e-01 2.000000e-01 2.000000e-01 2.000000e-01 2.000000e-01 2.000000e-01 2.000000e-01 2.000000e-01 2.000000e-01 2.000000e-01 2.000000e-01 2.000000e-01 2.000000e-01 2.000000e-01 2.000000e-01 2.000000e-01 2.000000e-01 2.000000e-01 2.000000e-01 2.000000e-01 2.000000e-01 2.000000e-01 2.000000e-01 2.000000e-01 2.000000e-01 2.000000e-01 2.000000e-01 2.000000e-01 2.000000e-01 2.000000e-01 2.000000e-01 2.000000e-01 2.000000e-01 2.000000e-01 2.000000e-01 2.000000e-01 2.000000e-01 2.000000e-01 2.000000e-01 2.000000e-01 2.000000e-01 2.000000e-01 2.000000e-01 2.000000e-01 2.000000e-01 2.000000e-01 2.000000e-01 2.000000e-01 2.000000e-01 2.000000e-01 2.000000e-01 2.000000e-01 2.000000e-01 2.000000e-01 2.000000e-01 2.000000e-01 2.000000e-01 2.000000e-01 2.000000e-01 2.000000e-01 2.000000e-01 2.000000e-01 2.000000e-01 2.000000e-01 2.000000e-01 2.000000e-01 2.000000e-01 2.000000e-01 2.000000e-01 2.000000e-01 2.000000e-01 2.000000e-01 2.000000e-01 2.000000e-01 2.000000e-01 2.000000e-01 2.000000e-01 2.000000e-01 2.000000e-01
<GCONST> 3.243863e+01
<STATE> 3
<MEAN> 142
 5.086076e-01 4.120246e-01 3.263612e-01 3.280571e-01 3.075883e-01 2.596693e-01 3.242834e-01 4.273675e-01 4.468211e-01 5.209101e-01 4.778067e-01 4.956918e-01 4.194113e-01 5.203294e-01 4.567868e-01 3.928229e-01 4.325040e-01 4.790089e-01 2.966160e-01 3.829603e-01 4.523148e-01 5.504864e-01 3.544851e-01 5.531271e-01 5.014936e-01 4.227523e-01 4.027947e-01 4.180031e-01 5.592155e-01 4.891215e-01 4.781093e-01 4.673967e-01 3.022725e-01 5.362698e-01 4.563351e-01 4.931178e-01 4.227993e-01 4.626922e-01 5.142936e-01 3.876545e-01 4.627241e-01 5.154665e-01 3.478306e-01 3.606682e-01 1.855428e-01 3.883949e-01 4.826424e-01 5.152177e-01 4.639299e-01 3.872567e-01 4.801263e-01 4.952237e-01 5.103424e-01 3.277349e-01 4.487356e-01 4.551666e-01 4.569658e-01 2.962339e-01 3.635411e-01 3.096402e-01 3.932972e-01 4.325486e-01 4.190476e-01 4.074135e-01 4.189127e-01 3.911478e-01 4.840690e-01 3.405695e-01 3.637612e-01 4.912151e-01 4.358204e-01 3.554862e-01 4.494959e-01 4.432536e-01 2.732996e-01 3.863977e-01 4.228199e-01 5.190137e-01 5.375389e-01 4.625350e-01 5.017625e-01 4.933292e-01 4.978999e-01 4.117236e-01 3.000009e-01 3.424394e-01 4.441250e-01 4.857360e-01 4.673444e-01 3.145235e-01 4.357503e-01 2.729700e-01 4.612270e-01 3.830144e-01 4.508457e-01 5.054348e-01 5.149394e-01 4.262872e-01 5.741845e-01 4.515420e-01 4.930097e-01 5.522944e-01 4.363883e-01 4.466954e-01 3.948608e-01 3.646652e-01 4.594640e-01 4.896030e-01 4.003651e-01 3.464611e-01 4.408755e-01 4.107803e-01 3.441559e-01 3.995717e-01 4.088104e-01 4.305553e-01 4.133211e-01 4.947542e-01 4.314559e-01 4.809090e-01 4.703476e-01 4.889891e-01 5.308595e-01 2.958027e-01 4.067586e-01 4.124907e-01 4.045475e-01 4.234042e-01 3.870127e-01 3.966122e-01 4.493811e-01 4.890511e-01 3.676027e-01 5.167793e-01 5.106314e-01 4.900483e-01 3.801208e-01 5.109069e-01 4.262176e-01 4.915163e-01 5.038410e-01 4.274150e-01
<VARIANCE> 142
 2.000000e-01 2.000000e-01 2.000000e-01 2.000000e-01 2.000000e-01 2.000000e-01 2.000000e-01 2.000000e-01 2.000000e-01 2.000000e-01 2.000000e-01 2.000000e-01 2.000000e-01 2.000000e-01 2.000000e-01 2.000000e-01 2.000000e-01 2.000000e-01 2.000000e-01 2.000000e-01 2.000000e-01 2.000000e-01 2.000000e-01 2.000000e-01 2.000000e-01 2.000000e-01 2.000000e-01 2.000000e-01 2.000000e-01 2.000000e-01 2.000000e-01 2.000000e-01 2.000000e-01 2.000000e-01 2.000000e-01 2.000000e-01 2.000000e-01 2.000000e-01 2.000000e-01 2.000000e-01 2.000000e-01 2.000000e-01 2.000000e-01 2.000000e-01 2.000000e-01 2.000000e-01 2.000000e-01 2.000000e-01 2.000000e-01 2.000000e-01 2.000000e-01 2.000000e-01 2.000000e-01 2.000000e-01 2.000000e-01 2.000000e-01 2.000000e-01 2.000000e-01 2.000000e-01 2.000000e-01 2.000000e-01 2.000000e-01 2.000000e-01 2.000000e-01 2.000000e-01 2.000000e-01 2.000000e-01 2.000000e-01 2.000000e-01 2.000000e-01 2.000000e-01 2.000000e-01 2.000000e-01 2.000000e-01 2.000000e-01 2.000000e-01 2.000000e-01 2.000000e-01 2.000000e-01 2.000000e-01 2.000000e-01 2.000000e-01 2.000000e-01 2.000000e-01 2.000000e-01 2.000000e-01 2.000000e-01 2.000000e-01 2.000000e-01 2.000000e-01 2.000000e-01 2.000000e-01 2.000000e-01 2.000000e-01 2.000000e-01 2.000000e-01 2.000000e-01 2.000000e-01 2.000000e-01 2.000000e-01 2.000000e-01 2.000000e-01 2.000000e-01 2.000000e-01 2.000000e-01 2.000000e-01 2.000000e-01 2.000000e-01 2.000000e-01 2.000000e-01 2.000000e-01 2.000000e-01 2.000000e-01 2.000000e-01 2.000000e-01 2.000000e-01 2.000000e-01 2.000000e-01 2.000000e-01 2.000000e-01 2.000000e-01 2.000000e-01 2.000000e-01 2.000000e-01 2.000000e-01 2.000000e-01 2.000000e-01 2.000000e-01 2.000000e-01 2.000000e-01 2.000000e-01 2.000000e-01 2.000000e-01 2.000000e-01 2.000000e-01 2.000000e-01 2.000000e-01 2.000000e-01 2.000000e-01 2.000000e-01 2.000000e-01 2.000000e-01
<GCONST> 3.243863e+01
<TRANSP> 4
 0.000000e+00 1.000000e+00 0.000000e+00 0.000000e+00
 0.000000e+00 8.773237e-01 1.226763e-01 0.000000e+00
 0.000000e+00 0.000000e+00 8.364714e-01 1.635286e-01
 0.000000e+00 0.000000e+00 0.000000e+00 0.000000e+00
<ENDHMM>
