~o
<STREAMINFO> 1 142
<VECSIZE> 142<NULLD><USER><DIAGC>
~h "man"
<BEGINHMM>
<NUMSTATES> 4
<STATE> 2
<MEAN> 142
 6.444725e-01 3.387695e-01 3.548259e-01 3.435271e-01 3.253292e-01 5.201889e-01 4.508836e-01 3.525124e-01 4.106152e-01 4.083517e-01 4.016356e-01 4.528865e-01 4.525270e-01 4.090853e-01 3.634390e-01 3.682821e-01 3.928593e-01 3.773403e-01 3.610513e-01 4.649543e-01 4.850452e-01 4.376018e-01 4.207141e-01 4.076991e-01 4.106121e-01 4.506622e-01 3.718614e-01 3.603814e-01 3.514639e-01 4.274194e-01 4.676857e-01 3.910791e-01 4.409894e-01 4.326558e-01 4.299144e-01 3.739424e-01 3.079038e-01 3.904380e-01 3.156919e-01 4.325551e-01 4.442523e-01 3.541507e-01 3.599152e-01 4.332663e-01 3.069036e-01 4.130138e-01 3.703571e-01 4.496015e-01 3.951984e-01 3.609011e-01 5.218599e-01 4.393916e-01 4.697844e-01 3.290892e-01 4.770402e-01 3.270149e-01 4.126582e-01 3.913318e-01 3.870516e-01 3.546418e-01 5.006019e-01 4.279569e-01 3.794528e-01 4.303733e-01 4.324740e-01 4.495279e-01 4.528117e-01 4.201878e-01 4.531726e-01 4.608727e-01 4.982600e-01 5.680832e-01 4.016025e-01 4.045829e-01 4.143802e-01 4.633613e-01 4.683843e-01 3.665370e-01 4.556428e-01 3.736747e-01 4.295941e-01 3.378305e-01 4.148583e-01 4.202662e-01 4.176814e-01 4.761895e-01 4.306254e-01 4.458423e-01 4.811237e-01 4.586233e-01 3.953362e-01 4.544553e-01 4.394936e-01 3.724257e-01 3.706432e-01 4.611736e-01 3.996052e-01 3.570212e-01 4.083424e-01 4.703226e-01 3.528686e-01 4.289065e-01 3.651206e-01 4.381340e-01 3.118347e-01 2.934866e-01 4.528179e-01 3.973790e-01 3.822043e-01 4.368372e-01 4.029458e-01 4.363189e-01 3.549731e-01 3.560806e-01 3.937152e-01 4.720234e-01 4.027873e-01 3.587604e-01 4.595485e-01 3.970050e-01 3.741020e-01 4.353175e-01 3.584237e-01 5.267057e-01 4.757179e-01 3.772990e-01 4.221591e-01 3.563249e-01 3.513696e-01 4.575237e-01 4.043719e-01 3.634424e-01 4.528591e-01 4.097774e-01 3.859321e-01 3.482588e-01 5.327569e-01 3.983245e-01 4.708261e-01 3.367652e-01 4.259761e-01 4.264017e-01
<VARIANCE> 142
 2.000000e-01 2.000000e-01 2.000000e-01 2.000000e-01 2.000000e-01 2.000000e-01 2.000000e-01 2.000000e-01 2.000000e-01 2.000000e-01 2.000000e-01 2.000000e-01 2.000000e-01 2.000000e-01 2.000000e-01 2.000000e-01 2.000000e-01 2.000000e-01 2.000000e-01 2.000000e-01 2.000000e-01 2.000000e-01 2.000000e-01 2.000000e-01 2.000000e-01 2.000000e-01 2.000000e-01 2.000000e-01 2.000000e-01 2.000000e-01 2.000000e-01 2.000000e-01 2.000000e-01 2.000000e-01 2.000000e-01 2.000000e-01 2.000000e-01 2.000000e-01 2.000000e-01 2.000000e-01 2.000000e-01 2.000000e-01 2.000000e-01 2.000000e-01 2.000000e-01 2.000000e-01 2.000000e-01 2.000000e-01 2.000000e-01 2.000000e-01 2.000000e-01 2.000000e-01 2.000000e-01 2.000000e-01 2.000000e-01 2.000000e-01 2.000000e-01 2.000000e-01 2.000000e-01 2.000000e-01 2.000000e-01 2.000000e-01 2.000000e-01 2.000000e-01 2.000000e-01 2.000000e-01 2.000000e-01 2.000000e-01 2.000000e-01 2.000000e-01 2.000000e-01 2.000000e-01 2.000000e-01 2.000000e-01 2.000000e-01 2.000000e-01 2.000000e-01 2.000000e-01 2.000000e-01 2.000000e-01 2.000000e-01 2.000000e-01 2.000000e-01 2.000000e-01 2.000000e-01 2.000000e-01 2.000000e-01 2.000000e-01 2.000000e-01 2.000000e-01 2.000000e-01 2.000000e-01 2.000000e-01 2.000000e-01 2.000000e-01 2.000000e-01 2.000000e-01 2.000000e-01 2.000000e-01 2.000000e-01 2.000000e-01 2.000000e-01 2.000000e-01 2.000000e-01 2.000000e-01 2.000000e-01 2.000000e-01 2.000000e-01 2.000000e-01 2.000000e-01 2.000000e-01 2.000000e-01 2.000000e-01 2.000000e-01 2.000000e-01 2.000000e-01 2.000000e-01 2.000000e-01 2.000000e-01 2.000000e-01 2.000000e-01 2.000000e-01 2.000000e-01 2.000000e-01 2.000000e-01 2.000000e-01 2.000000e-01 2.000000e-01 2.000000e-01 2.000000e-01 2.000000e-01 2.000000e-01 2.000000e-01 2.000000e-01 2.000000e-01 2.000000e-01 2.000000e-01 2.000000e-01 2.000000e-01 2.000000e-01 2.000000e-01 2.000000e-01
<GCONST> 3.243863e+01
<STATE> 3
<MEAN> 142
 5.300169e-01 3.847947e-01 3.263624e-01 3.436811e-01 2.619115e-01 2.791904e-01 3.019297e-01 3.716598e-01 3.558331e-01 4.302358e-01 4.832397e-01 3.711087e-01 3.682338e-01 4.984725e-01 3.656900e-01 3.484920e-01 3.958238e-01 3.761362e-01 3.057633e-01 3.718393e-01 5.077641e-01 5.126589e-01 3.523130e-01 4.763940e-01 5.138611e-01 4.228212e-01 4.427294e-01 3.581340e-01 4.357269e-01 3.701966e-01 4.663439e-01 4.683042e-01 3.387997e-01 5.201043e-01 4.368647e-01 4.098731e-01 3.813937e-01 3.300436e-01 4.195203e-01 3.171349e-01 3.817379e-01 4.956480e-01 3.255722e-01 3.067441e-01 1.820286e-01 3.579221e-01 4.604555e-01 4.338240e-01 4.672480e-01 3.231611e-01 4.485559e-01 3.904327e-01 4.453024e-01 2.599305e-01 3.803317e-01 4.048891e-01 4.270443e-01 3.297322e-01 3.527817e-01 3.136334e-01 3.552542e-01 5.050110e-01 4.148276e-01 4.268439e-01 4.197663e-01 4.360748e-01 3.852265e-01 3.736424e-01 3.805934e-01 4.129952e-01 4.213817e-01 3.271091e-01 3.812317e-01 3.740696e-01 2.976299e-01 3.492905e-01 4.263917e-01 4.617562e-01 4.934959e-01 4.422616e-01 4.384210e-01 4.322350e-01 3.677237e-01 4.244011e-01 3.141153e-01 3.563852e-01 3.784994e-01 4.079662e-01 4.496583e-01 2.589869e-01 3.106664e-01 2.501069e-01 3.799205e-01 3.588995e-01 4.378668e-01 4.320661e-01 4.554030e-01 3.160584e-01 5.113174e-01 4.551121e-01 3.954406e-01 4.968522e-01 3.712426e-01 3.490473e-01 3.884996e-01 3.447062e-01 3.748285e-01 3.991466e-01 3.880825e-01 3.759477e-01 3.828233e-01 3.131676e-01 3.385162e-01 3.940741e-01 3.922763e-01 3.761916e-01 3.555314e-01 4.607785e-01 4.115182e-01 4.336604e-01 4.704745e-01 4.915704e-01 4.727778e-01 2.829250e-01 4.060027e-01 3.815052e-01 3.761177e-01 3.766552e-01 3.751224e-01 4.104312e-01 3.808787e-01 3.947849e-01 2.852181e-01 4.514961e-01 4.234989e-01 4.498571e-01 3.777428e-01 4.656062e-01 3.466099e-01 4.330072e-01 5.081416e-01 3.822829e-01
<VARIANCE> 142
 2.000000e-01 2.000000e-01 2.000000e-01 2.000000e-01 2.000000e-01 2.000000e-01 2.000000e-01 2.000000e-01 2.000000e-01 2.000000e-01 2.000000e-01 2.000000e-01 2.000000e-01 2.000000e-01 2.000000e-01 2.000000e-01 2.000000e-01 2.000000e-01 2.000000e-01 2.000000e-01 2.000000e-01 2.000000e-01 2.000000e-01 2.000000e-01 2.000000e-01 2.000000e-01 2.000000e-01 2.000000e-01 2.000000e-01 2.000000e-01 2.000000e-01 2.000000e-01 2.000000e-01 2.000000e-01 2.000000e-01 2.000000e-01 2.000000e-01 2.000000e-01 2.000000e-01 2.000000e-01 2.000000e-01 2.000000e-01 2.000000e-01 2.000000e-01 2.000000e-01 2.000000e-01 2.000000e-01 2.000000e-01 2.000000e-01 2.000000e-01 2.000000e-01 2.000000e-01 2.000000e-01 2.000000e-01 2.000000e-01 2.000000e-01 2.000000e-01 2.000000e-01 2.000000e-01 2.000000e-01 2.000000e-01 2.000000e-01 2.000000e-01 2.000000e-01 2.000000e-01 2.000000e-01 2.000000e-01 2.000000e-01 2.000000e-01 2.000000e-01 2.000000e-01 2.000000e-01 2.000000e-01 2.000000e-01 2.000000e-01 2.000000e-01 2.000000e-01 2.000000e-01 2.000000e-01 2.000000e-01 2.000000e-01 2.000000e-01 2.000000e-01 2.000000e-01 2.000000e-01 2.000000e-01 2.000000e-01 2.000000e-01 2.000000e-01 2.000000e-01 2.000000e-01 2.000000e-01 2.000000e-01 2.000000e-01 2.000000e-01 2.000000e-01 2.000000e-01 2.000000e-01 2.000000e-01 2.000000e-01 2.000000e-01 2.000000e-01 2.000000e-01 2.000000e-01 2.000000e-01 2.000000e-01 2.000000e-01 2.000000e-01 2.000000e-01 2.000000e-01 2.000000e-01 2.000000e-01 2.000000e-01 2.000000e-01 2.000000e-01 2.000000e-01 2.000000e-01 2.000000e-01 2.000000e-01 2.000000e-01 2.000000e-01 2.000000e-01 2.000000e-01 2.000000e-01 2.000000e-01 2.000000e-01 2.000000e-01 2.000000e-01 2.000000e-01 2.000000e-01 2.000000e-01 2.000000e-01 2.000000e-01 2.000000e-01 2.000000e-01 2.000000e-01 2.000000e-01 2.000000e-01 2.000000e-01 2.000000e-01 2.000000e-01 2.000000e-01
<GCONST> 3.243863e+01
<TRANSP> 4
 0.000000e+00 1.000000e+00 0.000000e+00 0.000000e+00
 0.000000e+00 8.360444e-01 1.639556e-01 0.000000e+00
 0.000000e+00 0.000000e+00 8.869029e-01 1.130971e-01
 0.000000e+00 0.000000e+00 0.000000e+00 0.000000e+00
<ENDHMM>
