~o
<STREAMINFO> 1 142
<VECSIZE> 142<NULLD><USER><DIAGC>
~h "medic"
<BEGINHMM>
<NUMSTATES> 4
<STATE> 2
<MEAN> 142
 4.736800e-01 4.909200e-01 3.294648e-01 4.092671e-01 3.465658e-01 2.198748e-01 2.674938e-01 2.648749e-01 3.694506e-01 4.513593e-01 4.296228e-01 4.910924e-01 3.501922e-01 4.105329e-01 3.534477e-01 3.296973e-01 4.085624e-01 3.875365e-01 2.774917e-01 2.517197e-01 3.537124e-01 4.354772e-01 2.983026e-01 4.537908e-01 5.034379e-01 3.550101e-01 4.133978e-01 4.190611e-01 4.811968e-01 4.831294e-01 4.450419e-01 4.200971e-01 3.040002e-01 4.687363e-01 4.322641e-01 4.011874e-01 3.742434e-01 3.943087e-01 4.942246e-01 2.476953e-01 4.409518e-01 5.165321e-01 4.355910e-01 2.484181e-01 2.062772e-01 4.452673e-01 4.326899e-01 3.293545e-01 3.538561e-01 3.359228e-01 5.009983e-01 3.294306e-01 4.436302e-01 3.061032e-01 4.454689e-01 5.362664e-01 4.316801e-01 2.710277e-01 3.179746e-01 2.692027e-01 3.207218e-01 4.419806e-01 4.009373e-01 4.676271e-01 4.645152e-01 4.918470e-01 3.299673e-01 2.940370e-01 3.677289e-01 4.572784e-01 3.636229e-01 3.892516e-01 4.033381e-01 3.979732e-01 2.020441e-01 2.879354e-01 3.627689e-01 5.084479e-01 4.488545e-01 4.549472e-01 5.703564e-01 4.383208e-01 4.415095e-01 3.804629e-01 2.904586e-01 3.288359e-01 3.588178e-01 4.340459e-01 4.751123e-01 3.164784e-01 4.295129e-01 2.551281e-01 4.653474e-01 4.243065e-01 4.799001e-01 5.261163e-01 4.372941e-01 3.307963e-01 4.919733e-01 3.978037e-01 4.484369e-01 4.320600e-01 3.607821e-01 4.543427e-01 3.289262e-01 3.286161e-01 3.601699e-01 4.192162e-01 2.998279e-01 2.780036e-01 4.397096e-01 4.225136e-01 3.294898e-01 4.159309e-01 3.490926e-01 4.180613e-01 4.505880e-01 4.409125e-01 5.126811e-01 4.019268e-01 4.326144e-01 4.631102e-01 4.490719e-01 3.517374e-01 2.772489e-01 4.394189e-01 4.906150e-01 4.428780e-01 5.168322e-01 2.977494e-01 2.992496e-01 4.531809e-01 3.600831e-01 4.352367e-01 4.324076e-01 4.332266e-01 3.765690e-01 4.112532e-01 3.144036e-01 3.900650e-01 4.996922e-01 3.429259e-01
<VARIANCE> 142
 2.000000e-01 2.000000e-01 2.000000e-01 2.000000e-01 2.000000e-01 2.000000e-01 2.000000e-01 2.000000e-01 2.000000e-01 2.000000e-01 2.000000e-01 2.000000e-01 2.000000e-01 2.000000e-01 2.000000e-01 2.000000e-01 2.000000e-01 2.000000e-01 2.000000e-01 2.000000e-01 2.000000e-01 2.000000e-01 2.000000e-01 2.000000e-01 2.000000e-01 2.000000e-01 2.000000e-01 2.000000e-01 2.000000e-01 2.000000e-01 2.000000e-01 2.000000e-01 2.000000e-01 2.000000e-01 2.000000e-01 2.000000e-01 2.000000e-01 2.000000e-01 2.000000e-01 2.000000e-01 2.000000e-01 2.000000e-01 2.000000e-01 2.000000e-01 2.000000e-01 2.000000e-01 2.000000e-01 2.000000e-01 2.000000e-01 2.000000e-01 2.000000e-01 2.000000e-01 2.000000e-01 2.000000e-01 2.000000e-01 2.000000e-01 2.000000e-01 2.000000e-01 2.000000e-01 2.000000e-01 2.000000e-01 2.000000e-01 2.000000e-01 2.000000e-01 2.000000e-01 2.000000e-01 2.000000e-01 2.000000e-01 2.000000e-01 2.000000e-01 2.000000e-01 2.000000e-01 2.000000e-01 2.000000e-01 2.000000e-01 2.000000e-01 2.000000e-01 2.000000e-01 2.000000e-01 2.000000e-01 2.000000e-01 2.000000e-01 2.000000e-01 2.000000e-01 2.000000e-01 2.000000e-01 2.000000e-01 2.000000e-01 2.000000e-01 2.000000e-01 2.000000e-01 2.000000e-01 2.000000e-01 2.000000e-01 2.000000e-01 2.000000e-01 2.000000e-01 2.000000e-01 2.000000e-01 2.000000e-01 2.000000e-01 2.000000e-01 2.000000e-01 2.000000e-01 2.000000e-01 2.000000e-01 2.000000e-01 2.000000e-01 2.000000e-01 2.000000e-01 2.000000e-01 2.000000e-01 2.000000e-01 2.000000e-01 2.000000e-01 2.000000e-01 2.000000e-01 2.000000e-01 2.000000e-01 2.000000e-01 2.000000e-01 2.000000e-01 2.000000e-01 2.000000e-01 2.000000e-01 2.000000e-01 2.000000e-01 2.000000e-01 2.000000e-01 2.000000e-01 2.000000e-01 2.000000e-01 2.000000e-01 2.000000e-01 2.000000e-01 2.000000e-01 2.000000e-01 2.000000e-01 2.000000e-01 2.000000e-01 2.000000e-01 2.000000e-01
<GCONST> 3.243863e+01
<STATE> 3
<MEAN> 142
 6.525902e-01 3.686346e-01 4.360327e-01 4.382744e-01 3.578412e-01 3.459793e-01 4.157496e-01 4.273165e-01 3.841646e-01 4.004367e-01 5.017275e-01 4.533517e-01 4.576783e-01 4.850895e-01 3.119496e-01 4.299664e-01 3.797683e-01 4.064209e-01 3.924311e-01 4.108461e-01 3.959745e-01 4.738465e-01 4.299529e-01 4.388530e-01 4.752343e-01 4.464667e-01 4.646786e-01 4.779058e-01 4.184655e-01 4.183362e-01 5.081896e-01 3.997748e-01 5.503734e-01 4.387370e-01 4.996633e-01 3.088635e-01 3.777674e-01 4.023055e-01 2.657686e-01 4.450423e-01 4.014291e-01 3.354283e-01 3.922862e-01 2.751783e-01 3.565419e-01 4.492599e-01 4.536056e-01 3.967901e-01 3.997991e-01 3.958074e-01 5.689883e-01 4.034843e-01 4.729125e-01 3.162468e-01 4.933855e-01 3.479246e-01 3.678240e-01 4.003805e-01 3.541038e-01 4.616839e-01 5.472710e-01 4.788896e-01 3.811513e-01 4.598940e-01 4.153166e-01 5.404392e-01 4.559087e-01 4.384961e-01 5.091211e-01 3.288030e-01 4.773638e-01 4.648285e-01 4.426834e-01 4.428173e-01 4.376869e-01 4.857976e-01 4.883882e-01 4.518012e-01 4.187755e-01 4.306260e-01 4.504315e-01 3.066038e-01 3.725659e-01 4.005757e-01 4.645022e-01 4.548793e-01 4.785668e-01 4.786596e-01 4.238971e-01 3.951895e-01 3.611273e-01 4.449942e-01 4.812301e-01 4.490012e-01 4.453446e-01 5.099248e-01 4.471338e-01 4.574927e-01 3.915129e-01 4.897186e-01 4.402667e-01 4.743122e-01 4.154606e-01 3.453012e-01 3.978850e-01 3.459187e-01 4.155715e-01 4.203317e-01 4.950534e-01 4.070329e-01 4.535670e-01 3.743387e-01 5.235530e-01 2.627110e-01 3.534611e-01 5.439355e-01 3.963938e-01 4.612760e-01 4.825350e-01 4.126088e-01 3.726827e-01 4.711992e-01 4.759272e-01 3.865771e-01 3.984484e-01 4.385550e-01 4.215886e-01 3.441222e-01 3.871986e-01 3.918765e-01 4.739587e-01 4.062411e-01 4.292097e-01 4.821601e-01 3.437463e-01 3.817169e-01 5.158597e-01 3.878738e-01 4.001547e-01 3.345659e-01 4.389791e-01 4.974248e-01
<VARIANCE> 142
 2.000000e-01 2.000000e-01 2.000000e-01 2.000000e-01 2.000000e-01 2.000000e-01 2.000000e-01 2.000000e-01 2.000000e-01 2.000000e-01 2.000000e-01 2.000000e-01 2.000000e-01 2.000000e-01 2.000000e-01 2.000000e-01 2.000000e-01 2.000000e-01 2.000000e-01 2.000000e-01 2.000000e-01 2.000000e-01 2.000000e-01 2.000000e-01 2.000000e-01 2.000000e-01 2.000000e-01 2.000000e-01 2.000000e-01 2.000000e-01 2.000000e-01 2.000000e-01 2.000000e-01 2.000000e-01 2.000000e-01 2.000000e-01 2.000000e-01 2.000000e-01 2.000000e-01 2.000000e-01 2.000000e-01 2.000000e-01 2.000000e-01 2.000000e-01 2.000000e-01 2.000000e-01 2.000000e-01 2.000000e-01 2.000000e-01 2.000000e-01 2.000000e-01 2.000000e-01 2.000000e-01 2.000000e-01 2.000000e-01 2.000000e-01 2.000000e-01 2.000000e-01 2.000000e-01 2.000000e-01 2.000000e-01 2.000000e-01 2.000000e-01 2.000000e-01 2.000000e-01 2.000000e-01 2.000000e-01 2.000000e-01 2.000000e-01 2.000000e-01 2.000000e-01 2.000000e-01 2.000000e-01 2.000000e-01 2.000000e-01 2.000000e-01 2.000000e-01 2.000000e-01 2.000000e-01 2.000000e-01 2.000000e-01 2.000000e-01 2.000000e-01 2.000000e-01 2.000000e-01 2.000000e-01 2.000000e-01 2.000000e-01 2.000000e-01 2.000000e-01 2.000000e-01 2.000000e-01 2.000000e-01 2.000000e-01 2.000000e-01 2.000000e-01 2.000000e-01 2.000000e-01 2.000000e-01 2.000000e-01 2.000000e-01 2.000000e-01 2.000000e-01 2.000000e-01 2.000000e-01 2.000000e-01 2.000000e-01 2.000000e-01 2.000000e-01 2.000000e-01 2.000000e-01 2.000000e-01 2.000000e-01 2.000000e-01 2.000000e-01 2.000000e-01 2.000000e-01 2.000000e-01 2.000000e-01 2.000000e-01 2.000000e-01 2.000000e-01 2.000000e-01 2.000000e-01 2.000000e-01 2.000000e-01 2.000000e-01 2.000000e-01 2.000000e-01 2.000000e-01 2.000000e-01 2.000000e-01 2.000000e-01 2.000000e-01 2.000000e-01 2.000000e-01 2.000000e-01 2.000000e-01 2.000000e-01 2.000000e-01 2.000000e-01 2.000000e-01
<GCONST> 3.243863e+01
<TRANSP> 4
 0.000000e+00 1.000000e+00 0.000000e+00 0.000000e+00
 0.000000e+00 8.661173e-01 1.338827e-01 0.000000e+00
 0.000000e+00 0.000000e+00 8.519177e-01 1.480823e-01
 0.000000e+00 0.000000e+00 0.000000e+00 0.000000e+00
<ENDHMM>
