~o
<STREAMINFO> 1 142
<VECSIZE> 142<NULLD><USER><DIAGC>
~h "meet"
<BEGINHMM>
<NUMSTATES> 4
<STATE> 2
<MEAN> 142
 5.870422e-01 4.267808e-01 3.289177e-01 3.472947e-01 2.763092e-01 2.884394e-01 2.241381e-01 3.064204e-01 3.634481e-01 4.479033e-01 5.462463e-01 5.260441e-01 4.364344e-01 5.570837e-01 3.261890e-01 2.290425e-01 3.617090e-01 4.071814e-01 3.107663e-01 4.144034e-01 3.532720e-01 3.297335e-01 3.797141e-01 4.162142e-01 4.660540e-01 4.374044e-01 4.676981e-01 4.759070e-01 4.190437e-01 5.028601e-01 4.538531e-01 3.853929e-01 3.158553e-01 3.790129e-01 4.586771e-01 3.166040e-01 3.804418e-01 4.334901e-01 4.019311e-01 3.114690e-01 3.891711e-01 4.594253e-01 4.181781e-01 2.798009e-01 2.384064e-01 4.732176e-01 4.047258e-01 3.220346e-01 2.753366e-01 3.384375e-01 4.350737e-01 4.353227e-01 5.186522e-01 3.185255e-01 4.013397e-01 4.518700e-01 4.125016e-01 3.034969e-01 3.152003e-01 2.544899e-01 3.491843e-01 4.497184e-01 4.318134e-01 4.710245e-01 5.045407e-01 3.814279e-01 3.890436e-01 2.998168e-01 3.670954e-01 4.595339e-01 4.593973e-01 3.713584e-01 3.561744e-01 4.369954e-01 3.084348e-01 4.086121e-01 4.083152e-01 4.376962e-01 4.808354e-01 3.294534e-01 5.377282e-01 3.384629e-01 3.808059e-01 3.204968e-01 3.098610e-01 2.936539e-01 4.432347e-01 4.803634e-01 4.166332e-01 3.042731e-01 4.464356e-01 2.533316e-01 5.019093e-01 4.924762e-01 4.394665e-01 5.275655e-01 4.298353e-01 4.438043e-01 4.054632e-01 4.187245e-01 4.441013e-01 4.226558e-01 3.564916e-01 4.166930e-01 2.964815e-01 2.895526e-01 3.698191e-01 4.336804e-01 4.102652e-01 2.505539e-01 4.535423e-01 4.362028e-01 3.502704e-01 3.670993e-01 4.257256e-01 4.862459e-01 4.394680e-01 4.270204e-01 5.052670e-01 3.794770e-01 3.498227e-01 4.576938e-01 4.696803e-01 3.937605e-01 2.976555e-01 4.215968e-01 5.178815e-01 4.770328e-01 5.405513e-01 3.753363e-01 3.252943e-01 4.140827e-01 4.341035e-01 5.247416e-01 3.641060e-01 3.880080e-01 3.283030e-01 3.734785e-01 2.619546e-01 3.872036e-01 4.436263e-01 4.507937e-01
<VARIANCE> 142
 2.000000e-01 2.000000e-01 2.000000e-01 2.000000e-01 2.000000e-01 2.000000e-01 2.000000e-01 2.000000e-01 2.000000e-01 2.000000e-01 2.000000e-01 2.000000e-01 2.000000e-01 2.000000e-01 2.000000e-01 2.000000e-01 2.000000e-01 2.000000e-01 2.000000e-01 2.000000e-01 2.000000e-01 2.000000e-01 2.000000e-01 2.000000e-01 2.000000e-01 2.000000e-01 2.000000e-01 2.000000e-01 2.000000e-01 2.000000e-01 2.000000e-01 2.000000e-01 2.000000e-01 2.000000e-01 2.000000e-01 2.000000e-01 2.000000e-01 2.000000e-01 2.000000e-01 2.000000e-01 2.000000e-01 2.000000e-01 2.000000e-01 2.000000e-01 2.000000e-01 2.000000e-01 2.000000e-01 2.000000e-01 2.000000e-01 2.000000e-01 2.000000e-01 2.000000e-01 2.000000e-01 2.000000e-01 2.000000e-01 2.000000e-01 2.000000e-01 2.000000e-01 2.000000e-01 2.000000e-01 2.000000e-01 2.000000e-01 2.000000e-01 2.000000e-01 2.000000e-01 2.000000e-01 2.000000e-01 2.000000e-01 2.000000e-01 2.000000e-01 2.000000e-01 2.000000e-01 2.000000e-01 2.000000e-01 2.000000e-01 2.000000e-01 2.000000e-01 2.000000e-01 2.000000e-01 2.000000e-01 2.000000e-01 2.000000e-01 2.000000e-01 2.000000e-01 2.000000e-01 2.000000e-01 2.000000e-01 2.000000e-01 2.000000e-01 2.000000e-01 2.000000e-01 2.000000e-01 2.000000e-01 2.000000e-01 2.000000e-01 2.000000e-01 2.000000e-01 2.000000e-01 2.000000e-01 2.000000e-01 2.000000e-01 2.000000e-01 2.000000e-01 2.000000e-01 2.000000e-01 2.000000e-01 2.000000e-01 2.000000e-01 2.000000e-01 2.000000e-01 2.000000e-01 2.000000e-01 2.000000e-01 2.000000e-01 2.000000e-01 2.000000e-01 2.000000e-01 2.000000e-01 2.000000e-01 2.000000e-01 2.000000e-01 2.000000e-01 2.000000e-01 2.000000e-01 2.000000e-01 2.000000e-01 2.000000e-01 2.000000e-01 2.000000e-01 2.000000e-01 2.000000e-01 2.000000e-01 2.000000e-01 2.000000e-01 2.000000e-01 2.000000e-01 2.000000e-01 2.000000e-01 2.000000e-01 2.000000e-01 2.000000e-01 2.000000e-01
<GCONST> 3.243863e+01
<STATE> 3
<MEAN> 142
 8.076034e-01 3.555736e-01 4.245502e-01 3.300191e-01 2.177642e-01 3.705480e-01 4.028649e-01 4.031601e-01 3.165470e-01 3.650482e-01 5.085895e-01 4.204088e-01 4.389279e-01 5.069184e-01 2.239440e-01 3.213422e-01 3.767818e-01 3.776947e-01 3.535074e-01 4.517927e-01 5.356836e-01 5.295038e-01 4.838410e-01 4.677695e-01 4.646874e-01 4.641823e-01 4.682071e-01 3.165623e-01 3.705380e-01 3.356298e-01 5.061445e-01 4.559720e-01 4.652907e-01 4.541472e-01 4.437595e-01 3.311879e-01 3.102534e-01 3.229403e-01 3.384996e-01 2.506813e-01 2.403369e-01 4.144028e-01 2.941854e-01 4.020205e-01 2.333404e-01 4.081244e-01 4.932533e-01 3.715332e-01 4.303053e-01 3.974200e-01 4.822036e-01 4.566863e-01 4.731686e-01 2.544326e-01 5.151677e-01 3.414885e-01 5.349023e-01 4.133540e-01 3.970882e-01 3.109694e-01 4.849439e-01 4.333829e-01 3.994981e-01 4.175754e-01 3.432866e-01 4.744489e-01 3.836696e-01 3.773423e-01 4.275643e-01 3.321669e-01 4.995830e-01 4.728038e-01 4.170365e-01 4.746880e-01 3.807786e-01 4.191020e-01 4.740135e-01 4.637048e-01 5.074215e-01 4.452452e-01 3.930751e-01 3.478592e-01 3.300273e-01 4.665519e-01 2.982012e-01 4.580922e-01 3.957774e-01 4.143434e-01 4.431022e-01 3.304832e-01 3.760534e-01 3.227681e-01 3.874756e-01 3.843807e-01 3.804234e-01 4.633652e-01 3.751885e-01 3.083392e-01 3.805061e-01 4.872966e-01 3.725429e-01 5.358055e-01 3.844993e-01 2.944117e-01 3.647452e-01 3.792514e-01 3.919712e-01 4.102487e-01 4.438510e-01 4.013186e-01 4.320084e-01 3.938598e-01 2.914052e-01 3.015176e-01 3.388369e-01 4.158365e-01 3.812935e-01 4.275565e-01 4.162956e-01 5.373808e-01 3.966355e-01 5.663316e-01 5.142750e-01 3.747719e-01 5.071682e-01 4.073266e-01 3.803872e-01 2.979135e-01 3.098264e-01 4.732896e-01 3.910986e-01 3.800095e-01 3.975336e-01 4.432267e-01 3.204624e-01 3.818349e-01 4.681112e-01 3.555801e-01 2.866744e-01 3.573797e-01 4.853918e-01 5.300974e-01
<VARIANCE> 142
 2.000000e-01 2.000000e-01 2.000000e-01 2.000000e-01 2.000000e-01 2.000000e-01 2.000000e-01 2.000000e-01 2.000000e-01 2.000000e-01 2.000000e-01 2.000000e-01 2.000000e-01 2.000000e-01 2.000000e-01 2.000000e-01 2.000000e-01 2.000000e-01 2.000000e-01 2.000000e-01 2.000000e-01 2.000000e-01 2.000000e-01 2.000000e-01 2.000000e-01 2.000000e-01 2.000000e-01 2.000000e-01 2.000000e-01 2.000000e-01 2.000000e-01 2.000000e-01 2.000000e-01 2.000000e-01 2.000000e-01 2.000000e-01 2.000000e-01 2.000000e-01 2.000000e-01 2.000000e-01 2.000000e-01 2.000000e-01 2.000000e-01 2.000000e-01 2.000000e-01 2.000000e-01 2.000000e-01 2.000000e-01 2.000000e-01 2.000000e-01 2.000000e-01 2.000000e-01 2.000000e-01 2.000000e-01 2.000000e-01 2.000000e-01 2.000000e-01 2.000000e-01 2.000000e-01 2.000000e-01 2.000000e-01 2.000000e-01 2.000000e-01 2.000000e-01 2.000000e-01 2.000000e-01 2.000000e-01 2.000000e-01 2.000000e-01 2.000000e-01 2.000000e-01 2.000000e-01 2.000000e-01 2.000000e-01 2.000000e-01 2.000000e-01 2.000000e-01 2.000000e-01 2.000000e-01 2.000000e-01 2.000000e-01 2.000000e-01 2.000000e-01 2.000000e-01 2.000000e-01 2.000000e-01 2.000000e-01 2.000000e-01 2.000000e-01 2.000000e-01 2.000000e-01 2.000000e-01 2.000000e-01 2.000000e-01 2.000000e-01 2.000000e-01 2.000000e-01 2.000000e-01 2.000000e-01 2.000000e-01 2.000000e-01 2.000000e-01 2.000000e-01 2.000000e-01 2.000000e-01 2.000000e-01 2.000000e-01 2.000000e-01 2.000000e-01 2.000000e-01 2.000000e-01 2.000000e-01 2.000000e-01 2.000000e-01 2.000000e-01 2.000000e-01 2.000000e-01 2.000000e-01 2.000000e-01 2.000000e-01 2.000000e-01 2.000000e-01 2.000000e-01 2.000000e-01 2.000000e-01 2.000000e-01 2.000000e-01 2.000000e-01 2.000000e-01 2.000000e-01 2.000000e-01 2.000000e-01 2.000000e-01 2.000000e-01 2.000000e-01 2.000000e-01 2.000000e-01 2.000000e-01 2.000000e-01 2.000000e-01 2.000000e-01 2.000000e-01
<GCONST> 3.243863e+01
<TRANSP> 4
 0.000000e+00 1.000000e+00 0.000000e+00 0.000000e+00
 0.000000e+00 8.693533e-01 1.306467e-01 0.000000e+00
 0.000000e+00 0.000000e+00 8.289361e-01 1.710639e-01
 0.000000e+00 0.000000e+00 0.000000e+00 0.000000e+00
<ENDHMM>
