~o
<STREAMINFO> 1 142
<VECSIZE> 142<NULLD><USER><DIAGC>
~h "menu"
<BEGINHMM>
<NUMSTATES> 4
<STATE> 2
<MEAN> 142
 6.197857e-01 3.910939e-01 4.392865e-01 4.585904e-01 3.768144e-01 3.734206e-01 5.328050e-01 4.046135e-01 3.962800e-01 3.250882e-01 4.687985e-01 4.534969e-01 4.438767e-01 5.092795e-01 3.655460e-01 5.014751e-01 4.080404e-01 3.466287e-01 3.477332e-01 4.516605e-01 5.290045e-01 4.748138e-01 4.428759e-01 4.946845e-01 4.968447e-01 4.601336e-01 4.492592e-01 3.914784e-01 3.577844e-01 4.092075e-01 4.726630e-01 4.465705e-01 5.245827e-01 4.623602e-01 3.894072e-01 3.579894e-01 3.908044e-01 3.096987e-01 3.783846e-01 4.174433e-01 2.771387e-01 4.415803e-01 2.639877e-01 3.736344e-01 3.672036e-01 4.397458e-01 5.225782e-01 4.613809e-01 4.739451e-01 3.773400e-01 5.651533e-01 4.025664e-01 3.621908e-01 3.271176e-01 4.897463e-01 4.001880e-01 4.216842e-01 3.912025e-01 3.476187e-01 4.144080e-01 5.392089e-01 4.443534e-01 4.368646e-01 3.598446e-01 3.876797e-01 5.326829e-01 3.592818e-01 4.570656e-01 4.386313e-01 3.096897e-01 5.016853e-01 4.125451e-01 4.305872e-01 4.668672e-01 3.386771e-01 3.714297e-01 5.199724e-01 4.805785e-01 4.399721e-01 5.065178e-01 4.435834e-01 4.124863e-01 3.633981e-01 4.100520e-01 4.478018e-01 5.092087e-01 4.025738e-01 4.170069e-01 4.712318e-01 3.816927e-01 3.283378e-01 3.956067e-01 4.366111e-01 3.831565e-01 4.449104e-01 4.810290e-01 4.549785e-01 2.700821e-01 4.372247e-01 5.017455e-01 3.645162e-01 4.885017e-01 3.687470e-01 3.515259e-01 3.911472e-01 3.546384e-01 3.705279e-01 4.110400e-01 4.103628e-01 4.845128e-01 3.668142e-01 3.575271e-01 4.895105e-01 3.512498e-01 3.053374e-01 3.731416e-01 3.359248e-01 4.723210e-01 4.680149e-01 4.984730e-01 4.842348e-01 4.949603e-01 4.477636e-01 3.454078e-01 5.241591e-01 3.718394e-01 3.854491e-01 2.995139e-01 2.983515e-01 4.711938e-01 5.243437e-01 4.303988e-01 4.029243e-01 3.969705e-01 4.003469e-01 4.239961e-01 5.082968e-01 4.719963e-01 5.096925e-01 4.476635e-01 4.427606e-01 5.247580e-01
<VARIANCE> 142
 2.000000e-01 2.000000e-01 2.000000e-01 2.000000e-01 2.000000e-01 2.000000e-01 2.000000e-01 2.000000e-01 2.000000e-01 2.000000e-01 2.000000e-01 2.000000e-01 2.000000e-01 2.000000e-01 2.000000e-01 2.000000e-01 2.000000e-01 2.000000e-01 2.000000e-01 2.000000e-01 2.000000e-01 2.000000e-01 2.000000e-01 2.000000e-01 2.000000e-01 2.000000e-01 2.000000e-01 2.000000e-01 2.000000e-01 2.000000e-01 2.000000e-01 2.000000e-01 2.000000e-01 2.000000e-01 2.000000e-01 2.000000e-01 2.000000e-01 2.000000e-01 2.000000e-01 2.000000e-01 2.000000e-01 2.000000e-01 2.000000e-01 2.000000e-01 2.000000e-01 2.000000e-01 2.000000e-01 2.000000e-01 2.000000e-01 2.000000e-01 2.000000e-01 2.000000e-01 2.000000e-01 2.000000e-01 2.000000e-01 2.000000e-01 2.000000e-01 2.000000e-01 2.000000e-01 2.000000e-01 2.000000e-01 2.000000e-01 2.000000e-01 2.000000e-01 2.000000e-01 2.000000e-01 2.000000e-01 2.000000e-01 2.000000e-01 2.000000e-01 2.000000e-01 2.000000e-01 2.000000e-01 2.000000e-01 2.000000e-01 2.000000e-01 2.000000e-01 2.000000e-01 2.000000e-01 2.000000e-01 2.000000e-01 2.000000e-01 2.000000e-01 2.000000e-01 2.000000e-01 2.000000e-01 2.000000e-01 2.000000e-01 2.000000e-01 2.000000e-01 2.000000e-01 2.000000e-01 2.000000e-01 2.000000e-01 2.000000e-01 2.000000e-01 2.000000e-01 2.000000e-01 2.000000e-01 2.000000e-01 2.000000e-01 2.000000e-01 2.000000e-01 2.000000e-01 2.000000e-01 2.000000e-01 2.000000e-01 2.000000e-01 2.000000e-01 2.000000e-01 2.000000e-01 2.000000e-01 2.000000e-01 2.000000e-01 2.000000e-01 2.000000e-01 2.000000e-01 2.000000e-01 2.000000e-01 2.000000e-01 2.000000e-01 2.000000e-01 2.000000e-01 2.000000e-01 2.000000e-01 2.000000e-01 2.000000e-01 2.000000e-01 2.000000e-01 2.000000e-01 2.000000e-01 2.000000e-01 2.000000e-01 2.000000e-01 2.000000e-01 2.000000e-01 2.000000e-01 2.000000e-01 2.000000e-01 2.000000e-01 2.000000e-01 2.000000e-01
<GCONST> 3.243863e+01
<STATE> 3
<MEAN> 142
 5.478775e-01 4.059319e-01 3.487836e-01 3.113259e-01 3.002690e-01 2.729617e-01 2.996466e-01 3.635865e-01 4.016667e-01 4.538697e-01 5.592005e-01 4.924622e-01 4.598510e-01 5.600067e-01 3.594132e-01 3.284293e-01 3.690431e-01 4.313898e-01 3.385218e-01 3.828965e-01 4.427699e-01 4.538254e-01 3.446212e-01 4.575675e-01 5.129620e-01 3.657129e-01 4.618369e-01 4.046178e-01 5.074698e-01 4.144736e-01 4.797504e-01 3.863605e-01 2.709327e-01 5.017440e-01 4.642860e-01 4.141504e-01 4.550149e-01 4.816672e-01 5.226920e-01 3.390191e-01 4.488223e-01 5.023089e-01 3.926709e-01 3.083205e-01 1.724029e-01 3.831672e-01 3.864798e-01 4.715545e-01 3.749975e-01 3.465751e-01 4.920330e-01 4.518632e-01 4.625731e-01 3.358596e-01 3.453492e-01 3.940586e-01 5.065492e-01 3.227997e-01 3.564458e-01 3.066681e-01 3.973581e-01 4.277943e-01 4.523689e-01 4.417738e-01 4.287759e-01 3.658672e-01 4.377026e-01 3.886221e-01 3.956244e-01 4.691070e-01 4.571615e-01 3.253396e-01 4.230762e-01 3.970304e-01 2.947732e-01 3.535911e-01 4.084311e-01 3.817381e-01 4.917504e-01 4.560027e-01 5.223078e-01 4.023147e-01 4.232746e-01 3.673463e-01 2.989144e-01 2.989690e-01 4.343707e-01 4.976286e-01 4.387389e-01 2.703643e-01 3.748652e-01 2.501963e-01 4.268135e-01 4.285866e-01 4.156364e-01 4.733090e-01 4.689584e-01 3.825371e-01 5.062951e-01 4.067881e-01 4.570031e-01 4.194344e-01 3.593702e-01 4.426149e-01 3.841938e-01 3.444250e-01 4.174472e-01 5.058790e-01 4.625397e-01 3.222299e-01 4.231189e-01 3.623123e-01 2.514455e-01 3.991530e-01 3.279907e-01 4.054085e-01 3.879529e-01 4.498661e-01 4.850500e-01 4.229292e-01 4.457203e-01 4.378338e-01 4.753270e-01 2.862434e-01 3.932332e-01 4.032347e-01 4.250402e-01 4.588181e-01 4.611669e-01 3.921730e-01 3.853512e-01 4.246532e-01 3.925459e-01 4.779734e-01 4.442992e-01 4.848778e-01 3.247992e-01 4.690394e-01 3.885790e-01 4.045703e-01 3.971280e-01 4.019682e-01
<VARIANCE> 142
 2.000000e-01 2.000000e-01 2.000000e-01 2.000000e-01 2.000000e-01 2.000000e-01 2.000000e-01 2.000000e-01 2.000000e-01 2.000000e-01 2.000000e-01 2.000000e-01 2.000000e-01 2.000000e-01 2.000000e-01 2.000000e-01 2.000000e-01 2.000000e-01 2.000000e-01 2.000000e-01 2.000000e-01 2.000000e-01 2.000000e-01 2.000000e-01 2.000000e-01 2.000000e-01 2.000000e-01 2.000000e-01 2.000000e-01 2.000000e-01 2.000000e-01 2.000000e-01 2.000000e-01 2.000000e-01 2.000000e-01 2.000000e-01 2.000000e-01 2.000000e-01 2.000000e-01 2.000000e-01 2.000000e-01 2.000000e-01 2.000000e-01 2.000000e-01 2.000000e-01 2.000000e-01 2.000000e-01 2.000000e-01 2.000000e-01 2.000000e-01 2.000000e-01 2.000000e-01 2.000000e-01 2.000000e-01 2.000000e-01 2.000000e-01 2.000000e-01 2.000000e-01 2.000000e-01 2.000000e-01 2.000000e-01 2.000000e-01 2.000000e-01 2.000000e-01 2.000000e-01 2.000000e-01 2.000000e-01 2.000000e-01 2.000000e-01 2.000000e-01 2.000000e-01 2.000000e-01 2.000000e-01 2.000000e-01 2.000000e-01 2.000000e-01 2.000000e-01 2.000000e-01 2.000000e-01 2.000000e-01 2.000000e-01 2.000000e-01 2.000000e-01 2.000000e-01 2.000000e-01 2.000000e-01 2.000000e-01 2.000000e-01 2.000000e-01 2.000000e-01 2.000000e-01 2.000000e-01 2.000000e-01 2.000000e-01 2.000000e-01 2.000000e-01 2.000000e-01 2.000000e-01 2.000000e-01 2.000000e-01 2.000000e-01 2.000000e-01 2.000000e-01 2.000000e-01 2.000000e-01 2.000000e-01 2.000000e-01 2.000000e-01 2.000000e-01 2.000000e-01 2.000000e-01 2.000000e-01 2.000000e-01 2.000000e-01 2.000000e-01 2.000000e-01 2.000000e-01 2.000000e-01 2.000000e-01 2.000000e-01 2.000000e-01 2.000000e-01 2.000000e-01 2.000000e-01 2.000000e-01 2.000000e-01 2.000000e-01 2.000000e-01 2.000000e-01 2.000000e-01 2.000000e-01 2.000000e-01 2.000000e-01 2.000000e-01 2.000000e-01 2.000000e-01 2.000000e-01 2.000000e-01 2.000000e-01 2.000000e-01 2.000000e-01 2.000000e-01
<GCONST> 3.243863e+01
<TRANSP> 4
 0.000000e+00 1.000000e+00 0.000000e+00 0.000000e+00
 0.000000e+00 8.629043e-01 1.370957e-01 0.000000e+00
 0.000000e+00 0.000000e+00 8.863216e-01 1.136784e-01
 0.000000e+00 0.000000e+00 0.000000e+00 0.000000e+00
<ENDHMM>
