~o
<STREAMINFO> 1 142
<VECSIZE> 142<NULLD><USER><DIAGC>
~h "misundertanding"
<BEGINHMM>
<NUMSTATES> 4
<STATE> 2
<MEAN> 142
 8.848683e-01 3.885342e-01 4.137627e-01 3.287350e-01 2.385789e-01 3.637758e-01 4.280465e-01 4.014459e-01 3.400600e-01 3.358351e-01 4.807450e-01 5.176832e-01 4.848393e-01 5.265149e-01 2.249562e-01 2.940032e-01 3.302761e-01 3.597315e-01 3.634000e-01 4.959836e-01 4.393824e-01 4.511385e-01 4.414867e-01 3.925744e-01 4.322558e-01 4.216396e-01 4.353294e-01 3.932716e-01 3.237460e-01 3.325087e-01 4.330397e-01 4.770887e-01 5.321810e-01 3.071489e-01 4.157969e-01 3.640472e-01 2.933249e-01 3.405176e-01 2.431290e-01 2.128474e-01 2.521185e-01 3.912224e-01 2.838818e-01 4.847365e-01 2.339629e-01 4.416656e-01 4.262838e-01 3.693433e-01 3.729859e-01 3.958501e-01 4.909341e-01 4.746792e-01 4.148228e-01 2.731761e-01 5.458754e-01 3.105254e-01 5.155098e-01 3.915901e-01 3.821725e-01 2.303915e-01 5.078366e-01 4.743683e-01 4.145251e-01 4.431031e-01 4.036050e-01 4.413056e-01 3.505274e-01 3.802489e-01 4.913467e-01 3.629616e-01 5.139943e-01 5.587423e-01 4.844912e-01 4.594208e-01 4.423237e-01 4.832126e-01 4.968274e-01 4.497388e-01 4.209047e-01 3.547397e-01 3.980113e-01 3.669147e-01 3.199658e-01 4.317557e-01 2.627100e-01 5.166758e-01 4.580168e-01 5.063880e-01 3.911851e-01 3.893382e-01 4.330448e-01 4.107469e-01 3.612396e-01 4.635006e-01 3.899782e-01 4.639999e-01 3.589134e-01 3.368640e-01 3.311854e-01 4.268562e-01 3.436784e-01 4.718183e-01 4.499649e-01 2.768843e-01 3.505225e-01 3.544263e-01 4.667757e-01 3.528048e-01 4.777006e-01 3.364971e-01 4.871306e-01 4.615551e-01 3.016205e-01 2.765466e-01 3.197603e-01 4.274001e-01 3.835341e-01 3.999385e-01 4.378770e-01 4.508702e-01 4.477574e-01 5.265705e-01 5.339758e-01 4.492436e-01 4.444895e-01 4.775841e-01 3.822794e-01 3.510433e-01 3.747232e-01 4.332120e-01 3.714682e-01 3.575033e-01 5.775578e-01 4.288336e-01 3.117665e-01 3.606324e-01 4.310638e-01 3.332398e-01 2.893442e-01 2.901925e-01 4.773384e-01 5.269626e-01
<VARIANCE> 142
 2.000000e-01 2.000000e-01 2.000000e-01 2.000000e-01 2.000000e-01 2.000000e-01 2.000000e-01 2.000000e-01 2.000000e-01 2.000000e-01 2.000000e-01 2.000000e-01 2.000000e-01 2.000000e-01 2.000000e-01 2.000000e-01 2.000000e-01 2.000000e-01 2.000000e-01 2.000000e-01 2.000000e-01 2.000000e-01 2.000000e-01 2.000000e-01 2.000000e-01 2.000000e-01 2.000000e-01 2.000000e-01 2.000000e-01 2.000000e-01 2.000000e-01 2.000000e-01 2.000000e-01 2.000000e-01 2.000000e-01 2.000000e-01 2.000000e-01 2.000000e-01 2.000000e-01 2.000000e-01 2.000000e-01 2.000000e-01 2.000000e-01 2.000000e-01 2.000000e-01 2.000000e-01 2.000000e-01 2.000000e-01 2.000000e-01 2.000000e-01 2.000000e-01 2.000000e-01 2.000000e-01 2.000000e-01 2.000000e-01 2.000000e-01 2.000000e-01 2.000000e-01 2.000000e-01 2.000000e-01 2.000000e-01 2.000000e-01 2.000000e-01 2.000000e-01 2.000000e-01 2.000000e-01 2.000000e-01 2.000000e-01 2.000000e-01 2.000000e-01 2.000000e-01 2.000000e-01 2.000000e-01 2.000000e-01 2.000000e-01 2.000000e-01 2.000000e-01 2.000000e-01 2.000000e-01 2.000000e-01 2.000000e-01 2.000000e-01 2.000000e-01 2.000000e-01 2.000000e-01 2.000000e-01 2.000000e-01 2.000000e-01 2.000000e-01 2.000000e-01 2.000000e-01 2.000000e-01 2.000000e-01 2.000000e-01 2.000000e-01 2.000000e-01 2.000000e-01 2.000000e-01 2.000000e-01 2.000000e-01 2.000000e-01 2.000000e-01 2.000000e-01 2.000000e-01 2.000000e-01 2.000000e-01 2.000000e-01 2.000000e-01 2.000000e-01 2.000000e-01 2.000000e-01 2.000000e-01 2.000000e-01 2.000000e-01 2.000000e-01 2.000000e-01 2.000000e-01 2.000000e-01 2.000000e-01 2.000000e-01 2.000000e-01 2.000000e-01 2.000000e-01 2.000000e-01 2.000000e-01 2.000000e-01 2.000000e-01 2.000000e-01 2.000000e-01 2.000000e-01 2.000000e-01 2.000000e-01 2.000000e-01 2.000000e-01 2.000000e-01 2.000000e-01 2.000000e-01 2.000000e-01 2.000000e-01 2.000000e-01 2.000000e-01 2.000000e-01
<GCONST> 3.243863e+01
<STATE> 3
<MEAN> 142
 5.347155e-01 3.037669e-01 4.068452e-01 3.846467e-01 4.117017e-01 3.985921e-01 3.585141e-01 3.339566e-01 3.772663e-01 4.912050e-01 5.190679e-01 3.943394e-01 3.746893e-01 5.457878e-01 4.509332e-01 3.672356e-01 3.705560e-01 3.070132e-01 4.082481e-01 3.548990e-01 5.468379e-01 5.308656e-01 4.032489e-01 4.824631e-01 5.462685e-01 3.592122e-01 4.587539e-01 3.452280e-01 4.093289e-01 4.109013e-01 4.909685e-01 3.731595e-01 3.699335e-01 5.106344e-01 4.569968e-01 3.806993e-01 5.051855e-01 3.947374e-01 4.019116e-01 4.062879e-01 3.746260e-01 4.486618e-01 3.794354e-01 4.085897e-01 2.746224e-01 3.354352e-01 5.279312e-01 4.801136e-01 5.346957e-01 3.880831e-01 5.161917e-01 4.146357e-01 4.715542e-01 2.607577e-01 3.996235e-01 3.281665e-01 5.503333e-01 4.481042e-01 4.435278e-01 4.535454e-01 4.010338e-01 4.568706e-01 3.099773e-01 3.964419e-01 3.704561e-01 4.148835e-01 4.083931e-01 5.286584e-01 3.881416e-01 4.462661e-01 4.489139e-01 3.375669e-01 3.879637e-01 4.468608e-01 2.893262e-01 3.174619e-01 4.111881e-01 4.264572e-01 5.119481e-01 4.978449e-01 4.268645e-01 4.005724e-01 4.238059e-01 4.728671e-01 3.658709e-01 3.677363e-01 3.625307e-01 3.864543e-01 5.223672e-01 3.975126e-01 2.922277e-01 3.476869e-01 3.958080e-01 3.119391e-01 4.251106e-01 3.889884e-01 4.005083e-01 2.817319e-01 5.588048e-01 4.758061e-01 4.196346e-01 5.011589e-01 3.127428e-01 3.704289e-01 4.513295e-01 3.457286e-01 4.017926e-01 3.955207e-01 4.756127e-01 4.778389e-01 3.620336e-01 3.348280e-01 4.027876e-01 4.406791e-01 3.294024e-01 3.394113e-01 3.372858e-01 5.237185e-01 3.644118e-01 4.548348e-01 4.503087e-01 3.727348e-01 4.068628e-01 3.383496e-01 4.735891e-01 3.580165e-01 3.691754e-01 3.540081e-01 3.251896e-01 4.643711e-01 4.090621e-01 4.231436e-01 2.956142e-01 4.193037e-01 4.516135e-01 5.222654e-01 3.752310e-01 4.230564e-01 4.717421e-01 4.364334e-01 4.809404e-01 3.713647e-01
<VARIANCE> 142
 2.000000e-01 2.000000e-01 2.000000e-01 2.000000e-01 2.000000e-01 2.000000e-01 2.000000e-01 2.000000e-01 2.000000e-01 2.000000e-01 2.000000e-01 2.000000e-01 2.000000e-01 2.000000e-01 2.000000e-01 2.000000e-01 2.000000e-01 2.000000e-01 2.000000e-01 2.000000e-01 2.000000e-01 2.000000e-01 2.000000e-01 2.000000e-01 2.000000e-01 2.000000e-01 2.000000e-01 2.000000e-01 2.000000e-01 2.000000e-01 2.000000e-01 2.000000e-01 2.000000e-01 2.000000e-01 2.000000e-01 2.000000e-01 2.000000e-01 2.000000e-01 2.000000e-01 2.000000e-01 2.000000e-01 2.000000e-01 2.000000e-01 2.000000e-01 2.000000e-01 2.000000e-01 2.000000e-01 2.000000e-01 2.000000e-01 2.000000e-01 2.000000e-01 2.000000e-01 2.000000e-01 2.000000e-01 2.000000e-01 2.000000e-01 2.000000e-01 2.000000e-01 2.000000e-01 2.000000e-01 2.000000e-01 2.000000e-01 2.000000e-01 2.000000e-01 2.000000e-01 2.000000e-01 2.000000e-01 2.000000e-01 2.000000e-01 2.000000e-01 2.000000e-01 2.000000e-01 2.000000e-01 2.000000e-01 2.000000e-01 2.000000e-01 2.000000e-01 2.000000e-01 2.000000e-01 2.000000e-01 2.000000e-01 2.000000e-01 2.000000e-01 2.000000e-01 2.000000e-01 2.000000e-01 2.000000e-01 2.000000e-01 2.000000e-01 2.000000e-01 2.000000e-01 2.000000e-01 2.000000e-01 2.000000e-01 2.000000e-01 2.000000e-01 2.000000e-01 2.000000e-01 2.000000e-01 2.000000e-01 2.000000e-01 2.000000e-01 2.000000e-01 2.000000e-01 2.000000e-01 2.000000e-01 2.000000e-01 2.000000e-01 2.000000e-01 2.000000e-01 2.000000e-01 2.000000e-01 2.000000e-01 2.000000e-01 2.000000e-01 2.000000e-01 2.000000e-01 2.000000e-01 2.000000e-01 2.000000e-01 2.000000e-01 2.000000e-01 2.000000e-01 2.000000e-01 2.000000e-01 2.000000e-01 2.000000e-01 2.000000e-01 2.000000e-01 2.000000e-01 2.000000e-01 2.000000e-01 2.000000e-01 2.000000e-01 2.000000e-01 2.000000e-01 2.000000e-01 2.000000e-01 2.000000e-01 2.000000e-01 2.000000e-01 2.000000e-01
<GCONST> 3.243863e+01
<TRANSP> 4
 0.000000e+00 1.000000e+00 0.000000e+00 0.000000e+00
 0.000000e+00 8.649289e-01 1.350711e-01 0.000000e+00
 0.000000e+00 0.000000e+00 8.764896e-01 1.235104e-01
 0.000000e+00 0.000000e+00 0.000000e+00 0.000000e+00
<ENDHMM>
