~o
<STREAMINFO> 1 142
<VECSIZE> 142<NULLD><USER><DIAGC>
~h "morning"
<BEGINHMM>
<NUMSTATES> 4
<STATE> 2
<MEAN> 142
 5.875519e-01 3.372447e-01 2.918487e-01 3.095738e-01 2.202257e-01 2.320901e-01 3.137555e-01 2.686736e-01 3.751280e-01 3.816826e-01 4.363575e-01 4.090669e-01 3.830658e-01 4.489982e-01 2.875726e-01 2.611857e-01 3.966532e-01 3.968801e-01 2.515173e-01 3.700269e-01 3.697793e-01 3.974952e-01 3.271444e-01 4.385712e-01 4.550482e-01 3.989613e-01 3.668211e-01 3.538057e-01 4.019261e-01 3.838075e-01 4.378804e-01 4.070067e-01 3.239959e-01 4.107091e-01 4.355854e-01 2.738367e-01 3.293361e-01 3.029931e-01 3.109045e-01 2.838728e-01 2.809124e-01 4.153972e-01 3.386964e-01 2.868498e-01 2.205828e-01 3.675672e-01 3.896734e-01 3.715987e-01 3.286704e-01 3.224773e-01 4.220651e-01 3.714875e-01 4.078192e-01 2.676455e-01 3.907607e-01 3.756251e-01 3.673711e-01 2.741308e-01 2.850028e-01 2.457698e-01 3.459351e-01 4.117101e-01 3.921532e-01 3.898323e-01 3.875287e-01 4.113024e-01 2.856099e-01 3.140194e-01 3.979547e-01 3.463928e-01 4.174828e-01 3.617213e-01 3.857946e-01 4.260072e-01 2.654258e-01 3.093943e-01 4.116675e-01 3.973849e-01 4.600374e-01 3.723994e-01 4.404017e-01 3.524933e-01 2.959108e-01 3.018419e-01 3.446526e-01 3.332444e-01 3.824063e-01 3.975182e-01 4.038342e-01 2.855979e-01 3.339204e-01 2.424506e-01 4.002351e-01 3.457586e-01 4.084067e-01 4.743598e-01 3.904676e-01 3.113469e-01 4.049695e-01 4.481964e-01 4.103833e-01 4.388904e-01 3.619523e-01 3.328545e-01 2.884587e-01 2.802713e-01 3.348496e-01 3.835122e-01 3.271955e-01 2.913428e-01 3.831436e-01 3.052326e-01 3.095627e-01 2.811134e-01 3.108188e-01 4.215628e-01 3.101406e-01 4.014745e-01 4.060541e-01 4.235937e-01 4.276081e-01 4.709307e-01 4.106683e-01 3.195995e-01 3.509678e-01 3.891285e-01 4.206836e-01 3.560255e-01 3.532022e-01 3.832029e-01 3.672737e-01 3.474854e-01 3.263630e-01 4.290509e-01 3.481163e-01 3.679841e-01 3.811924e-01 3.631901e-01 3.094872e-01 3.086902e-01 3.730068e-01 4.729058e-01
<VARIANCE> 142
 2.000000e-01 2.000000e-01 2.000000e-01 2.000000e-01 2.000000e-01 2.000000e-01 2.000000e-01 2.000000e-01 2.000000e-01 2.000000e-01 2.000000e-01 2.000000e-01 2.000000e-01 2.000000e-01 2.000000e-01 2.000000e-01 2.000000e-01 2.000000e-01 2.000000e-01 2.000000e-01 2.000000e-01 2.000000e-01 2.000000e-01 2.000000e-01 2.000000e-01 2.000000e-01 2.000000e-01 2.000000e-01 2.000000e-01 2.000000e-01 2.000000e-01 2.000000e-01 2.000000e-01 2.000000e-01 2.000000e-01 2.000000e-01 2.000000e-01 2.000000e-01 2.000000e-01 2.000000e-01 2.000000e-01 2.000000e-01 2.000000e-01 2.000000e-01 2.000000e-01 2.000000e-01 2.000000e-01 2.000000e-01 2.000000e-01 2.000000e-01 2.000000e-01 2.000000e-01 2.000000e-01 2.000000e-01 2.000000e-01 2.000000e-01 2.000000e-01 2.000000e-01 2.000000e-01 2.000000e-01 2.000000e-01 2.000000e-01 2.000000e-01 2.000000e-01 2.000000e-01 2.000000e-01 2.000000e-01 2.000000e-01 2.000000e-01 2.000000e-01 2.000000e-01 2.000000e-01 2.000000e-01 2.000000e-01 2.000000e-01 2.000000e-01 2.000000e-01 2.000000e-01 2.000000e-01 2.000000e-01 2.000000e-01 2.000000e-01 2.000000e-01 2.000000e-01 2.000000e-01 2.000000e-01 2.000000e-01 2.000000e-01 2.000000e-01 2.000000e-01 2.000000e-01 2.000000e-01 2.000000e-01 2.000000e-01 2.000000e-01 2.000000e-01 2.000000e-01 2.000000e-01 2.000000e-01 2.000000e-01 2.000000e-01 2.000000e-01 2.000000e-01 2.000000e-01 2.000000e-01 2.000000e-01 2.000000e-01 2.000000e-01 2.000000e-01 2.000000e-01 2.000000e-01 2.000000e-01 2.000000e-01 2.000000e-01 2.000000e-01 2.000000e-01 2.000000e-01 2.000000e-01 2.000000e-01 2.000000e-01 2.000000e-01 2.000000e-01 2.000000e-01 2.000000e-01 2.000000e-01 2.000000e-01 2.000000e-01 2.000000e-01 2.000000e-01 2.000000e-01 2.000000e-01 2.000000e-01 2.000000e-01 2.000000e-01 2.000000e-01 2.000000e-01 2.000000e-01 2.000000e-01 2.000000e-01 2.000000e-01 2.000000e-01 2.000000e-01
<GCONST> 3.243863e+01
<STATE> 3
<MEAN> 142
 6.489405e-01 3.491572e-01 3.816745e-01 3.837323e-01 3.404309e-01 4.378434e-01 5.059915e-01 3.916199e-01 3.910584e-01 3.996224e-01 3.957936e-01 4.606549e-01 4.474055e-01 4.102091e-01 3.577013e-01 4.002039e-01 4.299384e-01 4.041448e-01 3.422197e-01 4.104812e-01 4.732081e-01 4.457398e-01 4.033166e-01 4.126686e-01 4.253327e-01 4.434409e-01 4.108084e-01 3.859043e-01 3.698322e-01 4.385674e-01 5.048499e-01 4.205209e-01 5.375588e-01 4.399771e-01 4.130014e-01 3.920242e-01 3.466619e-01 3.656267e-01 3.292679e-01 4.715261e-01 3.521073e-01 3.815146e-01 3.578757e-01 3.474842e-01 3.310601e-01 4.050591e-01 4.285169e-01 4.534515e-01 4.220295e-01 3.729371e-01 5.443789e-01 4.184716e-01 4.373704e-01 3.400235e-01 4.985022e-01 3.291885e-01 4.021106e-01 3.448235e-01 3.892385e-01 3.947169e-01 5.233317e-01 4.274864e-01 3.675200e-01 3.977158e-01 4.255897e-01 4.535409e-01 4.023831e-01 4.908998e-01 5.046368e-01 4.227788e-01 4.683127e-01 5.329724e-01 4.307279e-01 4.050070e-01 3.926693e-01 4.551873e-01 4.987681e-01 3.913282e-01 4.385812e-01 3.989203e-01 4.237225e-01 3.347459e-01 3.965003e-01 4.312624e-01 4.252755e-01 5.346013e-01 4.350097e-01 4.336200e-01 4.616054e-01 4.781384e-01 3.952622e-01 5.129529e-01 4.119199e-01 3.660309e-01 4.215670e-01 4.322999e-01 4.275986e-01 3.320739e-01 4.291817e-01 4.529551e-01 3.456739e-01 4.990225e-01 3.660832e-01 3.974576e-01 3.332662e-01 3.079521e-01 4.083588e-01 4.035031e-01 4.239047e-01 4.092614e-01 4.382544e-01 3.911960e-01 3.892369e-01 3.368289e-01 3.675901e-01 4.941320e-01 3.797740e-01 3.790924e-01 4.189291e-01 4.315546e-01 3.829459e-01 4.879099e-01 4.115141e-01 5.242237e-01 4.156514e-01 3.949171e-01 4.411042e-01 3.447642e-01 3.227686e-01 4.140990e-01 4.379851e-01 3.628903e-01 4.783479e-01 3.950993e-01 3.795888e-01 4.141591e-01 5.085707e-01 4.316380e-01 4.525789e-01 3.562715e-01 4.467501e-01 4.568193e-01
<VARIANCE> 142
 2.000000e-01 2.000000e-01 2.000000e-01 2.000000e-01 2.000000e-01 2.000000e-01 2.000000e-01 2.000000e-01 2.000000e-01 2.000000e-01 2.000000e-01 2.000000e-01 2.000000e-01 2.000000e-01 2.000000e-01 2.000000e-01 2.000000e-01 2.000000e-01 2.000000e-01 2.000000e-01 2.000000e-01 2.000000e-01 2.000000e-01 2.000000e-01 2.000000e-01 2.000000e-01 2.000000e-01 2.000000e-01 2.000000e-01 2.000000e-01 2.000000e-01 2.000000e-01 2.000000e-01 2.000000e-01 2.000000e-01 2.000000e-01 2.000000e-01 2.000000e-01 2.000000e-01 2.000000e-01 2.000000e-01 2.000000e-01 2.000000e-01 2.000000e-01 2.000000e-01 2.000000e-01 2.000000e-01 2.000000e-01 2.000000e-01 2.000000e-01 2.000000e-01 2.000000e-01 2.000000e-01 2.000000e-01 2.000000e-01 2.000000e-01 2.000000e-01 2.000000e-01 2.000000e-01 2.000000e-01 2.000000e-01 2.000000e-01 2.000000e-01 2.000000e-01 2.000000e-01 2.000000e-01 2.000000e-01 2.000000e-01 2.000000e-01 2.000000e-01 2.000000e-01 2.000000e-01 2.000000e-01 2.000000e-01 2.000000e-01 2.000000e-01 2.000000e-01 2.000000e-01 2.000000e-01 2.000000e-01 2.000000e-01 2.000000e-01 2.000000e-01 2.000000e-01 2.000000e-01 2.000000e-01 2.000000e-01 2.000000e-01 2.000000e-01 2.000000e-01 2.000000e-01 2.000000e-01 2.000000e-01 2.000000e-01 2.000000e-01 2.000000e-01 2.000000e-01 2.000000e-01 2.000000e-01 2.000000e-01 2.000000e-01 2.000000e-01 2.000000e-01 2.000000e-01 2.000000e-01 2.000000e-01 2.000000e-01 2.000000e-01 2.000000e-01 2.000000e-01 2.000000e-01 2.000000e-01 2.000000e-01 2.000000e-01 2.000000e-01 2.000000e-01 2.000000e-01 2.000000e-01 2.000000e-01 2.000000e-01 2.000000e-01 2.000000e-01 2.000000e-01 2.000000e-01 2.000000e-01 2.000000e-01 2.000000e-01 2.000000e-01 2.000000e-01 2.000000e-01 2.000000e-01 2.000000e-01 2.000000e-01 2.000000e-01 2.000000e-01 2.000000e-01 2.000000e-01 2.000000e-01 2.000000e-01 2.000000e-01 2.000000e-01 2.000000e-01
<GCONST> 3.243863e+01
<TRANSP> 4
 0.000000e+00 1.000000e+00 0.000000e+00 0.000000e+00
 0.000000e+00 8.765378e-01 1.234623e-01 0.000000e+00
 0.000000e+00 0.000000e+00 8.477240e-01 1.522761e-01
 0.000000e+00 0.000000e+00 0.000000e+00 0.000000e+00
<ENDHMM>
