~o
<STREAMINFO> 1 142
<VECSIZE> 142<NULLD><USER><DIAGC>
~h "mother"
<BEGINHMM>
<NUMSTATES> 4
<STATE> 2
<MEAN> 142
 5.237522e-01 3.692440e-01 2.756918e-01 3.094976e-01 2.730190e-01 1.759362e-01 2.991233e-01 2.808530e-01 3.571493e-01 4.299508e-01 4.125747e-01 4.040000e-01 3.617350e-01 4.320031e-01 3.769263e-01 3.133952e-01 3.782916e-01 3.892789e-01 2.108701e-01 3.143621e-01 4.160696e-01 4.502531e-01 3.157174e-01 4.777927e-01 4.768969e-01 3.610714e-01 3.850343e-01 3.861324e-01 4.636350e-01 3.843130e-01 4.508701e-01 4.243788e-01 2.892833e-01 4.575273e-01 4.242258e-01 3.739377e-01 3.803190e-01 3.589632e-01 4.172434e-01 2.837864e-01 3.592411e-01 4.864782e-01 3.026937e-01 2.856091e-01 1.757943e-01 3.283640e-01 4.247668e-01 4.066618e-01 3.850730e-01 2.879720e-01 4.333186e-01 3.968047e-01 4.221314e-01 2.832741e-01 3.576785e-01 3.768142e-01 3.555638e-01 2.852984e-01 2.768448e-01 2.886796e-01 3.562985e-01 4.513251e-01 3.719598e-01 4.015737e-01 3.754095e-01 3.900638e-01 3.559016e-01 3.251976e-01 3.683509e-01 3.859408e-01 3.942887e-01 2.960305e-01 3.763838e-01 3.498572e-01 2.698198e-01 3.184940e-01 3.613287e-01 4.403837e-01 4.316338e-01 4.211666e-01 4.514879e-01 3.971337e-01 4.286951e-01 3.599418e-01 2.798211e-01 3.303838e-01 3.645344e-01 4.030435e-01 4.480635e-01 2.840523e-01 3.290302e-01 2.292783e-01 3.756577e-01 3.178445e-01 4.234658e-01 4.155987e-01 4.015967e-01 3.113981e-01 4.504931e-01 3.941745e-01 3.929747e-01 4.282471e-01 3.150210e-01 3.662733e-01 2.832613e-01 2.786843e-01 3.492020e-01 3.800295e-01 3.460609e-01 3.065839e-01 3.484642e-01 3.045130e-01 2.906050e-01 3.496481e-01 3.221630e-01 3.244378e-01 3.727443e-01 4.477560e-01 3.890549e-01 3.923050e-01 4.157254e-01 4.315458e-01 4.363912e-01 2.842130e-01 3.333144e-01 3.639220e-01 3.685519e-01 3.801746e-01 3.757332e-01 3.479824e-01 3.253548e-01 4.257714e-01 3.035059e-01 4.109260e-01 4.220964e-01 3.881188e-01 3.773251e-01 4.782259e-01 3.391623e-01 4.104188e-01 4.280091e-01 3.762139e-01
<VARIANCE> 142
 2.000000e-01 2.000000e-01 2.000000e-01 2.000000e-01 2.000000e-01 2.000000e-01 2.000000e-01 2.000000e-01 2.000000e-01 2.000000e-01 2.000000e-01 2.000000e-01 2.000000e-01 2.000000e-01 2.000000e-01 2.000000e-01 2.000000e-01 2.000000e-01 2.000000e-01 2.000000e-01 2.000000e-01 2.000000e-01 2.000000e-01 2.000000e-01 2.000000e-01 2.000000e-01 2.000000e-01 2.000000e-01 2.000000e-01 2.000000e-01 2.000000e-01 2.000000e-01 2.000000e-01 2.000000e-01 2.000000e-01 2.000000e-01 2.000000e-01 2.000000e-01 2.000000e-01 2.000000e-01 2.000000e-01 2.000000e-01 2.000000e-01 2.000000e-01 2.000000e-01 2.000000e-01 2.000000e-01 2.000000e-01 2.000000e-01 2.000000e-01 2.000000e-01 2.000000e-01 2.000000e-01 2.000000e-01 2.000000e-01 2.000000e-01 2.000000e-01 2.000000e-01 2.000000e-01 2.000000e-01 2.000000e-01 2.000000e-01 2.000000e-01 2.000000e-01 2.000000e-01 2.000000e-01 2.000000e-01 2.000000e-01 2.000000e-01 2.000000e-01 2.000000e-01 2.000000e-01 2.000000e-01 2.000000e-01 2.000000e-01 2.000000e-01 2.000000e-01 2.000000e-01 2.000000e-01 2.000000e-01 2.000000e-01 2.000000e-01 2.000000e-01 2.000000e-01 2.000000e-01 2.000000e-01 2.000000e-01 2.000000e-01 2.000000e-01 2.000000e-01 2.000000e-01 2.000000e-01 2.000000e-01 2.000000e-01 2.000000e-01 2.000000e-01 2.000000e-01 2.000000e-01 2.000000e-01 2.000000e-01 2.000000e-01 2.000000e-01 2.000000e-01 2.000000e-01 2.000000e-01 2.000000e-01 2.000000e-01 2.000000e-01 2.000000e-01 2.000000e-01 2.000000e-01 2.000000e-01 2.000000e-01 2.000000e-01 2.000000e-01 2.000000e-01 2.000000e-01 2.000000e-01 2.000000e-01 2.000000e-01 2.000000e-01 2.000000e-01 2.000000e-01 2.000000e-01 2.000000e-01 2.000000e-01 2.000000e-01 2.000000e-01 2.000000e-01 2.000000e-01 2.000000e-01 2.000000e-01 2.000000e-01 2.000000e-01 2.000000e-01 2.000000e-01 2.000000e-01 2.000000e-01 2.000000e-01 2.000000e-01 2.000000e-01 2.000000e-01
<GCONST> 3.243863e+01
<STATE> 3
<MEAN> 142
 7.200842e-01 3.459912e-01 4.228973e-01 3.931817e-01 3.178824e-01 3.820929e-01 4.581808e-01 3.326757e-01 3.513101e-01 3.997543e-01 4.532716e-01 4.202576e-01 3.738979e-01 4.391480e-01 2.943436e-01 3.887151e-01 3.738925e-01 3.784573e-01 3.739848e-01 3.308027e-01 5.170266e-01 4.997993e-01 4.538173e-01 4.598653e-01 4.690884e-01 3.965493e-01 4.760111e-01 3.883452e-01 4.036041e-01 3.909743e-01 4.955856e-01 4.128017e-01 5.074710e-01 4.594008e-01 4.322364e-01 3.498196e-01 3.704175e-01 3.161237e-01 3.090405e-01 3.644729e-01 3.541749e-01 4.008429e-01 3.735507e-01 3.183327e-01 3.521288e-01 4.085431e-01 4.322072e-01 3.438266e-01 4.175359e-01 4.218639e-01 5.434654e-01 3.657553e-01 4.148686e-01 2.735660e-01 4.869185e-01 3.177244e-01 4.531097e-01 3.516819e-01 3.812845e-01 4.590169e-01 5.074858e-01 4.564786e-01 3.345557e-01 3.865190e-01 3.482366e-01 5.127134e-01 3.190672e-01 4.344866e-01 4.615234e-01 3.524781e-01 4.493031e-01 5.109917e-01 4.257807e-01 4.203810e-01 3.720379e-01 3.968920e-01 4.825180e-01 4.176570e-01 4.373078e-01 4.705596e-01 4.456213e-01 3.476793e-01 3.870912e-01 5.204906e-01 3.793961e-01 4.962380e-01 3.936769e-01 4.400592e-01 5.138115e-01 4.592758e-01 3.805456e-01 4.268280e-01 4.168022e-01 3.610578e-01 4.415699e-01 4.367687e-01 3.888602e-01 3.337519e-01 3.848237e-01 4.448203e-01 3.371941e-01 5.073958e-01 3.329532e-01 3.642619e-01 3.345056e-01 2.881105e-01 3.946791e-01 3.442000e-01 4.837527e-01 4.290327e-01 4.051362e-01 4.187613e-01 3.689119e-01 3.234829e-01 3.724402e-01 4.544429e-01 4.487688e-01 4.328685e-01 4.605574e-01 4.270064e-01 3.848137e-01 4.987942e-01 4.536171e-01 4.957169e-01 4.017552e-01 4.102202e-01 4.557975e-01 3.184588e-01 3.516946e-01 4.287425e-01 4.005131e-01 3.756158e-01 4.279956e-01 3.908359e-01 3.341511e-01 3.809441e-01 5.072015e-01 3.887148e-01 3.486632e-01 4.103658e-01 4.478789e-01 4.637465e-01
<VARIANCE> 142
 2.000000e-01 2.000000e-01 2.000000e-01 2.000000e-01 2.000000e-01 2.000000e-01 2.000000e-01 2.000000e-01 2.000000e-01 2.000000e-01 2.000000e-01 2.000000e-01 2.000000e-01 2.000000e-01 2.000000e-01 2.000000e-01 2.000000e-01 2.000000e-01 2.000000e-01 2.000000e-01 2.000000e-01 2.000000e-01 2.000000e-01 2.000000e-01 2.000000e-01 2.000000e-01 2.000000e-01 2.000000e-01 2.000000e-01 2.000000e-01 2.000000e-01 2.000000e-01 2.000000e-01 2.000000e-01 2.000000e-01 2.000000e-01 2.000000e-01 2.000000e-01 2.000000e-01 2.000000e-01 2.000000e-01 2.000000e-01 2.000000e-01 2.000000e-01 2.000000e-01 2.000000e-01 2.000000e-01 2.000000e-01 2.000000e-01 2.000000e-01 2.000000e-01 2.000000e-01 2.000000e-01 2.000000e-01 2.000000e-01 2.000000e-01 2.000000e-01 2.000000e-01 2.000000e-01 2.000000e-01 2.000000e-01 2.000000e-01 2.000000e-01 2.000000e-01 2.000000e-01 2.000000e-01 2.000000e-01 2.000000e-01 2.000000e-01 2.000000e-01 2.000000e-01 2.000000e-01 2.000000e-01 2.000000e-01 2.000000e-01 2.000000e-01 2.000000e-01 2.000000e-01 2.000000e-01 2.000000e-01 2.000000e-01 2.000000e-01 2.000000e-01 2.000000e-01 2.000000e-01 2.000000e-01 2.000000e-01 2.000000e-01 2.000000e-01 2.000000e-01 2.000000e-01 2.000000e-01 2.000000e-01 2.000000e-01 2.000000e-01 2.000000e-01 2.000000e-01 2.000000e-01 2.000000e-01 2.000000e-01 2.000000e-01 2.000000e-01 2.000000e-01 2.000000e-01 2.000000e-01 2.000000e-01 2.000000e-01 2.000000e-01 2.000000e-01 2.000000e-01 2.000000e-01 2.000000e-01 2.000000e-01 2.000000e-01 2.000000e-01 2.000000e-01 2.000000e-01 2.000000e-01 2.000000e-01 2.000000e-01 2.000000e-01 2.000000e-01 2.000000e-01 2.000000e-01 2.000000e-01 2.000000e-01 2.000000e-01 2.000000e-01 2.000000e-01 2.000000e-01 2.000000e-01 2.000000e-01 2.000000e-01 2.000000e-01 2.000000e-01 2.000000e-01 2.000000e-01 2.000000e-01 2.000000e-01 2.000000e-01 2.000000e-01 2.000000e-01
<GCONST> 3.243863e+01
<TRANSP> 4
 0.000000e+00 1.000000e+00 0.000000e+00 0.000000e+00
 0.000000e+00 8.758135e-01 1.241865e-01 0.000000e+00
 0.000000e+00 0.000000e+00 8.318650e-01 1.681351e-01
 0.000000e+00 0.000000e+00 0.000000e+00 0.000000e+00
<ENDHMM>
