~o
<STREAMINFO> 1 142
<VECSIZE> 142<NULLD><USER><DIAGC>
~h "nice"
<BEGINHMM>
<NUMSTATES> 4
<STATE> 2
<MEAN> 142
 5.094434e-01 3.335090e-01 3.673809e-01 3.397761e-01 3.215387e-01 3.184106e-01 3.297810e-01 3.657259e-01 4.217359e-01 4.737019e-01 5.105441e-01 4.372538e-01 3.711152e-01 5.337303e-01 3.413632e-01 3.558269e-01 3.893251e-01 4.175214e-01 3.940161e-01 4.096882e-01 4.880638e-01 5.164527e-01 4.387282e-01 4.662654e-01 5.314190e-01 3.695796e-01 4.402883e-01 3.702992e-01 5.113776e-01 4.322999e-01 4.807121e-01 3.608954e-01 2.691168e-01 5.517332e-01 4.487221e-01 3.517413e-01 3.750064e-01 4.246096e-01 4.739452e-01 3.414900e-01 3.927440e-01 4.564779e-01 4.118040e-01 3.753728e-01 1.504146e-01 3.138001e-01 4.077686e-01 4.604311e-01 4.022946e-01 3.868152e-01 5.187666e-01 5.059866e-01 4.774557e-01 2.791044e-01 3.613935e-01 4.248834e-01 4.758623e-01 3.696210e-01 4.042498e-01 3.676199e-01 4.138564e-01 4.132474e-01 3.910739e-01 4.210896e-01 3.926569e-01 3.997810e-01 4.602541e-01 3.987239e-01 3.548369e-01 4.527253e-01 4.771091e-01 3.567528e-01 3.736805e-01 4.417492e-01 3.394588e-01 3.698051e-01 4.015888e-01 3.360695e-01 5.385897e-01 4.807937e-01 5.046172e-01 3.356684e-01 4.429775e-01 3.789188e-01 3.087665e-01 2.947936e-01 3.614008e-01 4.582566e-01 5.187944e-01 2.941336e-01 3.753389e-01 2.423568e-01 4.456261e-01 3.317635e-01 3.642274e-01 4.818395e-01 4.265532e-01 3.615620e-01 5.194144e-01 4.799614e-01 4.724403e-01 4.472397e-01 3.970803e-01 4.453614e-01 3.496431e-01 3.478766e-01 3.992709e-01 4.622325e-01 4.434189e-01 3.591907e-01 3.953064e-01 3.549592e-01 2.854375e-01 3.435911e-01 3.630311e-01 3.807058e-01 4.552235e-01 4.327565e-01 4.236089e-01 3.857582e-01 4.268232e-01 4.222214e-01 4.595439e-01 2.712607e-01 4.165438e-01 3.729203e-01 3.654093e-01 4.386522e-01 4.024741e-01 4.779313e-01 3.856724e-01 4.015747e-01 3.238983e-01 4.919848e-01 3.820210e-01 4.418916e-01 3.384980e-01 4.122227e-01 3.802620e-01 3.981553e-01 3.950983e-01 4.293614e-01
<VARIANCE> 142
 2.000000e-01 2.000000e-01 2.000000e-01 2.000000e-01 2.000000e-01 2.000000e-01 2.000000e-01 2.000000e-01 2.000000e-01 2.000000e-01 2.000000e-01 2.000000e-01 2.000000e-01 2.000000e-01 2.000000e-01 2.000000e-01 2.000000e-01 2.000000e-01 2.000000e-01 2.000000e-01 2.000000e-01 2.000000e-01 2.000000e-01 2.000000e-01 2.000000e-01 2.000000e-01 2.000000e-01 2.000000e-01 2.000000e-01 2.000000e-01 2.000000e-01 2.000000e-01 2.000000e-01 2.000000e-01 2.000000e-01 2.000000e-01 2.000000e-01 2.000000e-01 2.000000e-01 2.000000e-01 2.000000e-01 2.000000e-01 2.000000e-01 2.000000e-01 2.000000e-01 2.000000e-01 2.000000e-01 2.000000e-01 2.000000e-01 2.000000e-01 2.000000e-01 2.000000e-01 2.000000e-01 2.000000e-01 2.000000e-01 2.000000e-01 2.000000e-01 2.000000e-01 2.000000e-01 2.000000e-01 2.000000e-01 2.000000e-01 2.000000e-01 2.000000e-01 2.000000e-01 2.000000e-01 2.000000e-01 2.000000e-01 2.000000e-01 2.000000e-01 2.000000e-01 2.000000e-01 2.000000e-01 2.000000e-01 2.000000e-01 2.000000e-01 2.000000e-01 2.000000e-01 2.000000e-01 2.000000e-01 2.000000e-01 2.000000e-01 2.000000e-01 2.000000e-01 2.000000e-01 2.000000e-01 2.000000e-01 2.000000e-01 2.000000e-01 2.000000e-01 2.000000e-01 2.000000e-01 2.000000e-01 2.000000e-01 2.000000e-01 2.000000e-01 2.000000e-01 2.000000e-01 2.000000e-01 2.000000e-01 2.000000e-01 2.000000e-01 2.000000e-01 2.000000e-01 2.000000e-01 2.000000e-01 2.000000e-01 2.000000e-01 2.000000e-01 2.000000e-01 2.000000e-01 2.000000e-01 2.000000e-01 2.000000e-01 2.000000e-01 2.000000e-01 2.000000e-01 2.000000e-01 2.000000e-01 2.000000e-01 2.000000e-01 2.000000e-01 2.000000e-01 2.000000e-01 2.000000e-01 2.000000e-01 2.000000e-01 2.000000e-01 2.000000e-01 2.000000e-01 2.000000e-01 2.000000e-01 2.000000e-01 2.000000e-01 2.000000e-01 2.000000e-01 2.000000e-01 2.000000e-01 2.000000e-01 2.000000e-01 2.000000e-01 2.000000e-01
<GCONST> 3.243863e+01
<STATE> 3
<MEAN> 142
 7.306142e-01 3.920356e-01 3.813582e-01 3.757291e-01 2.729027e-01 3.144889e-01 4.217863e-01 4.365421e-01 3.173466e-01 3.485191e-01 3.931367e-01 4.365265e-01 4.115421e-01 4.357645e-01 2.924591e-01 3.497795e-01 3.908288e-01 3.990530e-01 3.038553e-01 4.109685e-01 4.764517e-01 4.403140e-01 3.801963e-01 4.030487e-01 4.273866e-01 3.741255e-01 3.889793e-01 4.263549e-01 3.526617e-01 3.254681e-01 4.357264e-01 4.932415e-01 5.499050e-01 4.185416e-01 4.069234e-01 4.109745e-01 3.082727e-01 2.581711e-01 3.119953e-01 3.288028e-01 3.117928e-01 4.457208e-01 2.531867e-01 3.818408e-01 2.252017e-01 4.699152e-01 4.366460e-01 3.788376e-01 3.887773e-01 3.018134e-01 4.748754e-01 3.866135e-01 3.611048e-01 2.619467e-01 4.877500e-01 3.360601e-01 3.587988e-01 3.441580e-01 3.228582e-01 2.611811e-01 4.670821e-01 5.354109e-01 4.031752e-01 4.204312e-01 4.010220e-01 5.040528e-01 2.873938e-01 3.579313e-01 4.809627e-01 3.090819e-01 5.054337e-01 4.940377e-01 4.499346e-01 3.758990e-01 3.716391e-01 3.917381e-01 5.102773e-01 4.661473e-01 3.880284e-01 4.012057e-01 4.169201e-01 3.670150e-01 3.365646e-01 4.158196e-01 3.208696e-01 5.357576e-01 4.176577e-01 4.157730e-01 4.170022e-01 3.563791e-01 3.574830e-01 3.779004e-01 4.097165e-01 3.565957e-01 4.260664e-01 4.516437e-01 4.519228e-01 2.780280e-01 3.655514e-01 4.013569e-01 3.276955e-01 4.691936e-01 3.617788e-01 3.019567e-01 3.050296e-01 2.764835e-01 3.623401e-01 3.101771e-01 3.850626e-01 3.635412e-01 3.852557e-01 3.439088e-01 3.605654e-01 3.080083e-01 3.915296e-01 3.875542e-01 3.716915e-01 4.024834e-01 4.282847e-01 3.918863e-01 4.193562e-01 5.425140e-01 5.128676e-01 4.142414e-01 4.349829e-01 4.751767e-01 3.605066e-01 3.109416e-01 3.428556e-01 4.173016e-01 4.128017e-01 3.824980e-01 4.517593e-01 3.630936e-01 3.693206e-01 3.796200e-01 4.658056e-01 4.230353e-01 3.292545e-01 3.674013e-01 5.306761e-01 5.389847e-01
<VARIANCE> 142
 2.000000e-01 2.000000e-01 2.000000e-01 2.000000e-01 2.000000e-01 2.000000e-01 2.000000e-01 2.000000e-01 2.000000e-01 2.000000e-01 2.000000e-01 2.000000e-01 2.000000e-01 2.000000e-01 2.000000e-01 2.000000e-01 2.000000e-01 2.000000e-01 2.000000e-01 2.000000e-01 2.000000e-01 2.000000e-01 2.000000e-01 2.000000e-01 2.000000e-01 2.000000e-01 2.000000e-01 2.000000e-01 2.000000e-01 2.000000e-01 2.000000e-01 2.000000e-01 2.000000e-01 2.000000e-01 2.000000e-01 2.000000e-01 2.000000e-01 2.000000e-01 2.000000e-01 2.000000e-01 2.000000e-01 2.000000e-01 2.000000e-01 2.000000e-01 2.000000e-01 2.000000e-01 2.000000e-01 2.000000e-01 2.000000e-01 2.000000e-01 2.000000e-01 2.000000e-01 2.000000e-01 2.000000e-01 2.000000e-01 2.000000e-01 2.000000e-01 2.000000e-01 2.000000e-01 2.000000e-01 2.000000e-01 2.000000e-01 2.000000e-01 2.000000e-01 2.000000e-01 2.000000e-01 2.000000e-01 2.000000e-01 2.000000e-01 2.000000e-01 2.000000e-01 2.000000e-01 2.000000e-01 2.000000e-01 2.000000e-01 2.000000e-01 2.000000e-01 2.000000e-01 2.000000e-01 2.000000e-01 2.000000e-01 2.000000e-01 2.000000e-01 2.000000e-01 2.000000e-01 2.000000e-01 2.000000e-01 2.000000e-01 2.000000e-01 2.000000e-01 2.000000e-01 2.000000e-01 2.000000e-01 2.000000e-01 2.000000e-01 2.000000e-01 2.000000e-01 2.000000e-01 2.000000e-01 2.000000e-01 2.000000e-01 2.000000e-01 2.000000e-01 2.000000e-01 2.000000e-01 2.000000e-01 2.000000e-01 2.000000e-01 2.000000e-01 2.000000e-01 2.000000e-01 2.000000e-01 2.000000e-01 2.000000e-01 2.000000e-01 2.000000e-01 2.000000e-01 2.000000e-01 2.000000e-01 2.000000e-01 2.000000e-01 2.000000e-01 2.000000e-01 2.000000e-01 2.000000e-01 2.000000e-01 2.000000e-01 2.000000e-01 2.000000e-01 2.000000e-01 2.000000e-01 2.000000e-01 2.000000e-01 2.000000e-01 2.000000e-01 2.000000e-01 2.000000e-01 2.000000e-01 2.000000e-01 2.000000e-01 2.000000e-01 2.000000e-01
<GCONST> 3.243863e+01
<TRANSP> 4
 0.000000e+00 1.000000e+00 0.000000e+00 0.000000e+00
 0.000000e+00 8.630154e-01 1.369846e-01 0.000000e+00
 0.000000e+00 0.000000e+00 8.795168e-01 1.204832e-01
 0.000000e+00 0.000000e+00 0.000000e+00 0.000000e+00
<ENDHMM>
