~o
<STREAMINFO> 1 142
<VECSIZE> 142<NULLD><USER><DIAGC>
~h "pass_out"
<BEGINHMM>
<NUMSTATES> 4
<STATE> 2
<MEAN> 142
 5.872315e-01 4.000131e-01 3.722373e-01 3.727940e-01 3.033611e-01 3.101057e-01 3.748176e-01 2.971695e-01 3.764586e-01 3.900457e-01 4.528094e-01 4.531741e-01 3.532081e-01 4.822445e-01 3.423044e-01 2.996711e-01 3.781843e-01 4.238365e-01 3.017471e-01 3.467848e-01 4.319544e-01 4.555297e-01 3.340339e-01 4.580716e-01 4.663140e-01 4.291956e-01 4.033723e-01 4.112889e-01 4.539597e-01 4.292367e-01 4.382014e-01 4.607632e-01 4.069672e-01 4.380392e-01 4.355592e-01 3.285610e-01 3.642286e-01 3.083979e-01 3.612297e-01 3.511496e-01 3.376523e-01 4.209684e-01 3.254875e-01 2.967096e-01 2.649589e-01 3.969668e-01 4.121557e-01 3.769677e-01 3.781278e-01 3.761900e-01 4.769567e-01 3.813917e-01 4.594557e-01 2.561733e-01 4.593343e-01 4.560806e-01 3.821995e-01 3.148652e-01 3.176105e-01 3.661785e-01 3.972291e-01 4.568996e-01 4.120608e-01 4.051796e-01 4.332056e-01 4.052185e-01 3.177013e-01 3.827346e-01 4.345354e-01 4.014263e-01 4.482213e-01 4.420184e-01 3.673834e-01 4.286088e-01 3.346066e-01 3.657873e-01 4.602205e-01 4.778601e-01 4.483921e-01 3.915003e-01 5.046784e-01 4.023920e-01 3.659707e-01 4.200180e-01 3.507972e-01 4.170830e-01 4.104799e-01 4.544277e-01 4.592579e-01 3.774062e-01 4.128841e-01 3.306910e-01 4.674801e-01 3.746800e-01 4.209176e-01 4.971856e-01 4.250478e-01 3.964472e-01 3.993089e-01 4.688959e-01 4.005428e-01 4.867881e-01 3.747006e-01 3.955821e-01 3.146366e-01 2.379327e-01 3.900717e-01 3.677642e-01 4.222699e-01 3.714934e-01 4.336204e-01 4.007109e-01 3.684697e-01 3.515362e-01 3.971950e-01 4.275924e-01 4.033203e-01 4.197766e-01 4.690731e-01 4.085462e-01 4.330460e-01 4.698858e-01 4.511824e-01 4.353210e-01 3.442928e-01 3.986313e-01 4.757172e-01 4.025909e-01 3.624975e-01 3.740942e-01 4.060899e-01 4.243594e-01 4.090210e-01 4.332262e-01 3.821641e-01 4.114720e-01 4.116730e-01 4.291452e-01 3.578908e-01 4.019150e-01 4.064503e-01 4.711379e-01
<VARIANCE> 142
 2.000000e-01 2.000000e-01 2.000000e-01 2.000000e-01 2.000000e-01 2.000000e-01 2.000000e-01 2.000000e-01 2.000000e-01 2.000000e-01 2.000000e-01 2.000000e-01 2.000000e-01 2.000000e-01 2.000000e-01 2.000000e-01 2.000000e-01 2.000000e-01 2.000000e-01 2.000000e-01 2.000000e-01 2.000000e-01 2.000000e-01 2.000000e-01 2.000000e-01 2.000000e-01 2.000000e-01 2.000000e-01 2.000000e-01 2.000000e-01 2.000000e-01 2.000000e-01 2.000000e-01 2.000000e-01 2.000000e-01 2.000000e-01 2.000000e-01 2.000000e-01 2.000000e-01 2.000000e-01 2.000000e-01 2.000000e-01 2.000000e-01 2.000000e-01 2.000000e-01 2.000000e-01 2.000000e-01 2.000000e-01 2.000000e-01 2.000000e-01 2.000000e-01 2.000000e-01 2.000000e-01 2.000000e-01 2.000000e-01 2.000000e-01 2.000000e-01 2.000000e-01 2.000000e-01 2.000000e-01 2.000000e-01 2.000000e-01 2.000000e-01 2.000000e-01 2.000000e-01 2.000000e-01 2.000000e-01 2.000000e-01 2.000000e-01 2.000000e-01 2.000000e-01 2.000000e-01 2.000000e-01 2.000000e-01 2.000000e-01 2.000000e-01 2.000000e-01 2.000000e-01 2.000000e-01 2.000000e-01 2.000000e-01 2.000000e-01 2.000000e-01 2.000000e-01 2.000000e-01 2.000000e-01 2.000000e-01 2.000000e-01 2.000000e-01 2.000000e-01 2.000000e-01 2.000000e-01 2.000000e-01 2.000000e-01 2.000000e-01 2.000000e-01 2.000000e-01 2.000000e-01 2.000000e-01 2.000000e-01 2.000000e-01 2.000000e-01 2.000000e-01 2.000000e-01 2.000000e-01 2.000000e-01 2.000000e-01 2.000000e-01 2.000000e-01 2.000000e-01 2.000000e-01 2.000000e-01 2.000000e-01 2.000000e-01 2.000000e-01 2.000000e-01 2.000000e-01 2.000000e-01 2.000000e-01 2.000000e-01 2.000000e-01 2.000000e-01 2.000000e-01 2.000000e-01 2.000000e-01 2.000000e-01 2.000000e-01 2.000000e-01 2.000000e-01 2.000000e-01 2.000000e-01 2.000000e-01 2.000000e-01 2.000000e-01 2.000000e-01 2.000000e-01 2.000000e-01 2.000000e-01 2.000000e-01 2.000000e-01 2.000000e-01 2.000000e-01
<GCONST> 3.243863e+01
<STATE> 3
<MEAN> 142
 4.961672e-01 3.351291e-01 5.298234e-01 4.377632e-01 4.440253e-01 5.306506e-01 5.034972e-01 4.204960e-01 4.543198e-01 4.741239e-01 5.636032e-01 4.327269e-01 3.907081e-01 5.858310e-01 4.162595e-01 4.603565e-01 3.759300e-01 3.203267e-01 5.044416e-01 4.309234e-01 6.749238e-01 6.081358e-01 5.160565e-01 5.067609e-01 6.197442e-01 4.344675e-01 5.771369e-01 3.570430e-01 4.020036e-01 4.095929e-01 5.256543e-01 4.029791e-01 4.218947e-01 5.263900e-01 4.843964e-01 3.948566e-01 5.099244e-01 3.127300e-01 4.264443e-01 5.246016e-01 3.686045e-01 3.991452e-01 4.179765e-01 4.372926e-01 2.988929e-01 4.177865e-01 4.955974e-01 4.543681e-01 5.271354e-01 4.054800e-01 4.845701e-01 3.967409e-01 5.025328e-01 2.816273e-01 3.893734e-01 4.253326e-01 5.929273e-01 5.328810e-01 4.829373e-01 5.444387e-01 4.868756e-01 4.762801e-01 3.411871e-01 3.640356e-01 3.482268e-01 4.768677e-01 3.598529e-01 6.201360e-01 4.404013e-01 4.130288e-01 4.726301e-01 4.112242e-01 3.622848e-01 5.336958e-01 4.390433e-01 3.650075e-01 4.556892e-01 4.361177e-01 5.428104e-01 6.089064e-01 4.053056e-01 3.899386e-01 3.720607e-01 5.237203e-01 4.379653e-01 4.343791e-01 3.804128e-01 4.097243e-01 5.670577e-01 4.282927e-01 3.218831e-01 4.231907e-01 3.984441e-01 3.982554e-01 4.311454e-01 4.396961e-01 4.555121e-01 2.900364e-01 5.254851e-01 5.584256e-01 4.263036e-01 5.229298e-01 4.425661e-01 3.894514e-01 5.274377e-01 4.020802e-01 3.664086e-01 3.993324e-01 5.780420e-01 6.205345e-01 4.269122e-01 3.847720e-01 3.949486e-01 4.300483e-01 3.762850e-01 4.148885e-01 4.424371e-01 5.217728e-01 3.988741e-01 5.492905e-01 4.949177e-01 4.491322e-01 4.271029e-01 3.379511e-01 5.800573e-01 3.875834e-01 3.689514e-01 3.522270e-01 3.347959e-01 5.359544e-01 4.930641e-01 4.007262e-01 2.912613e-01 4.036349e-01 3.806531e-01 4.880520e-01 4.769472e-01 4.125944e-01 5.385995e-01 4.431235e-01 4.246942e-01 4.351816e-01
<VARIANCE> 142
 2.000000e-01 2.000000e-01 2.000000e-01 2.000000e-01 2.000000e-01 2.000000e-01 2.000000e-01 2.000000e-01 2.000000e-01 2.000000e-01 2.000000e-01 2.000000e-01 2.000000e-01 2.000000e-01 2.000000e-01 2.000000e-01 2.000000e-01 2.000000e-01 2.000000e-01 2.000000e-01 2.000000e-01 2.000000e-01 2.000000e-01 2.000000e-01 2.000000e-01 2.000000e-01 2.000000e-01 2.000000e-01 2.000000e-01 2.000000e-01 2.000000e-01 2.000000e-01 2.000000e-01 2.000000e-01 2.000000e-01 2.000000e-01 2.000000e-01 2.000000e-01 2.000000e-01 2.000000e-01 2.000000e-01 2.000000e-01 2.000000e-01 2.000000e-01 2.000000e-01 2.000000e-01 2.000000e-01 2.000000e-01 2.000000e-01 2.000000e-01 2.000000e-01 2.000000e-01 2.000000e-01 2.000000e-01 2.000000e-01 2.000000e-01 2.000000e-01 2.000000e-01 2.000000e-01 2.000000e-01 2.000000e-01 2.000000e-01 2.000000e-01 2.000000e-01 2.000000e-01 2.000000e-01 2.000000e-01 2.000000e-01 2.000000e-01 2.000000e-01 2.000000e-01 2.000000e-01 2.000000e-01 2.000000e-01 2.000000e-01 2.000000e-01 2.000000e-01 2.000000e-01 2.000000e-01 2.000000e-01 2.000000e-01 2.000000e-01 2.000000e-01 2.000000e-01 2.000000e-01 2.000000e-01 2.000000e-01 2.000000e-01 2.000000e-01 2.000000e-01 2.000000e-01 2.000000e-01 2.000000e-01 2.000000e-01 2.000000e-01 2.000000e-01 2.000000e-01 2.000000e-01 2.000000e-01 2.000000e-01 2.000000e-01 2.000000e-01 2.000000e-01 2.000000e-01 2.000000e-01 2.000000e-01 2.000000e-01 2.000000e-01 2.000000e-01 2.000000e-01 2.000000e-01 2.000000e-01 2.000000e-01 2.000000e-01 2.000000e-01 2.000000e-01 2.000000e-01 2.000000e-01 2.000000e-01 2.000000e-01 2.000000e-01 2.000000e-01 2.000000e-01 2.000000e-01 2.000000e-01 2.000000e-01 2.000000e-01 2.000000e-01 2.000000e-01 2.000000e-01 2.000000e-01 2.000000e-01 2.000000e-01 2.000000e-01 2.000000e-01 2.000000e-01 2.000000e-01 2.000000e-01 2.000000e-01 2.000000e-01 2.000000e-01 2.000000e-01
<GCONST> 3.243863e+01
<TRANSP> 4
 0.000000e+00 1.000000e+00 0.000000e+00 0.000000e+00
 0.000000e+00 8.853607e-01 1.146394e-01 0.000000e+00
 0.000000e+00 0.000000e+00 8.134443e-01 1.865557e-01
 0.000000e+00 0.000000e+00 0.000000e+00 0.000000e+00
<ENDHMM>
