~o
<STREAMINFO> 1 142
<VECSIZE> 142<NULLD><USER><DIAGC>
~h "philosophy"
<BEGINHMM>
<NUMSTATES> 4
<STATE> 2
<MEAN> 142
 5.225704e-01 3.370094e-01 3.434438e-01 3.553473e-01 2.976171e-01 2.363426e-01 2.772481e-01 2.329876e-01 3.669267e-01 4.517759e-01 4.408722e-01 4.391218e-01 3.538062e-01 5.057728e-01 2.815774e-01 2.819645e-01 3.620073e-01 4.172181e-01 3.758217e-01 3.337796e-01 3.703044e-01 4.362428e-01 4.102742e-01 5.070634e-01 5.219626e-01 3.414552e-01 3.981287e-01 4.490067e-01 5.196791e-01 4.477210e-01 4.181778e-01 3.750060e-01 2.947517e-01 4.982622e-01 4.365094e-01 3.301877e-01 3.628312e-01 4.095223e-01 4.197196e-01 3.034546e-01 4.236304e-01 4.916589e-01 4.253471e-01 2.472451e-01 1.771778e-01 3.618182e-01 3.746228e-01 3.539086e-01 3.345084e-01 3.990445e-01 4.808697e-01 4.145142e-01 4.559193e-01 3.238408e-01 4.437177e-01 3.913412e-01 3.476397e-01 2.719055e-01 3.782934e-01 3.124216e-01 3.628758e-01 4.112140e-01 4.094307e-01 4.604972e-01 4.074174e-01 3.483724e-01 4.112415e-01 3.527428e-01 3.478392e-01 4.427657e-01 4.370205e-01 3.999389e-01 3.349154e-01 3.891935e-01 2.337143e-01 3.194303e-01 3.773473e-01 3.544709e-01 5.021077e-01 4.321202e-01 5.144414e-01 4.379222e-01 3.531426e-01 3.813722e-01 3.094348e-01 2.739983e-01 3.820481e-01 4.685547e-01 4.639601e-01 3.387054e-01 4.312359e-01 2.152444e-01 4.000445e-01 4.461574e-01 3.837216e-01 4.179620e-01 3.880317e-01 3.918579e-01 5.011773e-01 4.232487e-01 4.505908e-01 4.072937e-01 3.898160e-01 4.520919e-01 3.008680e-01 3.430399e-01 3.998374e-01 4.619197e-01 3.677890e-01 3.327139e-01 4.276342e-01 3.954638e-01 2.997757e-01 3.020888e-01 3.869712e-01 4.294935e-01 4.240485e-01 3.859405e-01 4.578197e-01 3.563133e-01 4.540485e-01 4.170480e-01 4.449340e-01 4.162927e-01 3.719915e-01 3.956757e-01 4.307969e-01 4.462143e-01 5.655780e-01 3.374238e-01 2.822002e-01 4.147917e-01 3.579097e-01 4.099814e-01 3.677936e-01 4.282838e-01 2.821044e-01 3.908441e-01 3.149858e-01 3.605109e-01 4.472838e-01 3.807611e-01
<VARIANCE> 142
 2.000000e-01 2.000000e-01 2.000000e-01 2.000000e-01 2.000000e-01 2.000000e-01 2.000000e-01 2.000000e-01 2.000000e-01 2.000000e-01 2.000000e-01 2.000000e-01 2.000000e-01 2.000000e-01 2.000000e-01 2.000000e-01 2.000000e-01 2.000000e-01 2.000000e-01 2.000000e-01 2.000000e-01 2.000000e-01 2.000000e-01 2.000000e-01 2.000000e-01 2.000000e-01 2.000000e-01 2.000000e-01 2.000000e-01 2.000000e-01 2.000000e-01 2.000000e-01 2.000000e-01 2.000000e-01 2.000000e-01 2.000000e-01 2.000000e-01 2.000000e-01 2.000000e-01 2.000000e-01 2.000000e-01 2.000000e-01 2.000000e-01 2.000000e-01 2.000000e-01 2.000000e-01 2.000000e-01 2.000000e-01 2.000000e-01 2.000000e-01 2.000000e-01 2.000000e-01 2.000000e-01 2.000000e-01 2.000000e-01 2.000000e-01 2.000000e-01 2.000000e-01 2.000000e-01 2.000000e-01 2.000000e-01 2.000000e-01 2.000000e-01 2.000000e-01 2.000000e-01 2.000000e-01 2.000000e-01 2.000000e-01 2.000000e-01 2.000000e-01 2.000000e-01 2.000000e-01 2.000000e-01 2.000000e-01 2.000000e-01 2.000000e-01 2.000000e-01 2.000000e-01 2.000000e-01 2.000000e-01 2.000000e-01 2.000000e-01 2.000000e-01 2.000000e-01 2.000000e-01 2.000000e-01 2.000000e-01 2.000000e-01 2.000000e-01 2.000000e-01 2.000000e-01 2.000000e-01 2.000000e-01 2.000000e-01 2.000000e-01 2.000000e-01 2.000000e-01 2.000000e-01 2.000000e-01 2.000000e-01 2.000000e-01 2.000000e-01 2.000000e-01 2.000000e-01 2.000000e-01 2.000000e-01 2.000000e-01 2.000000e-01 2.000000e-01 2.000000e-01 2.000000e-01 2.000000e-01 2.000000e-01 2.000000e-01 2.000000e-01 2.000000e-01 2.000000e-01 2.000000e-01 2.000000e-01 2.000000e-01 2.000000e-01 2.000000e-01 2.000000e-01 2.000000e-01 2.000000e-01 2.000000e-01 2.000000e-01 2.000000e-01 2.000000e-01 2.000000e-01 2.000000e-01 2.000000e-01 2.000000e-01 2.000000e-01 2.000000e-01 2.000000e-01 2.000000e-01 2.000000e-01 2.000000e-01 2.000000e-01 2.000000e-01 2.000000e-01
<GCONST> 3.243863e+01
<STATE> 3
<MEAN> 142
 5.954755e-01 3.135166e-01 4.773252e-01 4.151407e-01 3.900339e-01 5.125335e-01 4.957983e-01 3.317948e-01 3.387220e-01 4.342117e-01 4.701929e-01 3.518263e-01 3.433847e-01 5.217971e-01 3.437556e-01 4.065582e-01 3.425011e-01 3.207492e-01 4.439292e-01 3.637117e-01 5.888779e-01 5.603504e-01 4.727456e-01 4.715403e-01 5.158854e-01 3.850490e-01 5.098270e-01 3.799423e-01 3.879983e-01 3.541369e-01 5.287398e-01 3.539990e-01 4.272715e-01 5.049915e-01 4.283951e-01 3.858570e-01 4.657209e-01 3.152876e-01 3.390551e-01 4.700085e-01 3.758819e-01 3.758463e-01 3.405326e-01 3.867585e-01 2.784212e-01 3.421633e-01 5.126245e-01 4.334894e-01 5.422646e-01 4.113983e-01 5.063407e-01 3.618169e-01 4.042153e-01 2.479740e-01 4.176886e-01 3.434080e-01 4.809668e-01 4.673813e-01 4.726600e-01 5.763496e-01 4.921377e-01 4.201444e-01 3.311725e-01 3.408800e-01 3.492776e-01 4.375068e-01 3.924601e-01 5.913143e-01 4.867354e-01 3.714550e-01 4.526623e-01 4.222168e-01 3.630409e-01 4.220896e-01 4.278133e-01 4.007280e-01 4.779760e-01 3.777310e-01 4.863127e-01 4.975850e-01 4.197406e-01 3.614160e-01 3.737559e-01 5.328384e-01 4.468876e-01 4.427790e-01 3.671699e-01 3.935417e-01 5.559037e-01 4.099464e-01 2.451469e-01 4.159650e-01 4.214820e-01 3.092162e-01 4.271455e-01 4.290158e-01 4.793151e-01 3.124224e-01 4.927063e-01 4.827396e-01 4.064886e-01 5.385152e-01 3.219430e-01 3.153194e-01 4.685915e-01 3.066763e-01 3.365130e-01 3.693881e-01 5.498992e-01 5.853345e-01 3.470479e-01 3.422364e-01 4.135760e-01 3.722690e-01 3.256523e-01 3.687038e-01 3.459204e-01 4.712287e-01 3.814151e-01 4.739249e-01 4.019169e-01 4.182579e-01 3.821616e-01 3.793155e-01 4.727712e-01 3.471958e-01 3.819585e-01 3.104540e-01 2.933612e-01 4.688930e-01 4.806239e-01 4.198022e-01 3.205497e-01 3.772088e-01 3.607399e-01 4.998477e-01 5.061560e-01 3.941120e-01 4.854139e-01 3.768125e-01 3.958654e-01 4.570535e-01
<VARIANCE> 142
 2.000000e-01 2.000000e-01 2.000000e-01 2.000000e-01 2.000000e-01 2.000000e-01 2.000000e-01 2.000000e-01 2.000000e-01 2.000000e-01 2.000000e-01 2.000000e-01 2.000000e-01 2.000000e-01 2.000000e-01 2.000000e-01 2.000000e-01 2.000000e-01 2.000000e-01 2.000000e-01 2.000000e-01 2.000000e-01 2.000000e-01 2.000000e-01 2.000000e-01 2.000000e-01 2.000000e-01 2.000000e-01 2.000000e-01 2.000000e-01 2.000000e-01 2.000000e-01 2.000000e-01 2.000000e-01 2.000000e-01 2.000000e-01 2.000000e-01 2.000000e-01 2.000000e-01 2.000000e-01 2.000000e-01 2.000000e-01 2.000000e-01 2.000000e-01 2.000000e-01 2.000000e-01 2.000000e-01 2.000000e-01 2.000000e-01 2.000000e-01 2.000000e-01 2.000000e-01 2.000000e-01 2.000000e-01 2.000000e-01 2.000000e-01 2.000000e-01 2.000000e-01 2.000000e-01 2.000000e-01 2.000000e-01 2.000000e-01 2.000000e-01 2.000000e-01 2.000000e-01 2.000000e-01 2.000000e-01 2.000000e-01 2.000000e-01 2.000000e-01 2.000000e-01 2.000000e-01 2.000000e-01 2.000000e-01 2.000000e-01 2.000000e-01 2.000000e-01 2.000000e-01 2.000000e-01 2.000000e-01 2.000000e-01 2.000000e-01 2.000000e-01 2.000000e-01 2.000000e-01 2.000000e-01 2.000000e-01 2.000000e-01 2.000000e-01 2.000000e-01 2.000000e-01 2.000000e-01 2.000000e-01 2.000000e-01 2.000000e-01 2.000000e-01 2.000000e-01 2.000000e-01 2.000000e-01 2.000000e-01 2.000000e-01 2.000000e-01 2.000000e-01 2.000000e-01 2.000000e-01 2.000000e-01 2.000000e-01 2.000000e-01 2.000000e-01 2.000000e-01 2.000000e-01 2.000000e-01 2.000000e-01 2.000000e-01 2.000000e-01 2.000000e-01 2.000000e-01 2.000000e-01 2.000000e-01 2.000000e-01 2.000000e-01 2.000000e-01 2.000000e-01 2.000000e-01 2.000000e-01 2.000000e-01 2.000000e-01 2.000000e-01 2.000000e-01 2.000000e-01 2.000000e-01 2.000000e-01 2.000000e-01 2.000000e-01 2.000000e-01 2.000000e-01 2.000000e-01 2.000000e-01 2.000000e-01 2.000000e-01 2.000000e-01 2.000000e-01
<GCONST> 3.243863e+01
<TRANSP> 4
 0.000000e+00 1.000000e+00 0.000000e+00 0.000000e+00
 0.000000e+00 8.587859e-01 1.412141e-01 0.000000e+00
 0.000000e+00 0.000000e+00 8.626788e-01 1.373213e-01
 0.000000e+00 0.000000e+00 0.000000e+00 0.000000e+00
<ENDHMM>
