~o
<STREAMINFO> 1 142
<VECSIZE> 142<NULLD><USER><DIAGC>
~h "pill"
<BEGINHMM>
<NUMSTATES> 4
<STATE> 2
<MEAN> 142
 6.256561e-01 3.209022e-01 4.605801e-01 4.581254e-01 4.074761e-01 5.010939e-01 4.562818e-01 3.609796e-01 3.528278e-01 4.113799e-01 5.036597e-01 3.365589e-01 3.319382e-01 5.253307e-01 3.280622e-01 3.823281e-01 3.473596e-01 3.444213e-01 4.464614e-01 3.717948e-01 5.927710e-01 5.633635e-01 4.413779e-01 4.212698e-01 5.200616e-01 3.773937e-01 5.244468e-01 3.719975e-01 3.717930e-01 3.174002e-01 5.448242e-01 4.186815e-01 4.658045e-01 4.884863e-01 4.249974e-01 3.429403e-01 4.570109e-01 2.602315e-01 3.406079e-01 3.957832e-01 3.003531e-01 3.762470e-01 3.608284e-01 3.777680e-01 2.697760e-01 3.468466e-01 5.341343e-01 4.264769e-01 5.598317e-01 4.319652e-01 5.539454e-01 3.399557e-01 4.099546e-01 2.304297e-01 3.874318e-01 3.679523e-01 5.474004e-01 5.203196e-01 4.726124e-01 5.625944e-01 4.737891e-01 4.094094e-01 3.440725e-01 3.622581e-01 3.404304e-01 4.554295e-01 3.267758e-01 5.731501e-01 4.623803e-01 3.148753e-01 4.247323e-01 4.275829e-01 3.635120e-01 3.808143e-01 4.252586e-01 3.895661e-01 4.750752e-01 3.972991e-01 4.569958e-01 5.209979e-01 4.120162e-01 3.483720e-01 3.209708e-01 5.269678e-01 4.396980e-01 4.311280e-01 3.733876e-01 3.772940e-01 5.593492e-01 4.571911e-01 2.736014e-01 4.364826e-01 3.686602e-01 3.527715e-01 4.269837e-01 4.080201e-01 3.976992e-01 2.643512e-01 4.604094e-01 4.650986e-01 3.703188e-01 5.266908e-01 3.100159e-01 2.967157e-01 4.326544e-01 2.937432e-01 3.233780e-01 3.315521e-01 5.810279e-01 5.859354e-01 3.421034e-01 3.566080e-01 4.227056e-01 3.718850e-01 3.142681e-01 3.692211e-01 3.782975e-01 4.604949e-01 3.826883e-01 4.912808e-01 4.091264e-01 4.153596e-01 4.017099e-01 4.198555e-01 4.699637e-01 3.638386e-01 3.757700e-01 2.726241e-01 2.825740e-01 4.589469e-01 4.349968e-01 3.742387e-01 3.056382e-01 3.784358e-01 3.663460e-01 4.987994e-01 4.494825e-01 4.072094e-01 4.279482e-01 3.993042e-01 4.094395e-01 4.417140e-01
<VARIANCE> 142
 2.000000e-01 2.000000e-01 2.000000e-01 2.000000e-01 2.000000e-01 2.000000e-01 2.000000e-01 2.000000e-01 2.000000e-01 2.000000e-01 2.000000e-01 2.000000e-01 2.000000e-01 2.000000e-01 2.000000e-01 2.000000e-01 2.000000e-01 2.000000e-01 2.000000e-01 2.000000e-01 2.000000e-01 2.000000e-01 2.000000e-01 2.000000e-01 2.000000e-01 2.000000e-01 2.000000e-01 2.000000e-01 2.000000e-01 2.000000e-01 2.000000e-01 2.000000e-01 2.000000e-01 2.000000e-01 2.000000e-01 2.000000e-01 2.000000e-01 2.000000e-01 2.000000e-01 2.000000e-01 2.000000e-01 2.000000e-01 2.000000e-01 2.000000e-01 2.000000e-01 2.000000e-01 2.000000e-01 2.000000e-01 2.000000e-01 2.000000e-01 2.000000e-01 2.000000e-01 2.000000e-01 2.000000e-01 2.000000e-01 2.000000e-01 2.000000e-01 2.000000e-01 2.000000e-01 2.000000e-01 2.000000e-01 2.000000e-01 2.000000e-01 2.000000e-01 2.000000e-01 2.000000e-01 2.000000e-01 2.000000e-01 2.000000e-01 2.000000e-01 2.000000e-01 2.000000e-01 2.000000e-01 2.000000e-01 2.000000e-01 2.000000e-01 2.000000e-01 2.000000e-01 2.000000e-01 2.000000e-01 2.000000e-01 2.000000e-01 2.000000e-01 2.000000e-01 2.000000e-01 2.000000e-01 2.000000e-01 2.000000e-01 2.000000e-01 2.000000e-01 2.000000e-01 2.000000e-01 2.000000e-01 2.000000e-01 2.000000e-01 2.000000e-01 2.000000e-01 2.000000e-01 2.000000e-01 2.000000e-01 2.000000e-01 2.000000e-01 2.000000e-01 2.000000e-01 2.000000e-01 2.000000e-01 2.000000e-01 2.000000e-01 2.000000e-01 2.000000e-01 2.000000e-01 2.000000e-01 2.000000e-01 2.000000e-01 2.000000e-01 2.000000e-01 2.000000e-01 2.000000e-01 2.000000e-01 2.000000e-01 2.000000e-01 2.000000e-01 2.000000e-01 2.000000e-01 2.000000e-01 2.000000e-01 2.000000e-01 2.000000e-01 2.000000e-01 2.000000e-01 2.000000e-01 2.000000e-01 2.000000e-01 2.000000e-01 2.000000e-01 2.000000e-01 2.000000e-01 2.000000e-01 2.000000e-01 2.000000e-01 2.000000e-01 2.000000e-01
<GCONST> 3.243863e+01
<STATE> 3
<MEAN> 142
 4.950630e-01 3.765985e-01 3.067208e-01 3.142799e-01 2.858758e-01 2.776643e-01 2.846817e-01 2.759097e-01 3.904053e-01 4.427049e-01 4.756612e-01 4.701767e-01 3.987603e-01 4.820309e-01 3.764057e-01 2.738050e-01 4.412486e-01 5.016487e-01 3.603638e-01 3.948652e-01 3.591517e-01 4.046202e-01 3.854471e-01 4.597689e-01 4.691156e-01 4.478998e-01 3.827038e-01 4.497292e-01 5.071874e-01 5.170295e-01 4.720990e-01 4.000160e-01 3.073333e-01 4.685244e-01 4.569371e-01 3.736936e-01 3.533995e-01 4.815724e-01 4.605998e-01 3.502068e-01 4.967608e-01 4.719957e-01 4.072175e-01 2.948772e-01 2.342583e-01 3.937664e-01 3.651403e-01 4.219386e-01 3.426054e-01 3.976642e-01 4.691914e-01 4.759766e-01 5.309036e-01 3.373337e-01 3.954558e-01 4.227737e-01 3.529458e-01 3.104253e-01 3.347202e-01 2.738501e-01 3.860858e-01 4.491600e-01 4.286524e-01 4.834002e-01 4.976059e-01 3.641582e-01 4.708039e-01 3.338375e-01 3.522107e-01 4.810465e-01 4.645179e-01 3.840277e-01 3.989556e-01 4.020273e-01 3.702275e-01 4.252262e-01 4.152154e-01 3.855970e-01 4.780371e-01 3.500476e-01 5.253609e-01 4.012005e-01 4.800166e-01 3.142486e-01 3.653846e-01 3.213313e-01 4.241040e-01 4.656458e-01 4.218114e-01 3.378837e-01 4.510740e-01 2.675076e-01 4.854820e-01 4.305178e-01 3.931116e-01 5.275788e-01 4.459466e-01 4.980995e-01 4.669072e-01 4.450044e-01 4.436001e-01 4.067374e-01 4.020063e-01 4.695654e-01 2.961816e-01 3.035618e-01 4.264635e-01 4.995850e-01 3.904008e-01 2.729919e-01 4.462139e-01 4.421463e-01 3.288089e-01 3.541788e-01 4.101654e-01 4.794525e-01 4.596763e-01 3.871501e-01 4.887258e-01 3.918485e-01 4.683403e-01 4.409371e-01 4.352153e-01 4.170714e-01 3.194695e-01 4.021848e-01 5.035412e-01 4.770640e-01 5.132097e-01 3.456591e-01 3.318781e-01 4.497858e-01 4.091756e-01 4.609530e-01 4.494142e-01 4.094599e-01 3.534631e-01 4.322454e-01 3.665780e-01 3.979893e-01 4.140587e-01 4.070943e-01
<VARIANCE> 142
 2.000000e-01 2.000000e-01 2.000000e-01 2.000000e-01 2.000000e-01 2.000000e-01 2.000000e-01 2.000000e-01 2.000000e-01 2.000000e-01 2.000000e-01 2.000000e-01 2.000000e-01 2.000000e-01 2.000000e-01 2.000000e-01 2.000000e-01 2.000000e-01 2.000000e-01 2.000000e-01 2.000000e-01 2.000000e-01 2.000000e-01 2.000000e-01 2.000000e-01 2.000000e-01 2.000000e-01 2.000000e-01 2.000000e-01 2.000000e-01 2.000000e-01 2.000000e-01 2.000000e-01 2.000000e-01 2.000000e-01 2.000000e-01 2.000000e-01 2.000000e-01 2.000000e-01 2.000000e-01 2.000000e-01 2.000000e-01 2.000000e-01 2.000000e-01 2.000000e-01 2.000000e-01 2.000000e-01 2.000000e-01 2.000000e-01 2.000000e-01 2.000000e-01 2.000000e-01 2.000000e-01 2.000000e-01 2.000000e-01 2.000000e-01 2.000000e-01 2.000000e-01 2.000000e-01 2.000000e-01 2.000000e-01 2.000000e-01 2.000000e-01 2.000000e-01 2.000000e-01 2.000000e-01 2.000000e-01 2.000000e-01 2.000000e-01 2.000000e-01 2.000000e-01 2.000000e-01 2.000000e-01 2.000000e-01 2.000000e-01 2.000000e-01 2.000000e-01 2.000000e-01 2.000000e-01 2.000000e-01 2.000000e-01 2.000000e-01 2.000000e-01 2.000000e-01 2.000000e-01 2.000000e-01 2.000000e-01 2.000000e-01 2.000000e-01 2.000000e-01 2.000000e-01 2.000000e-01 2.000000e-01 2.000000e-01 2.000000e-01 2.000000e-01 2.000000e-01 2.000000e-01 2.000000e-01 2.000000e-01 2.000000e-01 2.000000e-01 2.000000e-01 2.000000e-01 2.000000e-01 2.000000e-01 2.000000e-01 2.000000e-01 2.000000e-01 2.000000e-01 2.000000e-01 2.000000e-01 2.000000e-01 2.000000e-01 2.000000e-01 2.000000e-01 2.000000e-01 2.000000e-01 2.000000e-01 2.000000e-01 2.000000e-01 2.000000e-01 2.000000e-01 2.000000e-01 2.000000e-01 2.000000e-01 2.000000e-01 2.000000e-01 2.000000e-01 2.000000e-01 2.000000e-01 2.000000e-01 2.000000e-01 2.000000e-01 2.000000e-01 2.000000e-01 2.000000e-01 2.000000e-01 2.000000e-01 2.000000e-01 2.000000e-01 2.000000e-01
<GCONST> 3.243863e+01
<TRANSP> 4
 0.000000e+00 1.000000e+00 0.000000e+00 0.000000e+00
 0.000000e+00 8.193461e-01 1.806539e-01 0.000000e+00
 0.000000e+00 0.000000e+00 8.829243e-01 1.170757e-01
 0.000000e+00 0.000000e+00 0.000000e+00 0.000000e+00
<ENDHMM>
