~o
<STREAMINFO> 1 142
<VECSIZE> 142<NULLD><USER><DIAGC>
~h "puzzled"
<BEGINHMM>
<NUMSTATES> 4
<STATE> 2
<MEAN> 142
 5.227116e-01 5.221742e-01 3.399014e-01 3.702705e-01 3.716558e-01 2.139632e-01 3.230592e-01 3.399290e-01 4.190827e-01 5.085675e-01 4.908425e-01 4.723026e-01 3.293287e-01 4.270664e-01 3.552001e-01 3.900626e-01 4.399625e-01 4.994487e-01 2.937898e-01 3.466309e-01 4.062230e-01 4.682852e-01 3.651048e-01 5.262015e-01 4.725405e-01 4.066413e-01 4.057630e-01 4.247656e-01 4.942811e-01 4.321286e-01 4.466012e-01 4.283752e-01 3.650377e-01 5.574724e-01 4.399254e-01 4.663345e-01 4.002221e-01 4.622385e-01 5.906132e-01 3.443336e-01 5.043669e-01 6.408933e-01 4.930151e-01 2.925429e-01 2.192948e-01 4.868009e-01 4.434015e-01 3.812465e-01 4.014478e-01 3.604590e-01 5.115195e-01 4.094098e-01 4.541481e-01 3.659157e-01 4.758043e-01 4.240709e-01 4.358656e-01 3.191768e-01 3.645284e-01 2.948545e-01 3.630893e-01 4.554556e-01 4.982061e-01 4.376370e-01 4.491912e-01 4.968733e-01 4.401248e-01 3.875916e-01 4.493409e-01 4.659793e-01 4.176146e-01 4.035522e-01 4.540512e-01 3.845244e-01 3.103907e-01 3.819019e-01 4.167810e-01 4.643351e-01 4.768093e-01 4.951797e-01 5.151290e-01 4.448550e-01 4.969943e-01 3.771713e-01 2.988168e-01 3.731627e-01 4.475729e-01 4.799241e-01 4.396303e-01 3.423185e-01 4.760478e-01 3.008311e-01 4.373446e-01 4.550632e-01 5.125814e-01 4.422878e-01 5.264489e-01 3.932169e-01 6.018103e-01 4.358218e-01 4.523274e-01 4.611990e-01 4.130409e-01 5.108559e-01 2.941058e-01 3.813572e-01 4.787209e-01 4.703838e-01 3.099497e-01 3.578544e-01 4.282116e-01 4.624480e-01 3.270753e-01 5.152357e-01 3.995777e-01 4.734887e-01 4.508090e-01 4.953758e-01 5.522969e-01 4.603141e-01 5.318538e-01 4.853034e-01 4.869274e-01 4.197702e-01 4.574664e-01 4.650775e-01 4.437190e-01 5.342276e-01 4.973916e-01 3.681695e-01 3.632488e-01 5.314899e-01 3.999937e-01 4.224904e-01 5.106472e-01 5.374922e-01 3.634217e-01 4.726460e-01 3.881024e-01 5.019118e-01 5.567305e-01 3.281212e-01
<VARIANCE> 142
 2.000000e-01 2.000000e-01 2.000000e-01 2.000000e-01 2.000000e-01 2.000000e-01 2.000000e-01 2.000000e-01 2.000000e-01 2.000000e-01 2.000000e-01 2.000000e-01 2.000000e-01 2.000000e-01 2.000000e-01 2.000000e-01 2.000000e-01 2.000000e-01 2.000000e-01 2.000000e-01 2.000000e-01 2.000000e-01 2.000000e-01 2.000000e-01 2.000000e-01 2.000000e-01 2.000000e-01 2.000000e-01 2.000000e-01 2.000000e-01 2.000000e-01 2.000000e-01 2.000000e-01 2.000000e-01 2.000000e-01 2.000000e-01 2.000000e-01 2.000000e-01 2.000000e-01 2.000000e-01 2.000000e-01 2.000000e-01 2.000000e-01 2.000000e-01 2.000000e-01 2.000000e-01 2.000000e-01 2.000000e-01 2.000000e-01 2.000000e-01 2.000000e-01 2.000000e-01 2.000000e-01 2.000000e-01 2.000000e-01 2.000000e-01 2.000000e-01 2.000000e-01 2.000000e-01 2.000000e-01 2.000000e-01 2.000000e-01 2.000000e-01 2.000000e-01 2.000000e-01 2.000000e-01 2.000000e-01 2.000000e-01 2.000000e-01 2.000000e-01 2.000000e-01 2.000000e-01 2.000000e-01 2.000000e-01 2.000000e-01 2.000000e-01 2.000000e-01 2.000000e-01 2.000000e-01 2.000000e-01 2.000000e-01 2.000000e-01 2.000000e-01 2.000000e-01 2.000000e-01 2.000000e-01 2.000000e-01 2.000000e-01 2.000000e-01 2.000000e-01 2.000000e-01 2.000000e-01 2.000000e-01 2.000000e-01 2.000000e-01 2.000000e-01 2.000000e-01 2.000000e-01 2.000000e-01 2.000000e-01 2.000000e-01 2.000000e-01 2.000000e-01 2.000000e-01 2.000000e-01 2.000000e-01 2.000000e-01 2.000000e-01 2.000000e-01 2.000000e-01 2.000000e-01 2.000000e-01 2.000000e-01 2.000000e-01 2.000000e-01 2.000000e-01 2.000000e-01 2.000000e-01 2.000000e-01 2.000000e-01 2.000000e-01 2.000000e-01 2.000000e-01 2.000000e-01 2.000000e-01 2.000000e-01 2.000000e-01 2.000000e-01 2.000000e-01 2.000000e-01 2.000000e-01 2.000000e-01 2.000000e-01 2.000000e-01 2.000000e-01 2.000000e-01 2.000000e-01 2.000000e-01 2.000000e-01 2.000000e-01 2.000000e-01 2.000000e-01
<GCONST> 3.243863e+01
<STATE> 3
<MEAN> 142
 7.779725e-01 3.921815e-01 4.063291e-01 3.700114e-01 2.842774e-01 2.870207e-01 4.206298e-01 3.916885e-01 3.431744e-01 3.763376e-01 4.272536e-01 4.490718e-01 3.971528e-01 4.385753e-01 2.295691e-01 3.598086e-01 3.776946e-01 3.975333e-01 3.110363e-01 4.025212e-01 4.567294e-01 5.201267e-01 3.938636e-01 4.477645e-01 4.283887e-01 4.344076e-01 4.060168e-01 3.889925e-01 4.088046e-01 3.677539e-01 4.476718e-01 5.071913e-01 5.380425e-01 4.080425e-01 4.226141e-01 3.631993e-01 2.768360e-01 2.488579e-01 2.985746e-01 3.062709e-01 2.850061e-01 4.341333e-01 3.177373e-01 3.970096e-01 2.502838e-01 4.614271e-01 4.745832e-01 3.697826e-01 3.995994e-01 3.579935e-01 5.115291e-01 3.830992e-01 4.561707e-01 2.223065e-01 5.460477e-01 3.473634e-01 4.161189e-01 3.586752e-01 3.119757e-01 2.858934e-01 4.786369e-01 5.113841e-01 3.987508e-01 4.158030e-01 3.607826e-01 5.143328e-01 3.092012e-01 3.736798e-01 4.815008e-01 3.013726e-01 4.683208e-01 4.562750e-01 4.575768e-01 4.310314e-01 3.717101e-01 3.885067e-01 4.950733e-01 5.339474e-01 4.226851e-01 4.078360e-01 4.133787e-01 3.577998e-01 3.515429e-01 4.389001e-01 2.988669e-01 4.724731e-01 4.261660e-01 4.207390e-01 4.141988e-01 3.626712e-01 3.874301e-01 3.987918e-01 4.247001e-01 3.524285e-01 4.394190e-01 4.947383e-01 4.139623e-01 3.270841e-01 3.977382e-01 4.577120e-01 3.772695e-01 5.449600e-01 3.935858e-01 2.993174e-01 2.997381e-01 2.819257e-01 3.975766e-01 3.316877e-01 3.944074e-01 3.331125e-01 3.953934e-01 3.715652e-01 4.416208e-01 3.253880e-01 3.587454e-01 4.350943e-01 3.777173e-01 4.709676e-01 4.498364e-01 4.841259e-01 4.088011e-01 5.659747e-01 5.283632e-01 3.904880e-01 4.065503e-01 4.342343e-01 4.227685e-01 3.023967e-01 3.032782e-01 3.934560e-01 4.511227e-01 4.144937e-01 4.313418e-01 4.165351e-01 3.393353e-01 3.939099e-01 4.765257e-01 3.766501e-01 3.228739e-01 3.598394e-01 5.025055e-01 4.934111e-01
<VARIANCE> 142
 2.000000e-01 2.000000e-01 2.000000e-01 2.000000e-01 2.000000e-01 2.000000e-01 2.000000e-01 2.000000e-01 2.000000e-01 2.000000e-01 2.000000e-01 2.000000e-01 2.000000e-01 2.000000e-01 2.000000e-01 2.000000e-01 2.000000e-01 2.000000e-01 2.000000e-01 2.000000e-01 2.000000e-01 2.000000e-01 2.000000e-01 2.000000e-01 2.000000e-01 2.000000e-01 2.000000e-01 2.000000e-01 2.000000e-01 2.000000e-01 2.000000e-01 2.000000e-01 2.000000e-01 2.000000e-01 2.000000e-01 2.000000e-01 2.000000e-01 2.000000e-01 2.000000e-01 2.000000e-01 2.000000e-01 2.000000e-01 2.000000e-01 2.000000e-01 2.000000e-01 2.000000e-01 2.000000e-01 2.000000e-01 2.000000e-01 2.000000e-01 2.000000e-01 2.000000e-01 2.000000e-01 2.000000e-01 2.000000e-01 2.000000e-01 2.000000e-01 2.000000e-01 2.000000e-01 2.000000e-01 2.000000e-01 2.000000e-01 2.000000e-01 2.000000e-01 2.000000e-01 2.000000e-01 2.000000e-01 2.000000e-01 2.000000e-01 2.000000e-01 2.000000e-01 2.000000e-01 2.000000e-01 2.000000e-01 2.000000e-01 2.000000e-01 2.000000e-01 2.000000e-01 2.000000e-01 2.000000e-01 2.000000e-01 2.000000e-01 2.000000e-01 2.000000e-01 2.000000e-01 2.000000e-01 2.000000e-01 2.000000e-01 2.000000e-01 2.000000e-01 2.000000e-01 2.000000e-01 2.000000e-01 2.000000e-01 2.000000e-01 2.000000e-01 2.000000e-01 2.000000e-01 2.000000e-01 2.000000e-01 2.000000e-01 2.000000e-01 2.000000e-01 2.000000e-01 2.000000e-01 2.000000e-01 2.000000e-01 2.000000e-01 2.000000e-01 2.000000e-01 2.000000e-01 2.000000e-01 2.000000e-01 2.000000e-01 2.000000e-01 2.000000e-01 2.000000e-01 2.000000e-01 2.000000e-01 2.000000e-01 2.000000e-01 2.000000e-01 2.000000e-01 2.000000e-01 2.000000e-01 2.000000e-01 2.000000e-01 2.000000e-01 2.000000e-01 2.000000e-01 2.000000e-01 2.000000e-01 2.000000e-01 2.000000e-01 2.000000e-01 2.000000e-01 2.000000e-01 2.000000e-01 2.000000e-01 2.000000e-01 2.000000e-01 2.000000e-01
<GCONST> 3.243863e+01
<TRANSP> 4
 0.000000e+00 1.000000e+00 0.000000e+00 0.000000e+00
 0.000000e+00 8.276800e-01 1.723201e-01 0.000000e+00
 0.000000e+00 0.000000e+00 8.962795e-01 1.037206e-01
 0.000000e+00 0.000000e+00 0.000000e+00 0.000000e+00
<ENDHMM>
