~o
<STREAMINFO> 1 142
<VECSIZE> 142<NULLD><USER><DIAGC>
~h "queen"
<BEGINHMM>
<NUMSTATES> 4
<STATE> 2
<MEAN> 142
 5.939484e-01 3.908740e-01 3.274198e-01 3.108936e-01 2.873044e-01 2.776672e-01 3.033360e-01 1.928908e-01 4.006527e-01 4.579095e-01 5.665905e-01 5.127718e-01 3.850306e-01 5.445629e-01 3.011969e-01 2.190071e-01 3.115593e-01 4.335396e-01 3.602657e-01 3.511144e-01 2.396505e-01 2.532655e-01 3.398126e-01 3.281886e-01 4.843977e-01 3.883710e-01 4.324947e-01 4.869514e-01 4.826185e-01 4.589815e-01 4.477625e-01 2.986176e-01 2.507030e-01 3.422623e-01 4.643898e-01 2.276539e-01 3.581283e-01 4.499136e-01 3.904016e-01 2.994961e-01 4.469303e-01 4.682158e-01 4.437649e-01 2.417837e-01 2.483021e-01 3.923846e-01 2.905634e-01 3.599800e-01 2.357505e-01 3.983687e-01 4.283499e-01 4.368618e-01 4.677659e-01 3.439954e-01 4.314977e-01 5.085198e-01 4.875028e-01 3.064223e-01 3.490091e-01 2.782018e-01 3.825476e-01 3.926686e-01 4.214210e-01 4.853889e-01 5.427721e-01 3.726929e-01 3.997343e-01 2.711417e-01 3.430004e-01 4.858124e-01 4.561493e-01 3.633998e-01 3.419014e-01 4.017921e-01 3.207181e-01 3.762501e-01 3.750370e-01 3.435259e-01 4.132755e-01 3.579532e-01 5.987816e-01 3.594965e-01 3.785958e-01 3.174889e-01 3.777792e-01 2.631315e-01 3.984090e-01 4.944884e-01 4.612048e-01 3.639045e-01 4.589695e-01 2.539616e-01 5.670674e-01 4.984096e-01 3.581473e-01 5.246339e-01 4.058570e-01 4.585903e-01 4.331359e-01 4.026936e-01 4.694313e-01 3.131043e-01 3.394325e-01 4.713663e-01 3.248550e-01 2.426126e-01 4.507432e-01 4.802957e-01 4.082732e-01 2.541664e-01 4.280353e-01 4.172398e-01 2.578000e-01 3.061730e-01 3.854541e-01 4.075611e-01 4.768958e-01 3.181838e-01 5.209079e-01 3.360170e-01 4.024505e-01 3.891680e-01 3.979969e-01 4.535331e-01 2.631250e-01 3.845049e-01 5.023499e-01 5.832170e-01 6.355596e-01 3.172377e-01 3.370562e-01 3.894588e-01 4.572454e-01 4.680701e-01 3.576536e-01 4.200552e-01 3.798005e-01 4.075088e-01 2.909316e-01 2.786053e-01 3.103358e-01 4.236850e-01
<VARIANCE> 142
 2.000000e-01 2.000000e-01 2.000000e-01 2.000000e-01 2.000000e-01 2.000000e-01 2.000000e-01 2.000000e-01 2.000000e-01 2.000000e-01 2.000000e-01 2.000000e-01 2.000000e-01 2.000000e-01 2.000000e-01 2.000000e-01 2.000000e-01 2.000000e-01 2.000000e-01 2.000000e-01 2.000000e-01 2.000000e-01 2.000000e-01 2.000000e-01 2.000000e-01 2.000000e-01 2.000000e-01 2.000000e-01 2.000000e-01 2.000000e-01 2.000000e-01 2.000000e-01 2.000000e-01 2.000000e-01 2.000000e-01 2.000000e-01 2.000000e-01 2.000000e-01 2.000000e-01 2.000000e-01 2.000000e-01 2.000000e-01 2.000000e-01 2.000000e-01 2.000000e-01 2.000000e-01 2.000000e-01 2.000000e-01 2.000000e-01 2.000000e-01 2.000000e-01 2.000000e-01 2.000000e-01 2.000000e-01 2.000000e-01 2.000000e-01 2.000000e-01 2.000000e-01 2.000000e-01 2.000000e-01 2.000000e-01 2.000000e-01 2.000000e-01 2.000000e-01 2.000000e-01 2.000000e-01 2.000000e-01 2.000000e-01 2.000000e-01 2.000000e-01 2.000000e-01 2.000000e-01 2.000000e-01 2.000000e-01 2.000000e-01 2.000000e-01 2.000000e-01 2.000000e-01 2.000000e-01 2.000000e-01 2.000000e-01 2.000000e-01 2.000000e-01 2.000000e-01 2.000000e-01 2.000000e-01 2.000000e-01 2.000000e-01 2.000000e-01 2.000000e-01 2.000000e-01 2.000000e-01 2.000000e-01 2.000000e-01 2.000000e-01 2.000000e-01 2.000000e-01 2.000000e-01 2.000000e-01 2.000000e-01 2.000000e-01 2.000000e-01 2.000000e-01 2.000000e-01 2.000000e-01 2.000000e-01 2.000000e-01 2.000000e-01 2.000000e-01 2.000000e-01 2.000000e-01 2.000000e-01 2.000000e-01 2.000000e-01 2.000000e-01 2.000000e-01 2.000000e-01 2.000000e-01 2.000000e-01 2.000000e-01 2.000000e-01 2.000000e-01 2.000000e-01 2.000000e-01 2.000000e-01 2.000000e-01 2.000000e-01 2.000000e-01 2.000000e-01 2.000000e-01 2.000000e-01 2.000000e-01 2.000000e-01 2.000000e-01 2.000000e-01 2.000000e-01 2.000000e-01 2.000000e-01 2.000000e-01 2.000000e-01 2.000000e-01 2.000000e-01
<GCONST> 3.243863e+01
<STATE> 3
<MEAN> 142
 5.663639e-01 3.152160e-01 2.909285e-01 2.941000e-01 2.637112e-01 2.776995e-01 4.085070e-01 3.530917e-01 3.101025e-01 3.484417e-01 3.714705e-01 3.824433e-01 3.797980e-01 3.977842e-01 3.241079e-01 3.364722e-01 4.787602e-01 4.412895e-01 2.980146e-01 3.280757e-01 4.460284e-01 4.649618e-01 3.259240e-01 4.252364e-01 4.228716e-01 3.791424e-01 3.990350e-01 4.013750e-01 4.687716e-01 3.587832e-01 4.364585e-01 3.906114e-01 4.220512e-01 4.695119e-01 4.322619e-01 3.553504e-01 2.806263e-01 4.149573e-01 4.106643e-01 4.890255e-01 3.972075e-01 5.188859e-01 2.716557e-01 2.876799e-01 2.509573e-01 3.585382e-01 3.662310e-01 4.136353e-01 3.972269e-01 3.098540e-01 3.973427e-01 4.105432e-01 3.648336e-01 3.451689e-01 4.134341e-01 4.359593e-01 3.258320e-01 2.970373e-01 3.586723e-01 3.070958e-01 4.643569e-01 4.159803e-01 3.525550e-01 3.802734e-01 3.728810e-01 4.593825e-01 3.952976e-01 3.752723e-01 4.549953e-01 3.992198e-01 4.341336e-01 3.197500e-01 3.800742e-01 4.078808e-01 3.614150e-01 3.470986e-01 4.266934e-01 3.104099e-01 4.169534e-01 4.090210e-01 5.007696e-01 3.283314e-01 4.592956e-01 3.915538e-01 3.385985e-01 3.863980e-01 3.432319e-01 4.218739e-01 5.060807e-01 3.606153e-01 2.900734e-01 3.478350e-01 5.404648e-01 3.663767e-01 4.075816e-01 4.592549e-01 4.942556e-01 3.529388e-01 4.441898e-01 4.092505e-01 4.061349e-01 4.167825e-01 2.690555e-01 3.409255e-01 3.199165e-01 2.563511e-01 3.212436e-01 3.848409e-01 3.174252e-01 4.124789e-01 3.451893e-01 3.137674e-01 3.230269e-01 2.732981e-01 3.119995e-01 3.363158e-01 3.902875e-01 4.329937e-01 4.293389e-01 3.259082e-01 3.163085e-01 4.231326e-01 3.854363e-01 3.875464e-01 3.787836e-01 3.968532e-01 3.720665e-01 4.287170e-01 3.161330e-01 3.600736e-01 4.563347e-01 3.785278e-01 3.730479e-01 3.876523e-01 3.720797e-01 3.652204e-01 5.172791e-01 4.657800e-01 5.264037e-01 3.692838e-01 3.882712e-01 4.219714e-01
<VARIANCE> 142
 2.000000e-01 2.000000e-01 2.000000e-01 2.000000e-01 2.000000e-01 2.000000e-01 2.000000e-01 2.000000e-01 2.000000e-01 2.000000e-01 2.000000e-01 2.000000e-01 2.000000e-01 2.000000e-01 2.000000e-01 2.000000e-01 2.000000e-01 2.000000e-01 2.000000e-01 2.000000e-01 2.000000e-01 2.000000e-01 2.000000e-01 2.000000e-01 2.000000e-01 2.000000e-01 2.000000e-01 2.000000e-01 2.000000e-01 2.000000e-01 2.000000e-01 2.000000e-01 2.000000e-01 2.000000e-01 2.000000e-01 2.000000e-01 2.000000e-01 2.000000e-01 2.000000e-01 2.000000e-01 2.000000e-01 2.000000e-01 2.000000e-01 2.000000e-01 2.000000e-01 2.000000e-01 2.000000e-01 2.000000e-01 2.000000e-01 2.000000e-01 2.000000e-01 2.000000e-01 2.000000e-01 2.000000e-01 2.000000e-01 2.000000e-01 2.000000e-01 2.000000e-01 2.000000e-01 2.000000e-01 2.000000e-01 2.000000e-01 2.000000e-01 2.000000e-01 2.000000e-01 2.000000e-01 2.000000e-01 2.000000e-01 2.000000e-01 2.000000e-01 2.000000e-01 2.000000e-01 2.000000e-01 2.000000e-01 2.000000e-01 2.000000e-01 2.000000e-01 2.000000e-01 2.000000e-01 2.000000e-01 2.000000e-01 2.000000e-01 2.000000e-01 2.000000e-01 2.000000e-01 2.000000e-01 2.000000e-01 2.000000e-01 2.000000e-01 2.000000e-01 2.000000e-01 2.000000e-01 2.000000e-01 2.000000e-01 2.000000e-01 2.000000e-01 2.000000e-01 2.000000e-01 2.000000e-01 2.000000e-01 2.000000e-01 2.000000e-01 2.000000e-01 2.000000e-01 2.000000e-01 2.000000e-01 2.000000e-01 2.000000e-01 2.000000e-01 2.000000e-01 2.000000e-01 2.000000e-01 2.000000e-01 2.000000e-01 2.000000e-01 2.000000e-01 2.000000e-01 2.000000e-01 2.000000e-01 2.000000e-01 2.000000e-01 2.000000e-01 2.000000e-01 2.000000e-01 2.000000e-01 2.000000e-01 2.000000e-01 2.000000e-01 2.000000e-01 2.000000e-01 2.000000e-01 2.000000e-01 2.000000e-01 2.000000e-01 2.000000e-01 2.000000e-01 2.000000e-01 2.000000e-01 2.000000e-01 2.000000e-01 2.000000e-01 2.000000e-01
<GCONST> 3.243863e+01
<TRANSP> 4
 0.000000e+00 1.000000e+00 0.000000e+00 0.000000e+00
 0.000000e+00 8.569052e-01 1.430949e-01 0.000000e+00
 0.000000e+00 0.000000e+00 8.622898e-01 1.377102e-01
 0.000000e+00 0.000000e+00 0.000000e+00 0.000000e+00
<ENDHMM>
