~o
<STREAMINFO> 1 142
<VECSIZE> 142<NULLD><USER><DIAGC>
~h "reason"
<BEGINHMM>
<NUMSTATES> 4
<STATE> 2
<MEAN> 142
 7.989331e-01 3.834796e-01 3.583029e-01 3.441709e-01 2.546178e-01 3.852667e-01 3.735971e-01 3.822000e-01 3.314384e-01 3.705994e-01 4.256451e-01 4.658715e-01 3.849670e-01 4.611888e-01 2.738783e-01 3.485210e-01 3.675366e-01 4.037627e-01 2.780070e-01 4.232408e-01 4.405668e-01 4.038905e-01 3.782770e-01 3.964951e-01 4.112344e-01 3.858420e-01 4.120148e-01 3.835537e-01 3.379052e-01 3.305371e-01 4.430591e-01 4.623364e-01 4.862913e-01 3.639817e-01 4.070261e-01 3.990642e-01 3.027987e-01 2.947287e-01 2.902694e-01 3.191294e-01 3.350631e-01 4.136414e-01 2.972581e-01 4.076691e-01 2.427489e-01 4.518145e-01 4.323288e-01 3.891579e-01 3.726955e-01 2.877545e-01 4.854563e-01 4.247014e-01 4.247418e-01 2.532738e-01 5.003551e-01 3.302360e-01 4.660006e-01 3.291468e-01 3.852121e-01 2.568505e-01 4.737519e-01 4.358843e-01 3.828762e-01 3.946438e-01 4.440985e-01 4.345721e-01 3.473464e-01 3.533650e-01 4.650387e-01 3.523828e-01 4.601415e-01 5.318818e-01 4.189128e-01 4.080530e-01 3.898351e-01 3.886161e-01 4.894632e-01 4.296864e-01 4.133536e-01 3.653975e-01 4.335872e-01 3.816820e-01 3.736478e-01 4.736175e-01 3.025152e-01 4.914919e-01 3.948975e-01 4.425869e-01 4.330998e-01 3.989693e-01 3.641092e-01 4.048274e-01 4.248311e-01 3.323284e-01 3.903379e-01 5.042763e-01 4.496474e-01 3.537809e-01 3.955837e-01 3.782550e-01 3.626816e-01 4.651917e-01 3.465707e-01 3.243833e-01 3.033555e-01 2.641865e-01 3.630353e-01 2.856865e-01 4.199123e-01 3.589000e-01 3.827835e-01 3.722965e-01 3.040824e-01 3.078100e-01 3.702966e-01 4.197015e-01 3.559424e-01 3.450002e-01 4.422064e-01 4.131812e-01 4.173881e-01 5.154020e-01 4.539022e-01 4.677920e-01 4.179522e-01 4.292762e-01 4.273881e-01 3.863356e-01 3.309379e-01 4.019296e-01 4.244991e-01 4.122432e-01 4.978818e-01 4.235906e-01 3.722945e-01 4.178880e-01 4.645939e-01 3.849937e-01 3.846331e-01 3.541951e-01 4.653274e-01 4.607313e-01
<VARIANCE> 142
 2.000000e-01 2.000000e-01 2.000000e-01 2.000000e-01 2.000000e-01 2.000000e-01 2.000000e-01 2.000000e-01 2.000000e-01 2.000000e-01 2.000000e-01 2.000000e-01 2.000000e-01 2.000000e-01 2.000000e-01 2.000000e-01 2.000000e-01 2.000000e-01 2.000000e-01 2.000000e-01 2.000000e-01 2.000000e-01 2.000000e-01 2.000000e-01 2.000000e-01 2.000000e-01 2.000000e-01 2.000000e-01 2.000000e-01 2.000000e-01 2.000000e-01 2.000000e-01 2.000000e-01 2.000000e-01 2.000000e-01 2.000000e-01 2.000000e-01 2.000000e-01 2.000000e-01 2.000000e-01 2.000000e-01 2.000000e-01 2.000000e-01 2.000000e-01 2.000000e-01 2.000000e-01 2.000000e-01 2.000000e-01 2.000000e-01 2.000000e-01 2.000000e-01 2.000000e-01 2.000000e-01 2.000000e-01 2.000000e-01 2.000000e-01 2.000000e-01 2.000000e-01 2.000000e-01 2.000000e-01 2.000000e-01 2.000000e-01 2.000000e-01 2.000000e-01 2.000000e-01 2.000000e-01 2.000000e-01 2.000000e-01 2.000000e-01 2.000000e-01 2.000000e-01 2.000000e-01 2.000000e-01 2.000000e-01 2.000000e-01 2.000000e-01 2.000000e-01 2.000000e-01 2.000000e-01 2.000000e-01 2.000000e-01 2.000000e-01 2.000000e-01 2.000000e-01 2.000000e-01 2.000000e-01 2.000000e-01 2.000000e-01 2.000000e-01 2.000000e-01 2.000000e-01 2.000000e-01 2.000000e-01 2.000000e-01 2.000000e-01 2.000000e-01 2.000000e-01 2.000000e-01 2.000000e-01 2.000000e-01 2.000000e-01 2.000000e-01 2.000000e-01 2.000000e-01 2.000000e-01 2.000000e-01 2.000000e-01 2.000000e-01 2.000000e-01 2.000000e-01 2.000000e-01 2.000000e-01 2.000000e-01 2.000000e-01 2.000000e-01 2.000000e-01 2.000000e-01 2.000000e-01 2.000000e-01 2.000000e-01 2.000000e-01 2.000000e-01 2.000000e-01 2.000000e-01 2.000000e-01 2.000000e-01 2.000000e-01 2.000000e-01 2.000000e-01 2.000000e-01 2.000000e-01 2.000000e-01 2.000000e-01 2.000000e-01 2.000000e-01 2.000000e-01 2.000000e-01 2.000000e-01 2.000000e-01 2.000000e-01 2.000000e-01 2.000000e-01
<GCONST> 3.243863e+01
<STATE> 3
<MEAN> 142
 5.347104e-01 4.336127e-01 3.584269e-01 4.384664e-01 3.504100e-01 2.509658e-01 3.260168e-01 3.617283e-01 3.673164e-01 4.911077e-01 4.910919e-01 4.532501e-01 3.330004e-01 5.193922e-01 3.694916e-01 3.382038e-01 4.047310e-01 3.827035e-01 3.221374e-01 3.223416e-01 4.957205e-01 5.774000e-01 3.574978e-01 5.572836e-01 5.039883e-01 3.659846e-01 4.909277e-01 3.956261e-01 5.045411e-01 4.150630e-01 4.611151e-01 4.610539e-01 3.954735e-01 4.697093e-01 4.919669e-01 3.807344e-01 4.602190e-01 3.063188e-01 4.605262e-01 3.582383e-01 3.055417e-01 5.319971e-01 4.069688e-01 3.160116e-01 2.039678e-01 4.228777e-01 5.206087e-01 3.766675e-01 4.464738e-01 3.706872e-01 4.909478e-01 3.378851e-01 4.548473e-01 2.403516e-01 4.548400e-01 4.498900e-01 4.935580e-01 3.355780e-01 3.690173e-01 3.704321e-01 3.306445e-01 4.795199e-01 3.798084e-01 3.796866e-01 3.288450e-01 4.539520e-01 3.012131e-01 4.276108e-01 4.153649e-01 3.851281e-01 3.973904e-01 3.556729e-01 4.217062e-01 4.878156e-01 2.367703e-01 3.034705e-01 4.563549e-01 5.818208e-01 5.482966e-01 4.941458e-01 4.341584e-01 4.336779e-01 3.468158e-01 4.543698e-01 3.015793e-01 3.625682e-01 4.261266e-01 4.150445e-01 4.857825e-01 3.209204e-01 3.623028e-01 3.097976e-01 4.089121e-01 2.944945e-01 5.437752e-01 4.298512e-01 4.650154e-01 2.623586e-01 5.483148e-01 4.437400e-01 4.663535e-01 6.051512e-01 3.808188e-01 3.515711e-01 3.867808e-01 3.824908e-01 3.294647e-01 4.068426e-01 4.011336e-01 3.540636e-01 4.114207e-01 3.755310e-01 4.408118e-01 4.553353e-01 4.208464e-01 4.052980e-01 3.925507e-01 5.978954e-01 4.054496e-01 4.744959e-01 4.375916e-01 5.199457e-01 5.172638e-01 3.265141e-01 3.875003e-01 4.614156e-01 4.442242e-01 3.442602e-01 3.612558e-01 3.907685e-01 4.199184e-01 4.351125e-01 2.775452e-01 4.495108e-01 3.785467e-01 5.109574e-01 3.749157e-01 4.202060e-01 3.703274e-01 4.734868e-01 5.395157e-01 4.555590e-01
<VARIANCE> 142
 2.000000e-01 2.000000e-01 2.000000e-01 2.000000e-01 2.000000e-01 2.000000e-01 2.000000e-01 2.000000e-01 2.000000e-01 2.000000e-01 2.000000e-01 2.000000e-01 2.000000e-01 2.000000e-01 2.000000e-01 2.000000e-01 2.000000e-01 2.000000e-01 2.000000e-01 2.000000e-01 2.000000e-01 2.000000e-01 2.000000e-01 2.000000e-01 2.000000e-01 2.000000e-01 2.000000e-01 2.000000e-01 2.000000e-01 2.000000e-01 2.000000e-01 2.000000e-01 2.000000e-01 2.000000e-01 2.000000e-01 2.000000e-01 2.000000e-01 2.000000e-01 2.000000e-01 2.000000e-01 2.000000e-01 2.000000e-01 2.000000e-01 2.000000e-01 2.000000e-01 2.000000e-01 2.000000e-01 2.000000e-01 2.000000e-01 2.000000e-01 2.000000e-01 2.000000e-01 2.000000e-01 2.000000e-01 2.000000e-01 2.000000e-01 2.000000e-01 2.000000e-01 2.000000e-01 2.000000e-01 2.000000e-01 2.000000e-01 2.000000e-01 2.000000e-01 2.000000e-01 2.000000e-01 2.000000e-01 2.000000e-01 2.000000e-01 2.000000e-01 2.000000e-01 2.000000e-01 2.000000e-01 2.000000e-01 2.000000e-01 2.000000e-01 2.000000e-01 2.000000e-01 2.000000e-01 2.000000e-01 2.000000e-01 2.000000e-01 2.000000e-01 2.000000e-01 2.000000e-01 2.000000e-01 2.000000e-01 2.000000e-01 2.000000e-01 2.000000e-01 2.000000e-01 2.000000e-01 2.000000e-01 2.000000e-01 2.000000e-01 2.000000e-01 2.000000e-01 2.000000e-01 2.000000e-01 2.000000e-01 2.000000e-01 2.000000e-01 2.000000e-01 2.000000e-01 2.000000e-01 2.000000e-01 2.000000e-01 2.000000e-01 2.000000e-01 2.000000e-01 2.000000e-01 2.000000e-01 2.000000e-01 2.000000e-01 2.000000e-01 2.000000e-01 2.000000e-01 2.000000e-01 2.000000e-01 2.000000e-01 2.000000e-01 2.000000e-01 2.000000e-01 2.000000e-01 2.000000e-01 2.000000e-01 2.000000e-01 2.000000e-01 2.000000e-01 2.000000e-01 2.000000e-01 2.000000e-01 2.000000e-01 2.000000e-01 2.000000e-01 2.000000e-01 2.000000e-01 2.000000e-01 2.000000e-01 2.000000e-01 2.000000e-01 2.000000e-01
<GCONST> 3.243863e+01
<TRANSP> 4
 0.000000e+00 1.000000e+00 0.000000e+00 0.000000e+00
 0.000000e+00 8.714020e-01 1.285980e-01 0.000000e+00
 0.000000e+00 0.000000e+00 8.585569e-01 1.414430e-01
 0.000000e+00 0.000000e+00 0.000000e+00 0.000000e+00
<ENDHMM>
