~o
<STREAMINFO> 1 142
<VECSIZE> 142<NULLD><USER><DIAGC>
~h "recall"
<BEGINHMM>
<NUMSTATES> 4
<STATE> 2
<MEAN> 142
 4.534527e-01 4.170323e-01 3.495353e-01 4.324404e-01 3.594823e-01 2.231203e-01 3.336702e-01 3.731266e-01 3.994693e-01 4.605028e-01 4.045717e-01 4.211545e-01 3.583118e-01 4.076478e-01 4.032172e-01 4.315604e-01 4.191015e-01 3.869346e-01 2.708537e-01 3.186703e-01 4.370964e-01 4.957052e-01 3.414359e-01 5.053969e-01 5.091258e-01 3.960265e-01 3.856557e-01 3.791218e-01 4.405856e-01 3.730574e-01 4.290385e-01 4.649104e-01 3.866219e-01 6.203358e-01 4.139446e-01 5.035909e-01 4.354388e-01 3.851808e-01 4.585632e-01 3.864933e-01 4.154287e-01 5.556536e-01 4.024143e-01 2.933859e-01 2.054952e-01 4.135309e-01 4.742341e-01 4.415779e-01 4.312152e-01 2.831677e-01 4.909563e-01 3.978646e-01 4.332804e-01 3.191121e-01 4.283866e-01 4.300683e-01 3.539108e-01 2.968567e-01 3.120195e-01 3.456625e-01 3.784714e-01 4.691276e-01 4.715696e-01 4.165240e-01 4.470496e-01 4.463093e-01 4.185329e-01 3.935226e-01 3.911581e-01 4.135661e-01 4.297280e-01 3.578408e-01 3.907111e-01 4.113923e-01 2.347106e-01 3.228587e-01 4.291873e-01 4.418582e-01 4.991241e-01 5.008354e-01 5.083093e-01 3.946923e-01 4.122193e-01 4.018905e-01 3.448541e-01 3.742947e-01 3.920688e-01 4.236112e-01 4.682689e-01 3.024875e-01 3.519042e-01 2.924647e-01 4.198854e-01 3.311793e-01 4.622332e-01 4.496031e-01 4.877516e-01 3.605666e-01 5.529721e-01 4.724237e-01 4.626856e-01 4.861498e-01 3.504722e-01 4.371422e-01 3.461973e-01 3.142437e-01 3.313064e-01 4.468682e-01 3.387185e-01 3.888359e-01 3.790110e-01 3.275848e-01 4.087624e-01 4.321938e-01 3.898313e-01 3.933760e-01 3.329530e-01 4.608888e-01 4.602669e-01 3.744592e-01 4.762362e-01 4.476043e-01 4.196227e-01 3.172105e-01 3.720396e-01 4.237693e-01 3.950974e-01 4.382949e-01 4.500342e-01 3.895058e-01 4.238268e-01 4.549418e-01 3.560926e-01 4.519263e-01 4.497392e-01 5.227742e-01 3.792823e-01 4.988706e-01 4.434113e-01 4.412456e-01 5.110004e-01 3.517976e-01
<VARIANCE> 142
 2.000000e-01 2.000000e-01 2.000000e-01 2.000000e-01 2.000000e-01 2.000000e-01 2.000000e-01 2.000000e-01 2.000000e-01 2.000000e-01 2.000000e-01 2.000000e-01 2.000000e-01 2.000000e-01 2.000000e-01 2.000000e-01 2.000000e-01 2.000000e-01 2.000000e-01 2.000000e-01 2.000000e-01 2.000000e-01 2.000000e-01 2.000000e-01 2.000000e-01 2.000000e-01 2.000000e-01 2.000000e-01 2.000000e-01 2.000000e-01 2.000000e-01 2.000000e-01 2.000000e-01 2.000000e-01 2.000000e-01 2.000000e-01 2.000000e-01 2.000000e-01 2.000000e-01 2.000000e-01 2.000000e-01 2.000000e-01 2.000000e-01 2.000000e-01 2.000000e-01 2.000000e-01 2.000000e-01 2.000000e-01 2.000000e-01 2.000000e-01 2.000000e-01 2.000000e-01 2.000000e-01 2.000000e-01 2.000000e-01 2.000000e-01 2.000000e-01 2.000000e-01 2.000000e-01 2.000000e-01 2.000000e-01 2.000000e-01 2.000000e-01 2.000000e-01 2.000000e-01 2.000000e-01 2.000000e-01 2.000000e-01 2.000000e-01 2.000000e-01 2.000000e-01 2.000000e-01 2.000000e-01 2.000000e-01 2.000000e-01 2.000000e-01 2.000000e-01 2.000000e-01 2.000000e-01 2.000000e-01 2.000000e-01 2.000000e-01 2.000000e-01 2.000000e-01 2.000000e-01 2.000000e-01 2.000000e-01 2.000000e-01 2.000000e-01 2.000000e-01 2.000000e-01 2.000000e-01 2.000000e-01 2.000000e-01 2.000000e-01 2.000000e-01 2.000000e-01 2.000000e-01 2.000000e-01 2.000000e-01 2.000000e-01 2.000000e-01 2.000000e-01 2.000000e-01 2.000000e-01 2.000000e-01 2.000000e-01 2.000000e-01 2.000000e-01 2.000000e-01 2.000000e-01 2.000000e-01 2.000000e-01 2.000000e-01 2.000000e-01 2.000000e-01 2.000000e-01 2.000000e-01 2.000000e-01 2.000000e-01 2.000000e-01 2.000000e-01 2.000000e-01 2.000000e-01 2.000000e-01 2.000000e-01 2.000000e-01 2.000000e-01 2.000000e-01 2.000000e-01 2.000000e-01 2.000000e-01 2.000000e-01 2.000000e-01 2.000000e-01 2.000000e-01 2.000000e-01 2.000000e-01 2.000000e-01 2.000000e-01 2.000000e-01 2.000000e-01
<GCONST> 3.243863e+01
<STATE> 3
<MEAN> 142
 6.509188e-01 3.214352e-01 3.482367e-01 2.974633e-01 2.325845e-01 2.613228e-01 3.776449e-01 3.023289e-01 3.494019e-01 3.911909e-01 4.524786e-01 4.455474e-01 4.403430e-01 4.437665e-01 2.627831e-01 3.377993e-01 4.035408e-01 3.270006e-01 3.180279e-01 3.960883e-01 4.267736e-01 4.642055e-01 3.946236e-01 4.807401e-01 4.806951e-01 3.951734e-01 4.084876e-01 3.258976e-01 3.651944e-01 3.454960e-01 4.735896e-01 3.548750e-01 3.901011e-01 4.468445e-01 4.468351e-01 2.529740e-01 3.549509e-01 3.019267e-01 3.147418e-01 3.092574e-01 2.785922e-01 3.667222e-01 3.032430e-01 3.066787e-01 1.860058e-01 3.773414e-01 4.208304e-01 3.676566e-01 3.790239e-01 3.700224e-01 4.368434e-01 3.622566e-01 4.074698e-01 2.694232e-01 4.489448e-01 3.274886e-01 3.959401e-01 3.213301e-01 3.163871e-01 3.148325e-01 4.651638e-01 3.967402e-01 3.438935e-01 3.619314e-01 3.132157e-01 4.430132e-01 2.965986e-01 3.703350e-01 3.908874e-01 3.163388e-01 4.367155e-01 4.179563e-01 4.692205e-01 4.740384e-01 3.187294e-01 4.174392e-01 4.183063e-01 3.554789e-01 4.619551e-01 4.059611e-01 4.064200e-01 3.549444e-01 3.404293e-01 3.766121e-01 3.487545e-01 3.822682e-01 3.864838e-01 4.186948e-01 4.347529e-01 3.331404e-01 3.257849e-01 2.854733e-01 3.843176e-01 3.446612e-01 3.847046e-01 4.227450e-01 4.064713e-01 2.808852e-01 3.885033e-01 4.608366e-01 4.010180e-01 4.514422e-01 3.473110e-01 2.732305e-01 3.210641e-01 3.468673e-01 3.592837e-01 3.998593e-01 3.805344e-01 3.759743e-01 3.800372e-01 3.575622e-01 3.263149e-01 2.884276e-01 2.878164e-01 3.766493e-01 3.611785e-01 4.041444e-01 4.115240e-01 4.180389e-01 4.076056e-01 4.995010e-01 4.256711e-01 2.758487e-01 4.289946e-01 3.844598e-01 4.093950e-01 2.801108e-01 2.867425e-01 4.498421e-01 3.506793e-01 3.336042e-01 3.329944e-01 3.841066e-01 3.096127e-01 3.602872e-01 4.864532e-01 3.393689e-01 3.365060e-01 3.699757e-01 3.854837e-01 4.845455e-01
<VARIANCE> 142
 2.000000e-01 2.000000e-01 2.000000e-01 2.000000e-01 2.000000e-01 2.000000e-01 2.000000e-01 2.000000e-01 2.000000e-01 2.000000e-01 2.000000e-01 2.000000e-01 2.000000e-01 2.000000e-01 2.000000e-01 2.000000e-01 2.000000e-01 2.000000e-01 2.000000e-01 2.000000e-01 2.000000e-01 2.000000e-01 2.000000e-01 2.000000e-01 2.000000e-01 2.000000e-01 2.000000e-01 2.000000e-01 2.000000e-01 2.000000e-01 2.000000e-01 2.000000e-01 2.000000e-01 2.000000e-01 2.000000e-01 2.000000e-01 2.000000e-01 2.000000e-01 2.000000e-01 2.000000e-01 2.000000e-01 2.000000e-01 2.000000e-01 2.000000e-01 2.000000e-01 2.000000e-01 2.000000e-01 2.000000e-01 2.000000e-01 2.000000e-01 2.000000e-01 2.000000e-01 2.000000e-01 2.000000e-01 2.000000e-01 2.000000e-01 2.000000e-01 2.000000e-01 2.000000e-01 2.000000e-01 2.000000e-01 2.000000e-01 2.000000e-01 2.000000e-01 2.000000e-01 2.000000e-01 2.000000e-01 2.000000e-01 2.000000e-01 2.000000e-01 2.000000e-01 2.000000e-01 2.000000e-01 2.000000e-01 2.000000e-01 2.000000e-01 2.000000e-01 2.000000e-01 2.000000e-01 2.000000e-01 2.000000e-01 2.000000e-01 2.000000e-01 2.000000e-01 2.000000e-01 2.000000e-01 2.000000e-01 2.000000e-01 2.000000e-01 2.000000e-01 2.000000e-01 2.000000e-01 2.000000e-01 2.000000e-01 2.000000e-01 2.000000e-01 2.000000e-01 2.000000e-01 2.000000e-01 2.000000e-01 2.000000e-01 2.000000e-01 2.000000e-01 2.000000e-01 2.000000e-01 2.000000e-01 2.000000e-01 2.000000e-01 2.000000e-01 2.000000e-01 2.000000e-01 2.000000e-01 2.000000e-01 2.000000e-01 2.000000e-01 2.000000e-01 2.000000e-01 2.000000e-01 2.000000e-01 2.000000e-01 2.000000e-01 2.000000e-01 2.000000e-01 2.000000e-01 2.000000e-01 2.000000e-01 2.000000e-01 2.000000e-01 2.000000e-01 2.000000e-01 2.000000e-01 2.000000e-01 2.000000e-01 2.000000e-01 2.000000e-01 2.000000e-01 2.000000e-01 2.000000e-01 2.000000e-01 2.000000e-01 2.000000e-01 2.000000e-01
<GCONST> 3.243863e+01
<TRANSP> 4
 0.000000e+00 1.000000e+00 0.000000e+00 0.000000e+00
 0.000000e+00 8.705654e-01 1.294346e-01 0.000000e+00
 0.000000e+00 0.000000e+00 8.437278e-01 1.562722e-01
 0.000000e+00 0.000000e+00 0.000000e+00 0.000000e+00
<ENDHMM>
