~o
<STREAMINFO> 1 142
<VECSIZE> 142<NULLD><USER><DIAGC>
~h "rooster"
<BEGINHMM>
<NUMSTATES> 4
<STATE> 2
<MEAN> 142
 5.272817e-01 4.157465e-01 3.128270e-01 3.605915e-01 2.922947e-01 2.289101e-01 2.823635e-01 3.329139e-01 3.266263e-01 4.709181e-01 4.376186e-01 4.166737e-01 3.169723e-01 4.280263e-01 3.714666e-01 3.655577e-01 4.100463e-01 4.446573e-01 2.728765e-01 3.148408e-01 3.800787e-01 4.409278e-01 3.702116e-01 4.731225e-01 4.635528e-01 3.527846e-01 4.004517e-01 3.897932e-01 4.623912e-01 4.214986e-01 4.407657e-01 3.947273e-01 3.019671e-01 5.436696e-01 4.041493e-01 4.018098e-01 3.761828e-01 4.195065e-01 4.370799e-01 2.849384e-01 4.591983e-01 4.996052e-01 4.295106e-01 2.924642e-01 1.940858e-01 4.390337e-01 3.943394e-01 4.041540e-01 3.682268e-01 3.377734e-01 4.650678e-01 4.093997e-01 4.545588e-01 2.790509e-01 4.020694e-01 4.541723e-01 4.332888e-01 2.791094e-01 3.476179e-01 3.158680e-01 3.818549e-01 4.385274e-01 3.647779e-01 4.561829e-01 4.532622e-01 3.918921e-01 4.257248e-01 3.331488e-01 3.120211e-01 4.248728e-01 4.226358e-01 3.376943e-01 3.729489e-01 4.109258e-01 2.957469e-01 3.175359e-01 3.792501e-01 3.238060e-01 4.750733e-01 4.142600e-01 5.646046e-01 4.062928e-01 4.704773e-01 3.919734e-01 2.930064e-01 3.290958e-01 3.469401e-01 4.159428e-01 4.837747e-01 3.659948e-01 4.076884e-01 2.704367e-01 5.058912e-01 3.622048e-01 4.087432e-01 5.353676e-01 4.805956e-01 3.817767e-01 4.723226e-01 3.821200e-01 4.508426e-01 4.088599e-01 3.348266e-01 4.339458e-01 3.292073e-01 2.677779e-01 3.389663e-01 4.018186e-01 3.472261e-01 2.921108e-01 3.922201e-01 4.082693e-01 2.522071e-01 4.069471e-01 3.675025e-01 4.090509e-01 4.836531e-01 3.460150e-01 5.106909e-01 3.125542e-01 4.313535e-01 4.452265e-01 4.113312e-01 3.851520e-01 3.268914e-01 4.168752e-01 4.582493e-01 5.102627e-01 4.658564e-01 3.255742e-01 3.809109e-01 4.930104e-01 3.800901e-01 4.889106e-01 4.357480e-01 3.982021e-01 3.682516e-01 4.725487e-01 3.404404e-01 4.245743e-01 4.165093e-01 3.482877e-01
<VARIANCE> 142
 2.000000e-01 2.000000e-01 2.000000e-01 2.000000e-01 2.000000e-01 2.000000e-01 2.000000e-01 2.000000e-01 2.000000e-01 2.000000e-01 2.000000e-01 2.000000e-01 2.000000e-01 2.000000e-01 2.000000e-01 2.000000e-01 2.000000e-01 2.000000e-01 2.000000e-01 2.000000e-01 2.000000e-01 2.000000e-01 2.000000e-01 2.000000e-01 2.000000e-01 2.000000e-01 2.000000e-01 2.000000e-01 2.000000e-01 2.000000e-01 2.000000e-01 2.000000e-01 2.000000e-01 2.000000e-01 2.000000e-01 2.000000e-01 2.000000e-01 2.000000e-01 2.000000e-01 2.000000e-01 2.000000e-01 2.000000e-01 2.000000e-01 2.000000e-01 2.000000e-01 2.000000e-01 2.000000e-01 2.000000e-01 2.000000e-01 2.000000e-01 2.000000e-01 2.000000e-01 2.000000e-01 2.000000e-01 2.000000e-01 2.000000e-01 2.000000e-01 2.000000e-01 2.000000e-01 2.000000e-01 2.000000e-01 2.000000e-01 2.000000e-01 2.000000e-01 2.000000e-01 2.000000e-01 2.000000e-01 2.000000e-01 2.000000e-01 2.000000e-01 2.000000e-01 2.000000e-01 2.000000e-01 2.000000e-01 2.000000e-01 2.000000e-01 2.000000e-01 2.000000e-01 2.000000e-01 2.000000e-01 2.000000e-01 2.000000e-01 2.000000e-01 2.000000e-01 2.000000e-01 2.000000e-01 2.000000e-01 2.000000e-01 2.000000e-01 2.000000e-01 2.000000e-01 2.000000e-01 2.000000e-01 2.000000e-01 2.000000e-01 2.000000e-01 2.000000e-01 2.000000e-01 2.000000e-01 2.000000e-01 2.000000e-01 2.000000e-01 2.000000e-01 2.000000e-01 2.000000e-01 2.000000e-01 2.000000e-01 2.000000e-01 2.000000e-01 2.000000e-01 2.000000e-01 2.000000e-01 2.000000e-01 2.000000e-01 2.000000e-01 2.000000e-01 2.000000e-01 2.000000e-01 2.000000e-01 2.000000e-01 2.000000e-01 2.000000e-01 2.000000e-01 2.000000e-01 2.000000e-01 2.000000e-01 2.000000e-01 2.000000e-01 2.000000e-01 2.000000e-01 2.000000e-01 2.000000e-01 2.000000e-01 2.000000e-01 2.000000e-01 2.000000e-01 2.000000e-01 2.000000e-01 2.000000e-01 2.000000e-01 2.000000e-01 2.000000e-01
<GCONST> 3.243863e+01
<STATE> 3
<MEAN> 142
 7.444565e-01 3.309034e-01 4.463768e-01 3.687325e-01 2.807451e-01 4.073795e-01 4.550045e-01 3.856623e-01 3.416953e-01 3.830626e-01 5.078928e-01 3.923607e-01 3.986076e-01 5.205953e-01 3.055468e-01 3.468004e-01 3.605639e-01 3.618871e-01 4.044842e-01 4.756592e-01 5.412427e-01 5.387375e-01 4.780506e-01 4.518827e-01 4.884335e-01 3.970570e-01 4.711199e-01 3.301094e-01 3.803308e-01 3.246957e-01 4.778505e-01 4.662424e-01 4.676185e-01 4.317227e-01 4.094265e-01 3.324842e-01 3.513246e-01 3.064158e-01 3.093233e-01 3.111711e-01 3.051932e-01 4.116180e-01 3.046753e-01 3.865000e-01 2.528056e-01 4.013599e-01 4.979023e-01 4.166800e-01 4.692499e-01 3.917128e-01 5.186110e-01 4.134132e-01 4.305812e-01 2.515658e-01 4.907111e-01 3.214486e-01 5.421475e-01 4.261357e-01 4.010101e-01 3.684625e-01 4.901144e-01 4.301227e-01 3.713654e-01 3.874577e-01 3.414775e-01 4.836911e-01 3.657494e-01 4.524967e-01 4.495144e-01 3.214786e-01 4.834822e-01 4.730801e-01 4.161750e-01 4.355683e-01 4.287331e-01 3.793994e-01 4.931432e-01 4.205853e-01 4.909698e-01 4.690824e-01 3.969802e-01 3.845738e-01 3.479615e-01 4.822441e-01 3.450486e-01 4.633010e-01 3.992190e-01 4.293991e-01 4.439567e-01 3.825137e-01 3.386810e-01 3.919808e-01 3.657756e-01 3.475741e-01 4.016045e-01 4.679025e-01 4.057913e-01 3.175279e-01 4.070895e-01 4.643458e-01 3.689117e-01 5.443633e-01 3.891789e-01 3.272647e-01 3.850534e-01 3.840950e-01 4.335083e-01 3.520521e-01 4.632690e-01 4.589732e-01 4.042346e-01 3.628998e-01 3.471245e-01 3.339611e-01 3.428461e-01 3.840371e-01 3.777294e-01 4.361874e-01 4.028360e-01 5.132881e-01 4.434666e-01 5.575431e-01 4.853040e-01 4.019613e-01 4.934099e-01 4.154015e-01 3.620506e-01 2.984314e-01 2.792802e-01 5.080358e-01 4.448529e-01 3.665378e-01 3.828444e-01 4.439760e-01 3.284049e-01 3.904952e-01 4.803742e-01 3.834112e-01 3.592795e-01 3.815189e-01 4.436185e-01 4.794120e-01
<VARIANCE> 142
 2.000000e-01 2.000000e-01 2.000000e-01 2.000000e-01 2.000000e-01 2.000000e-01 2.000000e-01 2.000000e-01 2.000000e-01 2.000000e-01 2.000000e-01 2.000000e-01 2.000000e-01 2.000000e-01 2.000000e-01 2.000000e-01 2.000000e-01 2.000000e-01 2.000000e-01 2.000000e-01 2.000000e-01 2.000000e-01 2.000000e-01 2.000000e-01 2.000000e-01 2.000000e-01 2.000000e-01 2.000000e-01 2.000000e-01 2.000000e-01 2.000000e-01 2.000000e-01 2.000000e-01 2.000000e-01 2.000000e-01 2.000000e-01 2.000000e-01 2.000000e-01 2.000000e-01 2.000000e-01 2.000000e-01 2.000000e-01 2.000000e-01 2.000000e-01 2.000000e-01 2.000000e-01 2.000000e-01 2.000000e-01 2.000000e-01 2.000000e-01 2.000000e-01 2.000000e-01 2.000000e-01 2.000000e-01 2.000000e-01 2.000000e-01 2.000000e-01 2.000000e-01 2.000000e-01 2.000000e-01 2.000000e-01 2.000000e-01 2.000000e-01 2.000000e-01 2.000000e-01 2.000000e-01 2.000000e-01 2.000000e-01 2.000000e-01 2.000000e-01 2.000000e-01 2.000000e-01 2.000000e-01 2.000000e-01 2.000000e-01 2.000000e-01 2.000000e-01 2.000000e-01 2.000000e-01 2.000000e-01 2.000000e-01 2.000000e-01 2.000000e-01 2.000000e-01 2.000000e-01 2.000000e-01 2.000000e-01 2.000000e-01 2.000000e-01 2.000000e-01 2.000000e-01 2.000000e-01 2.000000e-01 2.000000e-01 2.000000e-01 2.000000e-01 2.000000e-01 2.000000e-01 2.000000e-01 2.000000e-01 2.000000e-01 2.000000e-01 2.000000e-01 2.000000e-01 2.000000e-01 2.000000e-01 2.000000e-01 2.000000e-01 2.000000e-01 2.000000e-01 2.000000e-01 2.000000e-01 2.000000e-01 2.000000e-01 2.000000e-01 2.000000e-01 2.000000e-01 2.000000e-01 2.000000e-01 2.000000e-01 2.000000e-01 2.000000e-01 2.000000e-01 2.000000e-01 2.000000e-01 2.000000e-01 2.000000e-01 2.000000e-01 2.000000e-01 2.000000e-01 2.000000e-01 2.000000e-01 2.000000e-01 2.000000e-01 2.000000e-01 2.000000e-01 2.000000e-01 2.000000e-01 2.000000e-01 2.000000e-01 2.000000e-01 2.000000e-01
<GCONST> 3.243863e+01
<TRANSP> 4
 0.000000e+00 1.000000e+00 0.000000e+00 0.000000e+00
 0.000000e+00 8.040046e-01 1.959954e-01 0.000000e+00
 0.000000e+00 0.000000e+00 8.975883e-01 1.024117e-01
 0.000000e+00 0.000000e+00 0.000000e+00 0.000000e+00
<ENDHMM>
