~o
<STREAMINFO> 1 142
<VECSIZE> 142<NULLD><USER><DIAGC>
~h "sad"
<BEGINHMM>
<NUMSTATES> 4
<STATE> 2
<MEAN> 142
 5.551820e-01 4.946284e-01 3.334102e-01 3.132136e-01 3.096025e-01 2.494842e-01 2.865865e-01 3.115985e-01 3.487406e-01 4.791465e-01 4.943584e-01 4.905217e-01 3.847905e-01 4.907556e-01 3.663363e-01 3.030700e-01 4.386297e-01 4.577004e-01 3.034697e-01 3.861441e-01 3.752978e-01 3.918775e-01 3.340021e-01 4.660564e-01 4.736338e-01 3.702149e-01 4.313431e-01 4.301872e-01 4.515315e-01 4.547025e-01 4.404597e-01 4.108578e-01 2.982016e-01 4.588954e-01 4.469422e-01 3.556085e-01 4.017178e-01 4.269960e-01 4.513692e-01 2.945221e-01 4.101767e-01 5.469197e-01 4.224472e-01 2.981462e-01 2.252025e-01 4.717708e-01 4.014497e-01 4.058129e-01 3.234038e-01 3.292224e-01 4.553816e-01 4.341172e-01 5.034532e-01 3.327950e-01 4.181591e-01 4.509377e-01 4.532180e-01 2.918427e-01 2.934613e-01 2.766233e-01 3.660756e-01 4.078673e-01 4.595003e-01 4.305456e-01 4.749818e-01 4.246630e-01 4.171848e-01 2.968286e-01 3.714514e-01 4.440808e-01 4.479390e-01 3.698892e-01 4.210465e-01 4.442821e-01 2.740972e-01 3.766814e-01 4.234664e-01 3.580971e-01 4.483568e-01 4.250453e-01 5.439757e-01 3.879395e-01 4.370465e-01 3.324733e-01 3.386292e-01 3.449844e-01 3.869921e-01 4.740943e-01 4.436758e-01 2.979839e-01 4.049940e-01 2.583475e-01 4.944766e-01 3.838205e-01 4.176658e-01 5.077149e-01 4.471041e-01 4.171358e-01 4.899166e-01 3.908240e-01 4.629601e-01 4.394583e-01 3.180694e-01 4.604910e-01 3.211805e-01 3.271988e-01 3.976887e-01 4.292862e-01 3.738452e-01 2.900496e-01 4.071329e-01 4.133585e-01 2.721052e-01 3.928534e-01 3.950455e-01 4.437168e-01 4.327335e-01 3.936906e-01 4.784000e-01 3.915750e-01 4.603236e-01 5.153477e-01 4.286264e-01 3.998383e-01 3.262157e-01 4.553311e-01 5.041285e-01 5.031497e-01 4.757946e-01 3.934619e-01 3.311251e-01 4.239444e-01 4.099066e-01 4.654977e-01 3.837942e-01 4.300222e-01 3.905426e-01 4.314314e-01 3.373692e-01 4.349761e-01 4.406985e-01 3.872283e-01
<VARIANCE> 142
 2.000000e-01 2.000000e-01 2.000000e-01 2.000000e-01 2.000000e-01 2.000000e-01 2.000000e-01 2.000000e-01 2.000000e-01 2.000000e-01 2.000000e-01 2.000000e-01 2.000000e-01 2.000000e-01 2.000000e-01 2.000000e-01 2.000000e-01 2.000000e-01 2.000000e-01 2.000000e-01 2.000000e-01 2.000000e-01 2.000000e-01 2.000000e-01 2.000000e-01 2.000000e-01 2.000000e-01 2.000000e-01 2.000000e-01 2.000000e-01 2.000000e-01 2.000000e-01 2.000000e-01 2.000000e-01 2.000000e-01 2.000000e-01 2.000000e-01 2.000000e-01 2.000000e-01 2.000000e-01 2.000000e-01 2.000000e-01 2.000000e-01 2.000000e-01 2.000000e-01 2.000000e-01 2.000000e-01 2.000000e-01 2.000000e-01 2.000000e-01 2.000000e-01 2.000000e-01 2.000000e-01 2.000000e-01 2.000000e-01 2.000000e-01 2.000000e-01 2.000000e-01 2.000000e-01 2.000000e-01 2.000000e-01 2.000000e-01 2.000000e-01 2.000000e-01 2.000000e-01 2.000000e-01 2.000000e-01 2.000000e-01 2.000000e-01 2.000000e-01 2.000000e-01 2.000000e-01 2.000000e-01 2.000000e-01 2.000000e-01 2.000000e-01 2.000000e-01 2.000000e-01 2.000000e-01 2.000000e-01 2.000000e-01 2.000000e-01 2.000000e-01 2.000000e-01 2.000000e-01 2.000000e-01 2.000000e-01 2.000000e-01 2.000000e-01 2.000000e-01 2.000000e-01 2.000000e-01 2.000000e-01 2.000000e-01 2.000000e-01 2.000000e-01 2.000000e-01 2.000000e-01 2.000000e-01 2.000000e-01 2.000000e-01 2.000000e-01 2.000000e-01 2.000000e-01 2.000000e-01 2.000000e-01 2.000000e-01 2.000000e-01 2.000000e-01 2.000000e-01 2.000000e-01 2.000000e-01 2.000000e-01 2.000000e-01 2.000000e-01 2.000000e-01 2.000000e-01 2.000000e-01 2.000000e-01 2.000000e-01 2.000000e-01 2.000000e-01 2.000000e-01 2.000000e-01 2.000000e-01 2.000000e-01 2.000000e-01 2.000000e-01 2.000000e-01 2.000000e-01 2.000000e-01 2.000000e-01 2.000000e-01 2.000000e-01 2.000000e-01 2.000000e-01 2.000000e-01 2.000000e-01 2.000000e-01 2.000000e-01 2.000000e-01 2.000000e-01
<GCONST> 3.243863e+01
<STATE> 3
<MEAN> 142
 7.212266e-01 3.479269e-01 4.018741e-01 3.356859e-01 2.976698e-01 3.667456e-01 4.584472e-01 3.078922e-01 3.108738e-01 3.571877e-01 4.051466e-01 4.779404e-01 3.999618e-01 4.226211e-01 2.806372e-01 3.782017e-01 4.195091e-01 3.703617e-01 2.756421e-01 3.920310e-01 4.472174e-01 4.059938e-01 3.978088e-01 4.148129e-01 4.125372e-01 3.594139e-01 3.717533e-01 4.070981e-01 3.518510e-01 3.378671e-01 4.503643e-01 4.550880e-01 5.497660e-01 3.888414e-01 4.704732e-01 3.231202e-01 3.047805e-01 2.492479e-01 2.727366e-01 3.658383e-01 2.931555e-01 3.637476e-01 2.641792e-01 3.867617e-01 3.314643e-01 4.885532e-01 4.265807e-01 4.058465e-01 3.507632e-01 3.187079e-01 4.775629e-01 3.439858e-01 3.827411e-01 2.418831e-01 5.651251e-01 3.444528e-01 3.897995e-01 3.367246e-01 3.360096e-01 3.267091e-01 4.836647e-01 4.549817e-01 3.626125e-01 3.817179e-01 3.791480e-01 4.970610e-01 2.571350e-01 3.950527e-01 4.888325e-01 3.039727e-01 4.873075e-01 5.075776e-01 4.355069e-01 4.420156e-01 3.474984e-01 3.766945e-01 5.234557e-01 4.422723e-01 4.150736e-01 3.926718e-01 4.314760e-01 3.452170e-01 3.219986e-01 4.300015e-01 3.826138e-01 5.083128e-01 3.964064e-01 4.523769e-01 4.302847e-01 4.316284e-01 3.775419e-01 4.195285e-01 4.711840e-01 3.924313e-01 4.328160e-01 4.728976e-01 4.475598e-01 2.889963e-01 4.003425e-01 3.994021e-01 3.463487e-01 4.488096e-01 3.415366e-01 2.452407e-01 2.660919e-01 2.637436e-01 3.427550e-01 2.864296e-01 4.015811e-01 4.204777e-01 3.526258e-01 3.724761e-01 4.157916e-01 2.798470e-01 3.655889e-01 4.246075e-01 3.011780e-01 3.952443e-01 4.254054e-01 4.353056e-01 3.644840e-01 5.331293e-01 4.482224e-01 4.667462e-01 5.261007e-01 4.206348e-01 4.338733e-01 3.039669e-01 3.419950e-01 4.246327e-01 4.442045e-01 3.685903e-01 4.282815e-01 3.442044e-01 3.434881e-01 3.569731e-01 5.463309e-01 3.599651e-01 3.926258e-01 3.658614e-01 4.314011e-01 5.843847e-01
<VARIANCE> 142
 2.000000e-01 2.000000e-01 2.000000e-01 2.000000e-01 2.000000e-01 2.000000e-01 2.000000e-01 2.000000e-01 2.000000e-01 2.000000e-01 2.000000e-01 2.000000e-01 2.000000e-01 2.000000e-01 2.000000e-01 2.000000e-01 2.000000e-01 2.000000e-01 2.000000e-01 2.000000e-01 2.000000e-01 2.000000e-01 2.000000e-01 2.000000e-01 2.000000e-01 2.000000e-01 2.000000e-01 2.000000e-01 2.000000e-01 2.000000e-01 2.000000e-01 2.000000e-01 2.000000e-01 2.000000e-01 2.000000e-01 2.000000e-01 2.000000e-01 2.000000e-01 2.000000e-01 2.000000e-01 2.000000e-01 2.000000e-01 2.000000e-01 2.000000e-01 2.000000e-01 2.000000e-01 2.000000e-01 2.000000e-01 2.000000e-01 2.000000e-01 2.000000e-01 2.000000e-01 2.000000e-01 2.000000e-01 2.000000e-01 2.000000e-01 2.000000e-01 2.000000e-01 2.000000e-01 2.000000e-01 2.000000e-01 2.000000e-01 2.000000e-01 2.000000e-01 2.000000e-01 2.000000e-01 2.000000e-01 2.000000e-01 2.000000e-01 2.000000e-01 2.000000e-01 2.000000e-01 2.000000e-01 2.000000e-01 2.000000e-01 2.000000e-01 2.000000e-01 2.000000e-01 2.000000e-01 2.000000e-01 2.000000e-01 2.000000e-01 2.000000e-01 2.000000e-01 2.000000e-01 2.000000e-01 2.000000e-01 2.000000e-01 2.000000e-01 2.000000e-01 2.000000e-01 2.000000e-01 2.000000e-01 2.000000e-01 2.000000e-01 2.000000e-01 2.000000e-01 2.000000e-01 2.000000e-01 2.000000e-01 2.000000e-01 2.000000e-01 2.000000e-01 2.000000e-01 2.000000e-01 2.000000e-01 2.000000e-01 2.000000e-01 2.000000e-01 2.000000e-01 2.000000e-01 2.000000e-01 2.000000e-01 2.000000e-01 2.000000e-01 2.000000e-01 2.000000e-01 2.000000e-01 2.000000e-01 2.000000e-01 2.000000e-01 2.000000e-01 2.000000e-01 2.000000e-01 2.000000e-01 2.000000e-01 2.000000e-01 2.000000e-01 2.000000e-01 2.000000e-01 2.000000e-01 2.000000e-01 2.000000e-01 2.000000e-01 2.000000e-01 2.000000e-01 2.000000e-01 2.000000e-01 2.000000e-01 2.000000e-01 2.000000e-01 2.000000e-01
<GCONST> 3.243863e+01
<TRANSP> 4
 0.000000e+00 1.000000e+00 0.000000e+00 0.000000e+00
 0.000000e+00 8.817664e-01 1.182336e-01 0.000000e+00
 0.000000e+00 0.000000e+00 8.406500e-01 1.593499e-01
 0.000000e+00 0.000000e+00 0.000000e+00 0.000000e+00
<ENDHMM>
