~o
<STREAMINFO> 1 142
<VECSIZE> 142<NULLD><USER><DIAGC>
~h "scream"
<BEGINHMM>
<NUMSTATES> 4
<STATE> 2
<MEAN> 142
 6.902914e-01 3.543395e-01 3.559528e-01 3.161243e-01 2.708783e-01 4.122818e-01 4.440690e-01 3.204771e-01 3.599592e-01 3.965105e-01 4.099829e-01 4.876287e-01 4.095944e-01 4.341508e-01 3.132534e-01 3.137812e-01 4.149221e-01 4.167155e-01 2.813358e-01 3.629070e-01 4.087279e-01 3.836643e-01 3.584643e-01 4.054969e-01 4.091184e-01 3.777851e-01 3.894295e-01 4.025156e-01 3.849107e-01 4.098388e-01 4.642051e-01 3.661285e-01 4.784790e-01 3.892753e-01 4.575923e-01 3.240937e-01 2.861308e-01 3.003509e-01 3.179541e-01 3.319843e-01 3.709527e-01 3.662874e-01 3.341783e-01 3.083122e-01 3.478237e-01 4.359038e-01 3.408664e-01 3.531021e-01 3.372208e-01 3.595566e-01 4.733911e-01 3.604315e-01 4.184878e-01 2.744065e-01 4.447224e-01 3.327937e-01 3.855092e-01 3.155807e-01 3.731284e-01 3.278314e-01 4.851974e-01 3.829147e-01 3.391554e-01 3.853454e-01 4.041108e-01 4.260657e-01 3.359778e-01 3.877454e-01 4.646855e-01 4.223403e-01 4.725547e-01 5.577589e-01 4.482800e-01 4.442453e-01 3.859982e-01 3.930514e-01 4.740659e-01 3.056050e-01 4.033466e-01 3.124198e-01 4.319960e-01 3.267605e-01 3.780667e-01 4.168698e-01 3.724699e-01 4.941333e-01 3.999485e-01 4.566278e-01 4.633344e-01 4.721430e-01 4.041042e-01 4.613158e-01 4.425440e-01 3.890070e-01 3.677186e-01 4.324146e-01 4.257182e-01 3.549534e-01 3.546264e-01 3.677413e-01 3.205074e-01 4.119641e-01 3.565065e-01 3.817846e-01 2.815421e-01 2.559209e-01 4.074814e-01 3.194891e-01 4.059078e-01 3.845572e-01 3.915284e-01 4.337144e-01 2.922515e-01 2.711732e-01 3.267051e-01 4.614100e-01 4.067286e-01 3.093567e-01 4.463901e-01 3.489188e-01 3.412012e-01 4.579576e-01 3.571627e-01 5.670322e-01 4.363790e-01 3.947580e-01 4.748180e-01 3.742783e-01 3.752661e-01 4.085175e-01 3.257702e-01 3.643518e-01 4.938503e-01 3.526298e-01 3.066445e-01 3.444270e-01 5.020261e-01 3.433106e-01 3.472753e-01 3.240342e-01 3.920106e-01 4.631375e-01
<VARIANCE> 142
 2.000000e-01 2.000000e-01 2.000000e-01 2.000000e-01 2.000000e-01 2.000000e-01 2.000000e-01 2.000000e-01 2.000000e-01 2.000000e-01 2.000000e-01 2.000000e-01 2.000000e-01 2.000000e-01 2.000000e-01 2.000000e-01 2.000000e-01 2.000000e-01 2.000000e-01 2.000000e-01 2.000000e-01 2.000000e-01 2.000000e-01 2.000000e-01 2.000000e-01 2.000000e-01 2.000000e-01 2.000000e-01 2.000000e-01 2.000000e-01 2.000000e-01 2.000000e-01 2.000000e-01 2.000000e-01 2.000000e-01 2.000000e-01 2.000000e-01 2.000000e-01 2.000000e-01 2.000000e-01 2.000000e-01 2.000000e-01 2.000000e-01 2.000000e-01 2.000000e-01 2.000000e-01 2.000000e-01 2.000000e-01 2.000000e-01 2.000000e-01 2.000000e-01 2.000000e-01 2.000000e-01 2.000000e-01 2.000000e-01 2.000000e-01 2.000000e-01 2.000000e-01 2.000000e-01 2.000000e-01 2.000000e-01 2.000000e-01 2.000000e-01 2.000000e-01 2.000000e-01 2.000000e-01 2.000000e-01 2.000000e-01 2.000000e-01 2.000000e-01 2.000000e-01 2.000000e-01 2.000000e-01 2.000000e-01 2.000000e-01 2.000000e-01 2.000000e-01 2.000000e-01 2.000000e-01 2.000000e-01 2.000000e-01 2.000000e-01 2.000000e-01 2.000000e-01 2.000000e-01 2.000000e-01 2.000000e-01 2.000000e-01 2.000000e-01 2.000000e-01 2.000000e-01 2.000000e-01 2.000000e-01 2.000000e-01 2.000000e-01 2.000000e-01 2.000000e-01 2.000000e-01 2.000000e-01 2.000000e-01 2.000000e-01 2.000000e-01 2.000000e-01 2.000000e-01 2.000000e-01 2.000000e-01 2.000000e-01 2.000000e-01 2.000000e-01 2.000000e-01 2.000000e-01 2.000000e-01 2.000000e-01 2.000000e-01 2.000000e-01 2.000000e-01 2.000000e-01 2.000000e-01 2.000000e-01 2.000000e-01 2.000000e-01 2.000000e-01 2.000000e-01 2.000000e-01 2.000000e-01 2.000000e-01 2.000000e-01 2.000000e-01 2.000000e-01 2.000000e-01 2.000000e-01 2.000000e-01 2.000000e-01 2.000000e-01 2.000000e-01 2.000000e-01 2.000000e-01 2.000000e-01 2.000000e-01 2.000000e-01 2.000000e-01 2.000000e-01
<GCONST> 3.243863e+01
<STATE> 3
<MEAN> 142
 4.581911e-01 3.648021e-01 3.126860e-01 3.810589e-01 3.244356e-01 1.939536e-01 3.091607e-01 3.599526e-01 3.471797e-01 4.525690e-01 4.123845e-01 4.011690e-01 3.142037e-01 4.097449e-01 3.845896e-01 3.617904e-01 4.396213e-01 4.177935e-01 2.944235e-01 2.987984e-01 4.428813e-01 5.164727e-01 3.486908e-01 5.168981e-01 4.973748e-01 3.366984e-01 4.058825e-01 3.372312e-01 4.634185e-01 3.794748e-01 4.356445e-01 3.804779e-01 3.420049e-01 5.883280e-01 4.368431e-01 4.300035e-01 3.944617e-01 3.699066e-01 4.893193e-01 3.864908e-01 3.863173e-01 5.430761e-01 3.732150e-01 2.818399e-01 1.592429e-01 3.550754e-01 4.081487e-01 4.355832e-01 4.094866e-01 2.997523e-01 4.440284e-01 4.092842e-01 4.237952e-01 2.953349e-01 3.618672e-01 4.287781e-01 3.639708e-01 3.069465e-01 3.366255e-01 3.108831e-01 3.606124e-01 4.228351e-01 4.021904e-01 3.988887e-01 3.734741e-01 4.079194e-01 3.951751e-01 3.968632e-01 3.544983e-01 4.183820e-01 4.204835e-01 3.090593e-01 3.897021e-01 4.161850e-01 2.352067e-01 2.806038e-01 4.072054e-01 3.747346e-01 5.139701e-01 4.864259e-01 4.916726e-01 3.842809e-01 4.156846e-01 3.922584e-01 2.732761e-01 3.090236e-01 3.835471e-01 4.068406e-01 4.692546e-01 2.912982e-01 3.278467e-01 2.539367e-01 4.050476e-01 3.377912e-01 4.319790e-01 4.038881e-01 4.616453e-01 3.297253e-01 5.500487e-01 4.329294e-01 4.556710e-01 4.840837e-01 3.232945e-01 4.139904e-01 3.124686e-01 3.179549e-01 3.130828e-01 4.355788e-01 3.127027e-01 3.627607e-01 3.691905e-01 3.234728e-01 3.047429e-01 3.850016e-01 3.356525e-01 3.418362e-01 4.028169e-01 4.442041e-01 3.952169e-01 3.409007e-01 4.244214e-01 4.064746e-01 4.097966e-01 3.039057e-01 3.689753e-01 4.085723e-01 3.783674e-01 4.152723e-01 3.968412e-01 3.721978e-01 3.955032e-01 4.065239e-01 2.820192e-01 4.233598e-01 3.989447e-01 4.561234e-01 3.571765e-01 4.560489e-01 4.469857e-01 4.403151e-01 4.545901e-01 3.686787e-01
<VARIANCE> 142
 2.000000e-01 2.000000e-01 2.000000e-01 2.000000e-01 2.000000e-01 2.000000e-01 2.000000e-01 2.000000e-01 2.000000e-01 2.000000e-01 2.000000e-01 2.000000e-01 2.000000e-01 2.000000e-01 2.000000e-01 2.000000e-01 2.000000e-01 2.000000e-01 2.000000e-01 2.000000e-01 2.000000e-01 2.000000e-01 2.000000e-01 2.000000e-01 2.000000e-01 2.000000e-01 2.000000e-01 2.000000e-01 2.000000e-01 2.000000e-01 2.000000e-01 2.000000e-01 2.000000e-01 2.000000e-01 2.000000e-01 2.000000e-01 2.000000e-01 2.000000e-01 2.000000e-01 2.000000e-01 2.000000e-01 2.000000e-01 2.000000e-01 2.000000e-01 2.000000e-01 2.000000e-01 2.000000e-01 2.000000e-01 2.000000e-01 2.000000e-01 2.000000e-01 2.000000e-01 2.000000e-01 2.000000e-01 2.000000e-01 2.000000e-01 2.000000e-01 2.000000e-01 2.000000e-01 2.000000e-01 2.000000e-01 2.000000e-01 2.000000e-01 2.000000e-01 2.000000e-01 2.000000e-01 2.000000e-01 2.000000e-01 2.000000e-01 2.000000e-01 2.000000e-01 2.000000e-01 2.000000e-01 2.000000e-01 2.000000e-01 2.000000e-01 2.000000e-01 2.000000e-01 2.000000e-01 2.000000e-01 2.000000e-01 2.000000e-01 2.000000e-01 2.000000e-01 2.000000e-01 2.000000e-01 2.000000e-01 2.000000e-01 2.000000e-01 2.000000e-01 2.000000e-01 2.000000e-01 2.000000e-01 2.000000e-01 2.000000e-01 2.000000e-01 2.000000e-01 2.000000e-01 2.000000e-01 2.000000e-01 2.000000e-01 2.000000e-01 2.000000e-01 2.000000e-01 2.000000e-01 2.000000e-01 2.000000e-01 2.000000e-01 2.000000e-01 2.000000e-01 2.000000e-01 2.000000e-01 2.000000e-01 2.000000e-01 2.000000e-01 2.000000e-01 2.000000e-01 2.000000e-01 2.000000e-01 2.000000e-01 2.000000e-01 2.000000e-01 2.000000e-01 2.000000e-01 2.000000e-01 2.000000e-01 2.000000e-01 2.000000e-01 2.000000e-01 2.000000e-01 2.000000e-01 2.000000e-01 2.000000e-01 2.000000e-01 2.000000e-01 2.000000e-01 2.000000e-01 2.000000e-01 2.000000e-01 2.000000e-01 2.000000e-01 2.000000e-01
<GCONST> 3.243863e+01
<TRANSP> 4
 0.000000e+00 1.000000e+00 0.000000e+00 0.000000e+00
 0.000000e+00 8.061144e-01 1.938856e-01 0.000000e+00
 0.000000e+00 0.000000e+00 8.926868e-01 1.073132e-01
 0.000000e+00 0.000000e+00 0.000000e+00 0.000000e+00
<ENDHMM>
