~o
<STREAMINFO> 1 142
<VECSIZE> 142<NULLD><USER><DIAGC>
~h "see"
<BEGINHMM>
<NUMSTATES> 4
<STATE> 2
<MEAN> 142
 7.174971e-01 3.785771e-01 3.425737e-01 3.072303e-01 2.392365e-01 3.552660e-01 3.603708e-01 3.264718e-01 3.540597e-01 4.284637e-01 4.944103e-01 4.749979e-01 4.259301e-01 4.868264e-01 2.877841e-01 2.574693e-01 3.446685e-01 3.965347e-01 3.451580e-01 3.965762e-01 4.003016e-01 3.857064e-01 4.154910e-01 3.776221e-01 4.433958e-01 3.823924e-01 4.357871e-01 4.057334e-01 4.141019e-01 3.773786e-01 4.447947e-01 3.933953e-01 4.132602e-01 3.581131e-01 4.327347e-01 2.987373e-01 3.041063e-01 3.897477e-01 3.222943e-01 2.501760e-01 3.344441e-01 4.267724e-01 3.745252e-01 3.172055e-01 2.482663e-01 4.207059e-01 3.424599e-01 3.506996e-01 3.244318e-01 3.827074e-01 4.810583e-01 4.151675e-01 4.473043e-01 3.063764e-01 4.440961e-01 3.561772e-01 5.102043e-01 3.369368e-01 3.646375e-01 2.838648e-01 4.809466e-01 4.225683e-01 3.942560e-01 4.681339e-01 4.244348e-01 4.385675e-01 3.743247e-01 3.604542e-01 4.375953e-01 4.079900e-01 4.724120e-01 4.844909e-01 4.028095e-01 3.952568e-01 4.231180e-01 4.212547e-01 4.141106e-01 3.491902e-01 4.290717e-01 3.665344e-01 4.565560e-01 3.461412e-01 3.725994e-01 4.181420e-01 2.920149e-01 4.077070e-01 4.128877e-01 4.867201e-01 4.576025e-01 4.055293e-01 4.098097e-01 3.949504e-01 4.388086e-01 4.391029e-01 3.665144e-01 4.577355e-01 3.732376e-01 3.784531e-01 3.483424e-01 3.923644e-01 3.742957e-01 4.215378e-01 3.659590e-01 4.060090e-01 2.686094e-01 3.255991e-01 4.608138e-01 3.918470e-01 4.443409e-01 3.060465e-01 4.449967e-01 4.190817e-01 2.660894e-01 2.869745e-01 3.709495e-01 4.457281e-01 4.613536e-01 3.728988e-01 4.751008e-01 3.821240e-01 3.789065e-01 4.592516e-01 4.781891e-01 4.832414e-01 3.814827e-01 4.250095e-01 3.974628e-01 4.179237e-01 4.502217e-01 4.099260e-01 3.234755e-01 3.541371e-01 4.972326e-01 4.112982e-01 2.973906e-01 3.537201e-01 4.262872e-01 3.853653e-01 2.582662e-01 3.214447e-01 4.294685e-01 4.226031e-01
<VARIANCE> 142
 2.000000e-01 2.000000e-01 2.000000e-01 2.000000e-01 2.000000e-01 2.000000e-01 2.000000e-01 2.000000e-01 2.000000e-01 2.000000e-01 2.000000e-01 2.000000e-01 2.000000e-01 2.000000e-01 2.000000e-01 2.000000e-01 2.000000e-01 2.000000e-01 2.000000e-01 2.000000e-01 2.000000e-01 2.000000e-01 2.000000e-01 2.000000e-01 2.000000e-01 2.000000e-01 2.000000e-01 2.000000e-01 2.000000e-01 2.000000e-01 2.000000e-01 2.000000e-01 2.000000e-01 2.000000e-01 2.000000e-01 2.000000e-01 2.000000e-01 2.000000e-01 2.000000e-01 2.000000e-01 2.000000e-01 2.000000e-01 2.000000e-01 2.000000e-01 2.000000e-01 2.000000e-01 2.000000e-01 2.000000e-01 2.000000e-01 2.000000e-01 2.000000e-01 2.000000e-01 2.000000e-01 2.000000e-01 2.000000e-01 2.000000e-01 2.000000e-01 2.000000e-01 2.000000e-01 2.000000e-01 2.000000e-01 2.000000e-01 2.000000e-01 2.000000e-01 2.000000e-01 2.000000e-01 2.000000e-01 2.000000e-01 2.000000e-01 2.000000e-01 2.000000e-01 2.000000e-01 2.000000e-01 2.000000e-01 2.000000e-01 2.000000e-01 2.000000e-01 2.000000e-01 2.000000e-01 2.000000e-01 2.000000e-01 2.000000e-01 2.000000e-01 2.000000e-01 2.000000e-01 2.000000e-01 2.000000e-01 2.000000e-01 2.000000e-01 2.000000e-01 2.000000e-01 2.000000e-01 2.000000e-01 2.000000e-01 2.000000e-01 2.000000e-01 2.000000e-01 2.000000e-01 2.000000e-01 2.000000e-01 2.000000e-01 2.000000e-01 2.000000e-01 2.000000e-01 2.000000e-01 2.000000e-01 2.000000e-01 2.000000e-01 2.000000e-01 2.000000e-01 2.000000e-01 2.000000e-01 2.000000e-01 2.000000e-01 2.000000e-01 2.000000e-01 2.000000e-01 2.000000e-01 2.000000e-01 2.000000e-01 2.000000e-01 2.000000e-01 2.000000e-01 2.000000e-01 2.000000e-01 2.000000e-01 2.000000e-01 2.000000e-01 2.000000e-01 2.000000e-01 2.000000e-01 2.000000e-01 2.000000e-01 2.000000e-01 2.000000e-01 2.000000e-01 2.000000e-01 2.000000e-01 2.000000e-01 2.000000e-01 2.000000e-01 2.000000e-01
<GCONST> 3.243863e+01
<STATE> 3
<MEAN> 142
 4.935161e-01 3.820601e-01 2.487441e-01 3.423066e-01 3.170823e-01 1.639208e-01 3.165462e-01 2.877026e-01 3.283921e-01 5.206209e-01 3.863292e-01 4.245830e-01 3.204385e-01 3.852875e-01 3.808732e-01 3.532598e-01 4.745927e-01 4.129226e-01 2.164647e-01 3.244894e-01 4.070617e-01 4.941474e-01 3.160230e-01 5.525210e-01 4.612069e-01 3.341454e-01 3.459026e-01 3.432948e-01 5.194898e-01 4.057393e-01 4.424217e-01 3.877299e-01 2.552971e-01 5.881125e-01 4.041333e-01 4.280173e-01 3.706229e-01 4.267531e-01 5.248226e-01 2.923429e-01 4.179869e-01 6.603602e-01 3.975607e-01 2.712909e-01 1.332213e-01 3.847868e-01 3.850738e-01 3.905214e-01 4.291302e-01 2.847413e-01 4.761571e-01 4.167372e-01 4.457478e-01 2.856171e-01 3.687132e-01 3.596122e-01 4.232258e-01 2.687960e-01 3.188244e-01 2.753721e-01 3.634444e-01 4.104626e-01 3.883360e-01 4.016030e-01 3.738371e-01 4.527785e-01 4.156825e-01 3.401238e-01 3.186194e-01 4.453014e-01 4.101968e-01 2.734980e-01 4.204510e-01 3.777903e-01 1.540384e-01 2.839184e-01 3.488143e-01 3.141690e-01 5.343600e-01 5.325530e-01 4.947189e-01 4.577028e-01 4.733753e-01 3.670711e-01 2.463402e-01 3.074532e-01 3.367814e-01 3.964764e-01 4.808646e-01 2.862795e-01 3.712291e-01 2.233009e-01 3.614917e-01 3.215306e-01 4.338358e-01 4.123868e-01 4.609739e-01 3.202285e-01 6.263961e-01 4.020392e-01 4.446886e-01 4.510871e-01 2.698165e-01 4.808133e-01 2.909887e-01 3.700806e-01 4.051678e-01 4.696288e-01 3.083727e-01 3.376694e-01 3.469369e-01 3.554535e-01 2.559831e-01 4.714139e-01 3.395617e-01 3.540250e-01 3.875442e-01 4.643605e-01 4.210870e-01 3.505389e-01 4.812779e-01 4.132977e-01 4.287701e-01 2.913311e-01 3.766290e-01 4.037159e-01 3.706941e-01 5.033731e-01 4.251772e-01 3.632901e-01 3.318985e-01 4.261084e-01 3.203182e-01 4.107841e-01 4.397315e-01 4.716043e-01 3.559143e-01 4.643308e-01 3.749129e-01 4.653415e-01 4.926023e-01 2.789409e-01
<VARIANCE> 142
 2.000000e-01 2.000000e-01 2.000000e-01 2.000000e-01 2.000000e-01 2.000000e-01 2.000000e-01 2.000000e-01 2.000000e-01 2.000000e-01 2.000000e-01 2.000000e-01 2.000000e-01 2.000000e-01 2.000000e-01 2.000000e-01 2.000000e-01 2.000000e-01 2.000000e-01 2.000000e-01 2.000000e-01 2.000000e-01 2.000000e-01 2.000000e-01 2.000000e-01 2.000000e-01 2.000000e-01 2.000000e-01 2.000000e-01 2.000000e-01 2.000000e-01 2.000000e-01 2.000000e-01 2.000000e-01 2.000000e-01 2.000000e-01 2.000000e-01 2.000000e-01 2.000000e-01 2.000000e-01 2.000000e-01 2.000000e-01 2.000000e-01 2.000000e-01 2.000000e-01 2.000000e-01 2.000000e-01 2.000000e-01 2.000000e-01 2.000000e-01 2.000000e-01 2.000000e-01 2.000000e-01 2.000000e-01 2.000000e-01 2.000000e-01 2.000000e-01 2.000000e-01 2.000000e-01 2.000000e-01 2.000000e-01 2.000000e-01 2.000000e-01 2.000000e-01 2.000000e-01 2.000000e-01 2.000000e-01 2.000000e-01 2.000000e-01 2.000000e-01 2.000000e-01 2.000000e-01 2.000000e-01 2.000000e-01 2.000000e-01 2.000000e-01 2.000000e-01 2.000000e-01 2.000000e-01 2.000000e-01 2.000000e-01 2.000000e-01 2.000000e-01 2.000000e-01 2.000000e-01 2.000000e-01 2.000000e-01 2.000000e-01 2.000000e-01 2.000000e-01 2.000000e-01 2.000000e-01 2.000000e-01 2.000000e-01 2.000000e-01 2.000000e-01 2.000000e-01 2.000000e-01 2.000000e-01 2.000000e-01 2.000000e-01 2.000000e-01 2.000000e-01 2.000000e-01 2.000000e-01 2.000000e-01 2.000000e-01 2.000000e-01 2.000000e-01 2.000000e-01 2.000000e-01 2.000000e-01 2.000000e-01 2.000000e-01 2.000000e-01 2.000000e-01 2.000000e-01 2.000000e-01 2.000000e-01 2.000000e-01 2.000000e-01 2.000000e-01 2.000000e-01 2.000000e-01 2.000000e-01 2.000000e-01 2.000000e-01 2.000000e-01 2.000000e-01 2.000000e-01 2.000000e-01 2.000000e-01 2.000000e-01 2.000000e-01 2.000000e-01 2.000000e-01 2.000000e-01 2.000000e-01 2.000000e-01 2.000000e-01 2.000000e-01 2.000000e-01
<GCONST> 3.243863e+01
<TRANSP> 4
 0.000000e+00 1.000000e+00 0.000000e+00 0.000000e+00
 0.000000e+00 8.741283e-01 1.258716e-01 0.000000e+00
 0.000000e+00 0.000000e+00 8.392816e-01 1.607184e-01
 0.000000e+00 0.000000e+00 0.000000e+00 0.000000e+00
<ENDHMM>
