~o
<STREAMINFO> 1 142
<VECSIZE> 142<NULLD><USER><DIAGC>
~h "shower"
<BEGINHMM>
<NUMSTATES> 4
<STATE> 2
<MEAN> 142
 5.004351e-01 3.515019e-01 3.726732e-01 4.429746e-01 3.922877e-01 2.541344e-01 3.478784e-01 3.138146e-01 3.385250e-01 4.230926e-01 4.543077e-01 3.596162e-01 2.969230e-01 3.999676e-01 3.206929e-01 4.155612e-01 3.986513e-01 3.320886e-01 3.032582e-01 2.550329e-01 4.875349e-01 5.157323e-01 3.420763e-01 4.747584e-01 5.051976e-01 3.288162e-01 4.601925e-01 3.562182e-01 4.291723e-01 3.675925e-01 4.858949e-01 4.427514e-01 3.708099e-01 5.689130e-01 4.257965e-01 4.107555e-01 3.901726e-01 2.975502e-01 4.402707e-01 3.577359e-01 3.745754e-01 5.017685e-01 3.765377e-01 2.630062e-01 2.001800e-01 3.626204e-01 4.841059e-01 3.914537e-01 4.694564e-01 3.415190e-01 5.213506e-01 3.357767e-01 3.973843e-01 2.848521e-01 3.854570e-01 4.134396e-01 4.343694e-01 3.406601e-01 3.515494e-01 4.073400e-01 3.692734e-01 4.524570e-01 3.796534e-01 3.803242e-01 3.621208e-01 5.045730e-01 3.369830e-01 4.497012e-01 4.075482e-01 3.756618e-01 3.765400e-01 3.561282e-01 4.273049e-01 3.564356e-01 2.764328e-01 3.115126e-01 4.223190e-01 4.305258e-01 4.974793e-01 4.961004e-01 4.756707e-01 3.701082e-01 3.967742e-01 4.869232e-01 3.371816e-01 3.711182e-01 3.623979e-01 3.963374e-01 5.033472e-01 3.464597e-01 2.860654e-01 3.225595e-01 3.547491e-01 2.993349e-01 4.492650e-01 4.011340e-01 4.179451e-01 2.474721e-01 5.041816e-01 4.189132e-01 3.909300e-01 5.059374e-01 3.254064e-01 3.833757e-01 3.344175e-01 3.237085e-01 3.368884e-01 3.883727e-01 3.847559e-01 4.041018e-01 3.549469e-01 3.342962e-01 3.737073e-01 4.244418e-01 3.528512e-01 3.717271e-01 3.960985e-01 4.389423e-01 3.871436e-01 3.903994e-01 4.260651e-01 4.563938e-01 4.286332e-01 3.224390e-01 3.663504e-01 3.932175e-01 3.554149e-01 3.458563e-01 3.485528e-01 3.478426e-01 3.732012e-01 3.982540e-01 2.780956e-01 3.778694e-01 3.898840e-01 4.764845e-01 3.930327e-01 4.309902e-01 4.083205e-01 4.582436e-01 4.911296e-01 3.725112e-01
<VARIANCE> 142
 2.000000e-01 2.000000e-01 2.000000e-01 2.000000e-01 2.000000e-01 2.000000e-01 2.000000e-01 2.000000e-01 2.000000e-01 2.000000e-01 2.000000e-01 2.000000e-01 2.000000e-01 2.000000e-01 2.000000e-01 2.000000e-01 2.000000e-01 2.000000e-01 2.000000e-01 2.000000e-01 2.000000e-01 2.000000e-01 2.000000e-01 2.000000e-01 2.000000e-01 2.000000e-01 2.000000e-01 2.000000e-01 2.000000e-01 2.000000e-01 2.000000e-01 2.000000e-01 2.000000e-01 2.000000e-01 2.000000e-01 2.000000e-01 2.000000e-01 2.000000e-01 2.000000e-01 2.000000e-01 2.000000e-01 2.000000e-01 2.000000e-01 2.000000e-01 2.000000e-01 2.000000e-01 2.000000e-01 2.000000e-01 2.000000e-01 2.000000e-01 2.000000e-01 2.000000e-01 2.000000e-01 2.000000e-01 2.000000e-01 2.000000e-01 2.000000e-01 2.000000e-01 2.000000e-01 2.000000e-01 2.000000e-01 2.000000e-01 2.000000e-01 2.000000e-01 2.000000e-01 2.000000e-01 2.000000e-01 2.000000e-01 2.000000e-01 2.000000e-01 2.000000e-01 2.000000e-01 2.000000e-01 2.000000e-01 2.000000e-01 2.000000e-01 2.000000e-01 2.000000e-01 2.000000e-01 2.000000e-01 2.000000e-01 2.000000e-01 2.000000e-01 2.000000e-01 2.000000e-01 2.000000e-01 2.000000e-01 2.000000e-01 2.000000e-01 2.000000e-01 2.000000e-01 2.000000e-01 2.000000e-01 2.000000e-01 2.000000e-01 2.000000e-01 2.000000e-01 2.000000e-01 2.000000e-01 2.000000e-01 2.000000e-01 2.000000e-01 2.000000e-01 2.000000e-01 2.000000e-01 2.000000e-01 2.000000e-01 2.000000e-01 2.000000e-01 2.000000e-01 2.000000e-01 2.000000e-01 2.000000e-01 2.000000e-01 2.000000e-01 2.000000e-01 2.000000e-01 2.000000e-01 2.000000e-01 2.000000e-01 2.000000e-01 2.000000e-01 2.000000e-01 2.000000e-01 2.000000e-01 2.000000e-01 2.000000e-01 2.000000e-01 2.000000e-01 2.000000e-01 2.000000e-01 2.000000e-01 2.000000e-01 2.000000e-01 2.000000e-01 2.000000e-01 2.000000e-01 2.000000e-01 2.000000e-01 2.000000e-01 2.000000e-01 2.000000e-01
<GCONST> 3.243863e+01
<STATE> 3
<MEAN> 142
 6.498188e-01 3.477793e-01 4.173651e-01 3.371226e-01 3.337526e-01 4.046778e-01 3.696369e-01 3.403354e-01 4.489565e-01 4.440039e-01 5.471260e-01 5.266027e-01 4.505557e-01 5.522068e-01 2.758467e-01 2.897168e-01 3.420133e-01 3.945996e-01 3.796814e-01 4.367991e-01 4.597079e-01 4.227290e-01 4.280166e-01 3.909762e-01 4.785009e-01 4.299453e-01 4.338221e-01 4.264604e-01 4.248519e-01 4.250818e-01 4.747097e-01 4.052911e-01 3.907095e-01 4.423268e-01 4.588166e-01 2.974164e-01 3.465100e-01 4.216935e-01 3.875377e-01 3.284765e-01 4.093353e-01 4.276889e-01 4.139804e-01 3.701017e-01 2.416167e-01 4.169436e-01 3.938643e-01 4.103621e-01 3.567164e-01 4.189440e-01 5.150167e-01 4.492944e-01 4.727614e-01 3.225491e-01 4.367499e-01 4.185579e-01 5.082280e-01 3.910393e-01 4.007174e-01 3.353616e-01 4.928112e-01 4.258718e-01 4.120315e-01 4.607452e-01 4.787346e-01 4.285944e-01 3.991001e-01 4.103553e-01 4.425012e-01 4.435315e-01 5.065468e-01 4.895632e-01 3.966320e-01 4.521987e-01 3.993467e-01 4.445031e-01 4.669838e-01 4.156834e-01 4.825917e-01 4.310859e-01 4.947481e-01 3.036656e-01 4.044437e-01 4.411266e-01 3.254375e-01 3.914630e-01 4.312868e-01 4.994216e-01 5.013805e-01 3.592658e-01 4.257123e-01 3.414691e-01 4.614859e-01 4.335027e-01 4.130723e-01 5.229849e-01 3.937803e-01 3.996865e-01 4.346532e-01 4.686111e-01 4.203319e-01 4.477575e-01 4.032182e-01 4.419156e-01 3.246868e-01 3.268024e-01 4.278105e-01 4.240928e-01 4.500004e-01 3.480988e-01 4.579668e-01 4.129435e-01 3.018686e-01 3.241731e-01 4.029494e-01 4.722328e-01 4.647199e-01 4.022198e-01 4.853270e-01 4.072306e-01 3.938129e-01 4.897316e-01 4.777789e-01 4.148103e-01 4.183074e-01 4.079368e-01 4.515429e-01 4.539273e-01 4.458608e-01 4.515767e-01 3.884082e-01 3.809738e-01 5.039350e-01 4.752460e-01 3.540130e-01 3.797205e-01 4.020291e-01 3.418547e-01 3.514744e-01 3.444762e-01 4.342791e-01 4.774539e-01
<VARIANCE> 142
 2.000000e-01 2.000000e-01 2.000000e-01 2.000000e-01 2.000000e-01 2.000000e-01 2.000000e-01 2.000000e-01 2.000000e-01 2.000000e-01 2.000000e-01 2.000000e-01 2.000000e-01 2.000000e-01 2.000000e-01 2.000000e-01 2.000000e-01 2.000000e-01 2.000000e-01 2.000000e-01 2.000000e-01 2.000000e-01 2.000000e-01 2.000000e-01 2.000000e-01 2.000000e-01 2.000000e-01 2.000000e-01 2.000000e-01 2.000000e-01 2.000000e-01 2.000000e-01 2.000000e-01 2.000000e-01 2.000000e-01 2.000000e-01 2.000000e-01 2.000000e-01 2.000000e-01 2.000000e-01 2.000000e-01 2.000000e-01 2.000000e-01 2.000000e-01 2.000000e-01 2.000000e-01 2.000000e-01 2.000000e-01 2.000000e-01 2.000000e-01 2.000000e-01 2.000000e-01 2.000000e-01 2.000000e-01 2.000000e-01 2.000000e-01 2.000000e-01 2.000000e-01 2.000000e-01 2.000000e-01 2.000000e-01 2.000000e-01 2.000000e-01 2.000000e-01 2.000000e-01 2.000000e-01 2.000000e-01 2.000000e-01 2.000000e-01 2.000000e-01 2.000000e-01 2.000000e-01 2.000000e-01 2.000000e-01 2.000000e-01 2.000000e-01 2.000000e-01 2.000000e-01 2.000000e-01 2.000000e-01 2.000000e-01 2.000000e-01 2.000000e-01 2.000000e-01 2.000000e-01 2.000000e-01 2.000000e-01 2.000000e-01 2.000000e-01 2.000000e-01 2.000000e-01 2.000000e-01 2.000000e-01 2.000000e-01 2.000000e-01 2.000000e-01 2.000000e-01 2.000000e-01 2.000000e-01 2.000000e-01 2.000000e-01 2.000000e-01 2.000000e-01 2.000000e-01 2.000000e-01 2.000000e-01 2.000000e-01 2.000000e-01 2.000000e-01 2.000000e-01 2.000000e-01 2.000000e-01 2.000000e-01 2.000000e-01 2.000000e-01 2.000000e-01 2.000000e-01 2.000000e-01 2.000000e-01 2.000000e-01 2.000000e-01 2.000000e-01 2.000000e-01 2.000000e-01 2.000000e-01 2.000000e-01 2.000000e-01 2.000000e-01 2.000000e-01 2.000000e-01 2.000000e-01 2.000000e-01 2.000000e-01 2.000000e-01 2.000000e-01 2.000000e-01 2.000000e-01 2.000000e-01 2.000000e-01 2.000000e-01 2.000000e-01 2.000000e-01
<GCONST> 3.243863e+01
<TRANSP> 4
 0.000000e+00 1.000000e+00 0.000000e+00 0.000000e+00
 0.000000e+00 8.716042e-01 1.283958e-01 0.000000e+00
 0.000000e+00 0.000000e+00 8.484958e-01 1.515042e-01
 0.000000e+00 0.000000e+00 0.000000e+00 0.000000e+00
<ENDHMM>
