~o
<STREAMINFO> 1 142
<VECSIZE> 142<NULLD><USER><DIAGC>
~h "skinny"
<BEGINHMM>
<NUMSTATES> 4
<STATE> 2
<MEAN> 142
 6.368027e-01 3.295495e-01 4.728077e-01 3.962198e-01 3.564721e-01 4.451618e-01 3.664896e-01 3.369866e-01 3.684758e-01 4.475888e-01 5.605969e-01 3.743064e-01 3.566003e-01 4.824132e-01 3.464503e-01 2.934693e-01 3.312357e-01 3.594109e-01 4.245817e-01 3.641435e-01 4.603253e-01 4.831364e-01 4.063151e-01 3.811439e-01 5.291942e-01 3.345276e-01 5.405926e-01 3.907956e-01 3.714629e-01 3.463134e-01 4.966628e-01 3.162645e-01 3.529548e-01 4.763733e-01 4.565005e-01 3.502997e-01 4.426280e-01 3.708101e-01 3.185171e-01 3.778389e-01 4.134393e-01 4.021450e-01 3.951403e-01 3.414297e-01 2.839431e-01 3.715436e-01 4.160520e-01 4.068592e-01 4.638136e-01 3.800799e-01 5.178447e-01 3.822711e-01 4.359470e-01 2.511024e-01 4.249889e-01 3.742563e-01 5.695572e-01 4.840338e-01 4.380867e-01 4.408044e-01 4.471841e-01 4.109187e-01 3.321137e-01 4.090686e-01 4.045663e-01 4.352216e-01 3.864625e-01 4.773849e-01 4.648432e-01 4.033736e-01 4.382233e-01 3.916600e-01 4.022633e-01 3.905298e-01 3.690280e-01 3.520101e-01 4.301495e-01 3.957769e-01 4.686449e-01 5.191124e-01 4.271428e-01 3.189313e-01 3.537439e-01 4.641062e-01 4.062344e-01 3.720103e-01 3.941944e-01 4.182826e-01 4.782393e-01 3.836521e-01 2.907656e-01 3.691345e-01 3.898369e-01 3.700358e-01 4.154979e-01 4.434561e-01 4.056591e-01 3.600436e-01 4.352952e-01 4.663858e-01 4.318637e-01 4.705309e-01 3.225581e-01 3.647406e-01 4.433609e-01 2.955359e-01 3.525251e-01 3.669905e-01 5.090478e-01 5.031903e-01 3.972040e-01 3.440958e-01 3.616155e-01 3.741099e-01 3.478053e-01 3.753896e-01 3.810588e-01 4.242169e-01 4.129886e-01 4.408543e-01 3.818303e-01 3.744764e-01 3.657814e-01 3.888629e-01 4.333107e-01 3.711616e-01 4.009202e-01 3.870742e-01 3.622843e-01 4.697823e-01 4.111908e-01 3.409178e-01 3.623219e-01 4.027056e-01 3.656176e-01 4.542586e-01 4.698415e-01 4.024268e-01 3.804102e-01 3.624202e-01 3.708068e-01 4.380237e-01
<VARIANCE> 142
 2.000000e-01 2.000000e-01 2.000000e-01 2.000000e-01 2.000000e-01 2.000000e-01 2.000000e-01 2.000000e-01 2.000000e-01 2.000000e-01 2.000000e-01 2.000000e-01 2.000000e-01 2.000000e-01 2.000000e-01 2.000000e-01 2.000000e-01 2.000000e-01 2.000000e-01 2.000000e-01 2.000000e-01 2.000000e-01 2.000000e-01 2.000000e-01 2.000000e-01 2.000000e-01 2.000000e-01 2.000000e-01 2.000000e-01 2.000000e-01 2.000000e-01 2.000000e-01 2.000000e-01 2.000000e-01 2.000000e-01 2.000000e-01 2.000000e-01 2.000000e-01 2.000000e-01 2.000000e-01 2.000000e-01 2.000000e-01 2.000000e-01 2.000000e-01 2.000000e-01 2.000000e-01 2.000000e-01 2.000000e-01 2.000000e-01 2.000000e-01 2.000000e-01 2.000000e-01 2.000000e-01 2.000000e-01 2.000000e-01 2.000000e-01 2.000000e-01 2.000000e-01 2.000000e-01 2.000000e-01 2.000000e-01 2.000000e-01 2.000000e-01 2.000000e-01 2.000000e-01 2.000000e-01 2.000000e-01 2.000000e-01 2.000000e-01 2.000000e-01 2.000000e-01 2.000000e-01 2.000000e-01 2.000000e-01 2.000000e-01 2.000000e-01 2.000000e-01 2.000000e-01 2.000000e-01 2.000000e-01 2.000000e-01 2.000000e-01 2.000000e-01 2.000000e-01 2.000000e-01 2.000000e-01 2.000000e-01 2.000000e-01 2.000000e-01 2.000000e-01 2.000000e-01 2.000000e-01 2.000000e-01 2.000000e-01 2.000000e-01 2.000000e-01 2.000000e-01 2.000000e-01 2.000000e-01 2.000000e-01 2.000000e-01 2.000000e-01 2.000000e-01 2.000000e-01 2.000000e-01 2.000000e-01 2.000000e-01 2.000000e-01 2.000000e-01 2.000000e-01 2.000000e-01 2.000000e-01 2.000000e-01 2.000000e-01 2.000000e-01 2.000000e-01 2.000000e-01 2.000000e-01 2.000000e-01 2.000000e-01 2.000000e-01 2.000000e-01 2.000000e-01 2.000000e-01 2.000000e-01 2.000000e-01 2.000000e-01 2.000000e-01 2.000000e-01 2.000000e-01 2.000000e-01 2.000000e-01 2.000000e-01 2.000000e-01 2.000000e-01 2.000000e-01 2.000000e-01 2.000000e-01 2.000000e-01 2.000000e-01 2.000000e-01 2.000000e-01
<GCONST> 3.243863e+01
<STATE> 3
<MEAN> 142
 4.323027e-01 4.752570e-01 3.225808e-01 4.681813e-01 3.398312e-01 1.901504e-01 3.022313e-01 3.271077e-01 3.642418e-01 4.955245e-01 3.887742e-01 4.895888e-01 3.356954e-01 4.116832e-01 4.981440e-01 3.017886e-01 4.424751e-01 4.310994e-01 2.365755e-01 2.563784e-01 4.396219e-01 4.864393e-01 2.973609e-01 5.082651e-01 4.963357e-01 3.786276e-01 4.140341e-01 4.650218e-01 5.397441e-01 4.970873e-01 4.489224e-01 4.320303e-01 4.012972e-01 4.834456e-01 4.582317e-01 4.211108e-01 4.449117e-01 3.942355e-01 4.836593e-01 4.107028e-01 4.617723e-01 5.115553e-01 3.821240e-01 2.130402e-01 2.249987e-01 4.712055e-01 4.736250e-01 3.985629e-01 4.017154e-01 3.327166e-01 4.314193e-01 3.151771e-01 4.410388e-01 2.730858e-01 4.775373e-01 5.768796e-01 3.408187e-01 2.768617e-01 2.953782e-01 3.176754e-01 3.124625e-01 5.025062e-01 3.538503e-01 4.207812e-01 4.126673e-01 4.238559e-01 3.114987e-01 3.535023e-01 3.540225e-01 4.230769e-01 3.927657e-01 3.552074e-01 3.643200e-01 4.277930e-01 2.094681e-01 2.815728e-01 4.290913e-01 6.385850e-01 5.210155e-01 4.264282e-01 5.387505e-01 4.912275e-01 4.605871e-01 3.685227e-01 3.064887e-01 3.539320e-01 4.268683e-01 4.098038e-01 4.343924e-01 3.805711e-01 4.637001e-01 2.363577e-01 4.891567e-01 3.964081e-01 5.658429e-01 4.768550e-01 4.728981e-01 3.472236e-01 4.915483e-01 4.378617e-01 4.166922e-01 5.432791e-01 3.981150e-01 4.052548e-01 3.759281e-01 2.725994e-01 2.765476e-01 4.092485e-01 2.802156e-01 3.295011e-01 4.464840e-01 4.706123e-01 4.308147e-01 4.947315e-01 4.523189e-01 4.022585e-01 4.159875e-01 5.132119e-01 5.103187e-01 4.092764e-01 4.323518e-01 4.634105e-01 4.934486e-01 3.718348e-01 2.981615e-01 4.694039e-01 4.580657e-01 3.752540e-01 4.096121e-01 2.665208e-01 3.903817e-01 5.349617e-01 3.259686e-01 4.363250e-01 5.546109e-01 4.874862e-01 3.694828e-01 5.015152e-01 3.407899e-01 5.058617e-01 5.315607e-01 4.641440e-01
<VARIANCE> 142
 2.000000e-01 2.000000e-01 2.000000e-01 2.000000e-01 2.000000e-01 2.000000e-01 2.000000e-01 2.000000e-01 2.000000e-01 2.000000e-01 2.000000e-01 2.000000e-01 2.000000e-01 2.000000e-01 2.000000e-01 2.000000e-01 2.000000e-01 2.000000e-01 2.000000e-01 2.000000e-01 2.000000e-01 2.000000e-01 2.000000e-01 2.000000e-01 2.000000e-01 2.000000e-01 2.000000e-01 2.000000e-01 2.000000e-01 2.000000e-01 2.000000e-01 2.000000e-01 2.000000e-01 2.000000e-01 2.000000e-01 2.000000e-01 2.000000e-01 2.000000e-01 2.000000e-01 2.000000e-01 2.000000e-01 2.000000e-01 2.000000e-01 2.000000e-01 2.000000e-01 2.000000e-01 2.000000e-01 2.000000e-01 2.000000e-01 2.000000e-01 2.000000e-01 2.000000e-01 2.000000e-01 2.000000e-01 2.000000e-01 2.000000e-01 2.000000e-01 2.000000e-01 2.000000e-01 2.000000e-01 2.000000e-01 2.000000e-01 2.000000e-01 2.000000e-01 2.000000e-01 2.000000e-01 2.000000e-01 2.000000e-01 2.000000e-01 2.000000e-01 2.000000e-01 2.000000e-01 2.000000e-01 2.000000e-01 2.000000e-01 2.000000e-01 2.000000e-01 2.000000e-01 2.000000e-01 2.000000e-01 2.000000e-01 2.000000e-01 2.000000e-01 2.000000e-01 2.000000e-01 2.000000e-01 2.000000e-01 2.000000e-01 2.000000e-01 2.000000e-01 2.000000e-01 2.000000e-01 2.000000e-01 2.000000e-01 2.000000e-01 2.000000e-01 2.000000e-01 2.000000e-01 2.000000e-01 2.000000e-01 2.000000e-01 2.000000e-01 2.000000e-01 2.000000e-01 2.000000e-01 2.000000e-01 2.000000e-01 2.000000e-01 2.000000e-01 2.000000e-01 2.000000e-01 2.000000e-01 2.000000e-01 2.000000e-01 2.000000e-01 2.000000e-01 2.000000e-01 2.000000e-01 2.000000e-01 2.000000e-01 2.000000e-01 2.000000e-01 2.000000e-01 2.000000e-01 2.000000e-01 2.000000e-01 2.000000e-01 2.000000e-01 2.000000e-01 2.000000e-01 2.000000e-01 2.000000e-01 2.000000e-01 2.000000e-01 2.000000e-01 2.000000e-01 2.000000e-01 2.000000e-01 2.000000e-01 2.000000e-01 2.000000e-01 2.000000e-01
<GCONST> 3.243863e+01
<TRANSP> 4
 0.000000e+00 1.000000e+00 0.000000e+00 0.000000e+00
 0.000000e+00 8.980438e-01 1.019562e-01 0.000000e+00
 0.000000e+00 0.000000e+00 8.114269e-01 1.885731e-01
 0.000000e+00 0.000000e+00 0.000000e+00 0.000000e+00
<ENDHMM>
