~o
<STREAMINFO> 1 142
<VECSIZE> 142<NULLD><USER><DIAGC>
~h "start_sentence"
<BEGINHMM>
<NUMSTATES> 4
<STATE> 2
<MEAN> 142
 7.057920e-01 3.414273e-01 4.187455e-01 3.669263e-01 3.075472e-01 4.051682e-01 4.453457e-01 3.667647e-01 3.476408e-01 3.858030e-01 4.646483e-01 4.202570e-01 3.953185e-01 4.755884e-01 3.014520e-01 3.677130e-01 3.791434e-01 3.695152e-01 3.626490e-01 4.147647e-01 5.156984e-01 5.012050e-01 4.335894e-01 4.478464e-01 4.669529e-01 4.041173e-01 4.470999e-01 3.715805e-01 3.776940e-01 3.501140e-01 4.808689e-01 4.304694e-01 4.904686e-01 4.469663e-01 4.322850e-01 3.494755e-01 3.441914e-01 2.874205e-01 3.139735e-01 3.520066e-01 3.079295e-01 3.983052e-01 3.174776e-01 3.762998e-01 2.768026e-01 4.104830e-01 4.640885e-01 4.039011e-01 4.404263e-01 3.674596e-01 5.004697e-01 3.802902e-01 4.187603e-01 2.583762e-01 4.800562e-01 3.423752e-01 4.624518e-01 3.968151e-01 3.828066e-01 3.808302e-01 4.903594e-01 4.460261e-01 3.607629e-01 3.848134e-01 3.577895e-01 4.859143e-01 3.363278e-01 4.485641e-01 4.666717e-01 3.415394e-01 4.746737e-01 4.791494e-01 4.267346e-01 4.355938e-01 3.947872e-01 3.851177e-01 4.857486e-01 4.267698e-01 4.516696e-01 4.513349e-01 4.005632e-01 3.568409e-01 3.431816e-01 4.709066e-01 3.652029e-01 4.813171e-01 3.951780e-01 4.218355e-01 4.689724e-01 3.981627e-01 3.400880e-01 4.008694e-01 4.018770e-01 3.502395e-01 4.130668e-01 4.459637e-01 4.212551e-01 3.000050e-01 4.090632e-01 4.554515e-01 3.658486e-01 5.036585e-01 3.590367e-01 3.205382e-01 3.536020e-01 3.205197e-01 3.773145e-01 3.412776e-01 4.337071e-01 4.416155e-01 3.885716e-01 3.650224e-01 3.699905e-01 3.257513e-01 3.531219e-01 4.178202e-01 3.658863e-01 4.239282e-01 4.086565e-01 4.474367e-01 4.100060e-01 5.072826e-01 4.466027e-01 4.124961e-01 4.782579e-01 4.064255e-01 3.925771e-01 3.090447e-01 3.056660e-01 4.631020e-01 4.264988e-01 3.760475e-01 3.960343e-01 3.938725e-01 3.400102e-01 4.026837e-01 4.899157e-01 3.861542e-01 3.795214e-01 3.769276e-01 4.502549e-01 4.841420e-01
<VARIANCE> 142
 2.000000e-01 2.000000e-01 2.000000e-01 2.000000e-01 2.000000e-01 2.000000e-01 2.000000e-01 2.000000e-01 2.000000e-01 2.000000e-01 2.000000e-01 2.000000e-01 2.000000e-01 2.000000e-01 2.000000e-01 2.000000e-01 2.000000e-01 2.000000e-01 2.000000e-01 2.000000e-01 2.000000e-01 2.000000e-01 2.000000e-01 2.000000e-01 2.000000e-01 2.000000e-01 2.000000e-01 2.000000e-01 2.000000e-01 2.000000e-01 2.000000e-01 2.000000e-01 2.000000e-01 2.000000e-01 2.000000e-01 2.000000e-01 2.000000e-01 2.000000e-01 2.000000e-01 2.000000e-01 2.000000e-01 2.000000e-01 2.000000e-01 2.000000e-01 2.000000e-01 2.000000e-01 2.000000e-01 2.000000e-01 2.000000e-01 2.000000e-01 2.000000e-01 2.000000e-01 2.000000e-01 2.000000e-01 2.000000e-01 2.000000e-01 2.000000e-01 2.000000e-01 2.000000e-01 2.000000e-01 2.000000e-01 2.000000e-01 2.000000e-01 2.000000e-01 2.000000e-01 2.000000e-01 2.000000e-01 2.000000e-01 2.000000e-01 2.000000e-01 2.000000e-01 2.000000e-01 2.000000e-01 2.000000e-01 2.000000e-01 2.000000e-01 2.000000e-01 2.000000e-01 2.000000e-01 2.000000e-01 2.000000e-01 2.000000e-01 2.000000e-01 2.000000e-01 2.000000e-01 2.000000e-01 2.000000e-01 2.000000e-01 2.000000e-01 2.000000e-01 2.000000e-01 2.000000e-01 2.000000e-01 2.000000e-01 2.000000e-01 2.000000e-01 2.000000e-01 2.000000e-01 2.000000e-01 2.000000e-01 2.000000e-01 2.000000e-01 2.000000e-01 2.000000e-01 2.000000e-01 2.000000e-01 2.000000e-01 2.000000e-01 2.000000e-01 2.000000e-01 2.000000e-01 2.000000e-01 2.000000e-01 2.000000e-01 2.000000e-01 2.000000e-01 2.000000e-01 2.000000e-01 2.000000e-01 2.000000e-01 2.000000e-01 2.000000e-01 2.000000e-01 2.000000e-01 2.000000e-01 2.000000e-01 2.000000e-01 2.000000e-01 2.000000e-01 2.000000e-01 2.000000e-01 2.000000e-01 2.000000e-01 2.000000e-01 2.000000e-01 2.000000e-01 2.000000e-01 2.000000e-01 2.000000e-01 2.000000e-01 2.000000e-01 2.000000e-01
<GCONST> 3.243863e+01
<STATE> 3
<MEAN> 142
 5.150883e-01 3.827595e-01 3.149738e-01 3.399954e-01 3.117976e-01 2.626498e-01 3.093852e-01 3.263924e-01 3.816027e-01 4.465004e-01 4.399129e-01 4.377693e-01 3.856774e-01 4.588924e-01 3.797019e-01 3.326192e-01 4.171821e-01 4.275762e-01 2.867389e-01 3.485320e-01 4.070754e-01 4.208913e-01 3.374954e-01 4.540864e-01 4.725231e-01 3.941633e-01 3.929193e-01 4.116464e-01 4.590275e-01 4.349413e-01 4.589511e-01 4.087106e-01 3.206038e-01 4.805855e-01 4.340757e-01 3.917291e-01 3.798091e-01 4.194405e-01 4.328460e-01 3.574898e-01 4.340380e-01 4.908344e-01 3.710679e-01 3.052716e-01 2.090466e-01 3.872437e-01 4.019049e-01 4.231778e-01 3.926522e-01 3.286168e-01 4.650540e-01 4.360616e-01 4.573168e-01 3.129601e-01 4.053296e-01 4.183956e-01 3.896942e-01 2.943014e-01 3.349894e-01 2.920494e-01 3.849334e-01 4.525749e-01 4.106086e-01 4.324802e-01 4.493996e-01 4.045480e-01 4.257576e-01 3.566564e-01 3.775954e-01 4.514457e-01 4.397200e-01 3.543699e-01 3.986859e-01 3.886774e-01 2.791135e-01 3.683085e-01 4.078190e-01 4.083075e-01 4.720237e-01 4.116488e-01 5.069599e-01 3.902056e-01 4.340617e-01 3.750868e-01 3.336847e-01 3.404828e-01 3.974394e-01 4.324260e-01 4.569158e-01 3.240965e-01 3.753256e-01 2.786551e-01 4.486326e-01 3.807168e-01 4.270272e-01 4.712592e-01 4.545865e-01 3.894377e-01 4.896328e-01 4.251080e-01 4.364573e-01 4.326037e-01 3.504592e-01 4.276477e-01 3.223308e-01 3.038657e-01 3.914976e-01 4.409992e-01 3.687319e-01 3.256090e-01 3.991371e-01 3.730728e-01 3.253666e-01 3.802018e-01 3.745306e-01 4.088114e-01 3.926309e-01 4.180262e-01 4.475206e-01 3.707956e-01 4.313379e-01 4.371948e-01 4.284798e-01 3.676424e-01 3.514739e-01 3.936749e-01 4.268357e-01 4.523958e-01 4.339217e-01 3.615384e-01 3.728963e-01 4.364273e-01 3.746426e-01 4.516220e-01 4.376163e-01 4.413968e-01 3.851762e-01 4.583763e-01 3.925048e-01 3.962058e-01 4.402457e-01 3.930555e-01
<VARIANCE> 142
 2.000000e-01 2.000000e-01 2.000000e-01 2.000000e-01 2.000000e-01 2.000000e-01 2.000000e-01 2.000000e-01 2.000000e-01 2.000000e-01 2.000000e-01 2.000000e-01 2.000000e-01 2.000000e-01 2.000000e-01 2.000000e-01 2.000000e-01 2.000000e-01 2.000000e-01 2.000000e-01 2.000000e-01 2.000000e-01 2.000000e-01 2.000000e-01 2.000000e-01 2.000000e-01 2.000000e-01 2.000000e-01 2.000000e-01 2.000000e-01 2.000000e-01 2.000000e-01 2.000000e-01 2.000000e-01 2.000000e-01 2.000000e-01 2.000000e-01 2.000000e-01 2.000000e-01 2.000000e-01 2.000000e-01 2.000000e-01 2.000000e-01 2.000000e-01 2.000000e-01 2.000000e-01 2.000000e-01 2.000000e-01 2.000000e-01 2.000000e-01 2.000000e-01 2.000000e-01 2.000000e-01 2.000000e-01 2.000000e-01 2.000000e-01 2.000000e-01 2.000000e-01 2.000000e-01 2.000000e-01 2.000000e-01 2.000000e-01 2.000000e-01 2.000000e-01 2.000000e-01 2.000000e-01 2.000000e-01 2.000000e-01 2.000000e-01 2.000000e-01 2.000000e-01 2.000000e-01 2.000000e-01 2.000000e-01 2.000000e-01 2.000000e-01 2.000000e-01 2.000000e-01 2.000000e-01 2.000000e-01 2.000000e-01 2.000000e-01 2.000000e-01 2.000000e-01 2.000000e-01 2.000000e-01 2.000000e-01 2.000000e-01 2.000000e-01 2.000000e-01 2.000000e-01 2.000000e-01 2.000000e-01 2.000000e-01 2.000000e-01 2.000000e-01 2.000000e-01 2.000000e-01 2.000000e-01 2.000000e-01 2.000000e-01 2.000000e-01 2.000000e-01 2.000000e-01 2.000000e-01 2.000000e-01 2.000000e-01 2.000000e-01 2.000000e-01 2.000000e-01 2.000000e-01 2.000000e-01 2.000000e-01 2.000000e-01 2.000000e-01 2.000000e-01 2.000000e-01 2.000000e-01 2.000000e-01 2.000000e-01 2.000000e-01 2.000000e-01 2.000000e-01 2.000000e-01 2.000000e-01 2.000000e-01 2.000000e-01 2.000000e-01 2.000000e-01 2.000000e-01 2.000000e-01 2.000000e-01 2.000000e-01 2.000000e-01 2.000000e-01 2.000000e-01 2.000000e-01 2.000000e-01 2.000000e-01 2.000000e-01 2.000000e-01 2.000000e-01
<GCONST> 3.243863e+01
<TRANSP> 4
 0.000000e+00 1.000000e+00 0.000000e+00 0.000000e+00
 0.000000e+00 8.576250e-01 1.423750e-01 0.000000e+00
 0.000000e+00 0.000000e+00 8.618044e-01 1.381957e-01
 0.000000e+00 0.000000e+00 0.000000e+00 0.000000e+00
<ENDHMM>
