~o
<STREAMINFO> 1 142
<VECSIZE> 142<NULLD><USER><DIAGC>
~h "start"
<BEGINHMM>
<NUMSTATES> 4
<STATE> 2
<MEAN> 142
 6.781357e-01 3.810177e-01 3.932102e-01 3.128113e-01 2.658974e-01 3.110144e-01 3.336816e-01 3.160092e-01 3.618183e-01 4.165455e-01 4.978782e-01 4.552860e-01 3.944626e-01 5.435847e-01 3.388021e-01 2.686627e-01 3.699741e-01 4.199424e-01 3.774868e-01 3.985094e-01 4.077006e-01 4.236309e-01 4.117258e-01 4.428833e-01 4.584508e-01 3.827944e-01 4.291444e-01 4.445824e-01 4.507635e-01 4.082954e-01 4.694544e-01 4.083010e-01 4.020282e-01 4.141361e-01 4.645943e-01 3.196774e-01 3.867159e-01 4.103570e-01 3.752345e-01 2.979817e-01 3.821672e-01 4.443812e-01 3.698975e-01 3.728676e-01 2.552761e-01 4.430647e-01 4.134568e-01 4.073591e-01 3.610514e-01 4.043048e-01 4.794267e-01 4.322981e-01 4.632377e-01 3.264709e-01 4.805156e-01 3.644397e-01 4.548977e-01 3.375301e-01 3.336152e-01 2.581706e-01 4.227899e-01 4.479452e-01 4.009553e-01 4.664355e-01 4.154616e-01 4.328914e-01 3.933798e-01 3.429931e-01 4.035641e-01 3.816745e-01 5.010234e-01 4.484614e-01 4.323787e-01 4.548185e-01 3.523297e-01 4.128397e-01 4.555697e-01 4.738052e-01 4.575932e-01 4.183160e-01 4.741704e-01 3.963748e-01 4.111969e-01 3.837568e-01 3.140074e-01 3.658916e-01 4.488480e-01 4.647688e-01 4.293994e-01 3.331802e-01 4.190143e-01 3.120619e-01 4.719391e-01 4.479335e-01 4.440868e-01 5.127203e-01 4.202393e-01 4.151304e-01 4.312297e-01 4.383677e-01 4.477416e-01 4.401711e-01 3.933896e-01 3.656434e-01 3.454627e-01 3.266553e-01 4.310913e-01 4.451885e-01 4.136852e-01 3.294866e-01 4.355895e-01 3.775895e-01 3.272655e-01 3.442611e-01 3.721794e-01 4.420313e-01 4.000513e-01 4.334610e-01 4.788404e-01 4.313463e-01 4.613322e-01 5.170122e-01 4.942683e-01 3.831111e-01 3.747544e-01 4.474251e-01 4.653953e-01 4.008047e-01 4.262280e-01 4.005388e-01 3.909954e-01 4.283297e-01 4.128563e-01 4.862242e-01 3.619689e-01 3.915229e-01 4.169973e-01 4.055326e-01 3.215892e-01 3.707596e-01 4.367315e-01 5.097219e-01
<VARIANCE> 142
 2.000000e-01 2.000000e-01 2.000000e-01 2.000000e-01 2.000000e-01 2.000000e-01 2.000000e-01 2.000000e-01 2.000000e-01 2.000000e-01 2.000000e-01 2.000000e-01 2.000000e-01 2.000000e-01 2.000000e-01 2.000000e-01 2.000000e-01 2.000000e-01 2.000000e-01 2.000000e-01 2.000000e-01 2.000000e-01 2.000000e-01 2.000000e-01 2.000000e-01 2.000000e-01 2.000000e-01 2.000000e-01 2.000000e-01 2.000000e-01 2.000000e-01 2.000000e-01 2.000000e-01 2.000000e-01 2.000000e-01 2.000000e-01 2.000000e-01 2.000000e-01 2.000000e-01 2.000000e-01 2.000000e-01 2.000000e-01 2.000000e-01 2.000000e-01 2.000000e-01 2.000000e-01 2.000000e-01 2.000000e-01 2.000000e-01 2.000000e-01 2.000000e-01 2.000000e-01 2.000000e-01 2.000000e-01 2.000000e-01 2.000000e-01 2.000000e-01 2.000000e-01 2.000000e-01 2.000000e-01 2.000000e-01 2.000000e-01 2.000000e-01 2.000000e-01 2.000000e-01 2.000000e-01 2.000000e-01 2.000000e-01 2.000000e-01 2.000000e-01 2.000000e-01 2.000000e-01 2.000000e-01 2.000000e-01 2.000000e-01 2.000000e-01 2.000000e-01 2.000000e-01 2.000000e-01 2.000000e-01 2.000000e-01 2.000000e-01 2.000000e-01 2.000000e-01 2.000000e-01 2.000000e-01 2.000000e-01 2.000000e-01 2.000000e-01 2.000000e-01 2.000000e-01 2.000000e-01 2.000000e-01 2.000000e-01 2.000000e-01 2.000000e-01 2.000000e-01 2.000000e-01 2.000000e-01 2.000000e-01 2.000000e-01 2.000000e-01 2.000000e-01 2.000000e-01 2.000000e-01 2.000000e-01 2.000000e-01 2.000000e-01 2.000000e-01 2.000000e-01 2.000000e-01 2.000000e-01 2.000000e-01 2.000000e-01 2.000000e-01 2.000000e-01 2.000000e-01 2.000000e-01 2.000000e-01 2.000000e-01 2.000000e-01 2.000000e-01 2.000000e-01 2.000000e-01 2.000000e-01 2.000000e-01 2.000000e-01 2.000000e-01 2.000000e-01 2.000000e-01 2.000000e-01 2.000000e-01 2.000000e-01 2.000000e-01 2.000000e-01 2.000000e-01 2.000000e-01 2.000000e-01 2.000000e-01 2.000000e-01 2.000000e-01 2.000000e-01
<GCONST> 3.243863e+01
<STATE> 3
<MEAN> 142
 5.680326e-01 3.277190e-01 3.850867e-01 4.533288e-01 3.085088e-01 3.834699e-01 4.330927e-01 4.102415e-01 3.359934e-01 3.857183e-01 3.992867e-01 3.627432e-01 3.724448e-01 3.806737e-01 3.368332e-01 4.640937e-01 3.691788e-01 3.330315e-01 3.105544e-01 3.875483e-01 5.141609e-01 4.903605e-01 4.077781e-01 4.455121e-01 4.438390e-01 4.408631e-01 4.357284e-01 4.270340e-01 3.338973e-01 3.507833e-01 4.508232e-01 4.309877e-01 5.256989e-01 5.260617e-01 4.009501e-01 4.153161e-01 3.952820e-01 2.924126e-01 2.781551e-01 4.764367e-01 3.147406e-01 4.247254e-01 3.276785e-01 3.505132e-01 3.743352e-01 3.966737e-01 4.495333e-01 3.931799e-01 4.404610e-01 2.885810e-01 4.763992e-01 3.640328e-01 3.971382e-01 2.919880e-01 4.643715e-01 3.182420e-01 2.831150e-01 3.453855e-01 2.763252e-01 4.451220e-01 4.811224e-01 5.265633e-01 3.896769e-01 4.285054e-01 3.671648e-01 5.660543e-01 3.290011e-01 4.305551e-01 4.215924e-01 3.173834e-01 4.907552e-01 4.241606e-01 3.615532e-01 4.096231e-01 3.631432e-01 3.752059e-01 4.741889e-01 4.214284e-01 4.212151e-01 5.186209e-01 4.019840e-01 3.134547e-01 3.095497e-01 4.066930e-01 4.521672e-01 4.843596e-01 4.339898e-01 3.672676e-01 4.506859e-01 3.784967e-01 2.385295e-01 4.289550e-01 4.067560e-01 2.955961e-01 4.356427e-01 3.774313e-01 4.365587e-01 2.852790e-01 4.263203e-01 4.841780e-01 3.534548e-01 4.793851e-01 3.673429e-01 3.100653e-01 3.385223e-01 2.787467e-01 2.936268e-01 3.389313e-01 3.787531e-01 4.944074e-01 3.072472e-01 2.743795e-01 4.778776e-01 3.307073e-01 3.694929e-01 4.141881e-01 2.895823e-01 4.411519e-01 3.931572e-01 3.542965e-01 3.710120e-01 4.447953e-01 4.160309e-01 3.312186e-01 4.118688e-01 4.368079e-01 3.189996e-01 2.623397e-01 3.328239e-01 4.118850e-01 4.925739e-01 3.749580e-01 3.158502e-01 3.753923e-01 3.503668e-01 4.048460e-01 4.931757e-01 4.561349e-01 4.581318e-01 3.884006e-01 4.989960e-01 4.464735e-01
<VARIANCE> 142
 2.000000e-01 2.000000e-01 2.000000e-01 2.000000e-01 2.000000e-01 2.000000e-01 2.000000e-01 2.000000e-01 2.000000e-01 2.000000e-01 2.000000e-01 2.000000e-01 2.000000e-01 2.000000e-01 2.000000e-01 2.000000e-01 2.000000e-01 2.000000e-01 2.000000e-01 2.000000e-01 2.000000e-01 2.000000e-01 2.000000e-01 2.000000e-01 2.000000e-01 2.000000e-01 2.000000e-01 2.000000e-01 2.000000e-01 2.000000e-01 2.000000e-01 2.000000e-01 2.000000e-01 2.000000e-01 2.000000e-01 2.000000e-01 2.000000e-01 2.000000e-01 2.000000e-01 2.000000e-01 2.000000e-01 2.000000e-01 2.000000e-01 2.000000e-01 2.000000e-01 2.000000e-01 2.000000e-01 2.000000e-01 2.000000e-01 2.000000e-01 2.000000e-01 2.000000e-01 2.000000e-01 2.000000e-01 2.000000e-01 2.000000e-01 2.000000e-01 2.000000e-01 2.000000e-01 2.000000e-01 2.000000e-01 2.000000e-01 2.000000e-01 2.000000e-01 2.000000e-01 2.000000e-01 2.000000e-01 2.000000e-01 2.000000e-01 2.000000e-01 2.000000e-01 2.000000e-01 2.000000e-01 2.000000e-01 2.000000e-01 2.000000e-01 2.000000e-01 2.000000e-01 2.000000e-01 2.000000e-01 2.000000e-01 2.000000e-01 2.000000e-01 2.000000e-01 2.000000e-01 2.000000e-01 2.000000e-01 2.000000e-01 2.000000e-01 2.000000e-01 2.000000e-01 2.000000e-01 2.000000e-01 2.000000e-01 2.000000e-01 2.000000e-01 2.000000e-01 2.000000e-01 2.000000e-01 2.000000e-01 2.000000e-01 2.000000e-01 2.000000e-01 2.000000e-01 2.000000e-01 2.000000e-01 2.000000e-01 2.000000e-01 2.000000e-01 2.000000e-01 2.000000e-01 2.000000e-01 2.000000e-01 2.000000e-01 2.000000e-01 2.000000e-01 2.000000e-01 2.000000e-01 2.000000e-01 2.000000e-01 2.000000e-01 2.000000e-01 2.000000e-01 2.000000e-01 2.000000e-01 2.000000e-01 2.000000e-01 2.000000e-01 2.000000e-01 2.000000e-01 2.000000e-01 2.000000e-01 2.000000e-01 2.000000e-01 2.000000e-01 2.000000e-01 2.000000e-01 2.000000e-01 2.000000e-01 2.000000e-01 2.000000e-01 2.000000e-01
<GCONST> 3.243863e+01
<TRANSP> 4
 0.000000e+00 1.000000e+00 0.000000e+00 0.000000e+00
 0.000000e+00 8.751194e-01 1.248806e-01 0.000000e+00
 0.000000e+00 0.000000e+00 8.508940e-01 1.491060e-01
 0.000000e+00 0.000000e+00 0.000000e+00 0.000000e+00
<ENDHMM>
