~o
<STREAMINFO> 1 142
<VECSIZE> 142<NULLD><USER><DIAGC>
~h "stupid"
<BEGINHMM>
<NUMSTATES> 4
<STATE> 2
<MEAN> 142
 5.381018e-01 3.211355e-01 4.541161e-01 3.441160e-01 3.576226e-01 5.148665e-01 4.035977e-01 3.893956e-01 4.453006e-01 4.179308e-01 5.864608e-01 3.732121e-01 4.146445e-01 6.049742e-01 4.092446e-01 3.757266e-01 3.656734e-01 3.479199e-01 4.689769e-01 4.184159e-01 6.142358e-01 5.593935e-01 4.458879e-01 4.651744e-01 5.522768e-01 4.144075e-01 5.063624e-01 3.079778e-01 3.840697e-01 3.761297e-01 5.049698e-01 3.345572e-01 3.309897e-01 5.251764e-01 4.084003e-01 3.997713e-01 4.576224e-01 4.047680e-01 4.370573e-01 4.690685e-01 4.040925e-01 4.266763e-01 3.670216e-01 4.209303e-01 2.142877e-01 3.271299e-01 4.828299e-01 5.196255e-01 5.733182e-01 4.172409e-01 5.053020e-01 4.344630e-01 4.310893e-01 3.056200e-01 3.498451e-01 3.789444e-01 5.476829e-01 5.096937e-01 4.737017e-01 4.770615e-01 4.549508e-01 3.959127e-01 3.715165e-01 3.976244e-01 3.777047e-01 4.000559e-01 4.470847e-01 5.861300e-01 4.172554e-01 4.405909e-01 4.712572e-01 3.771870e-01 3.924234e-01 4.325330e-01 3.547345e-01 4.001985e-01 4.247075e-01 3.576648e-01 5.517811e-01 5.390600e-01 4.334264e-01 3.842616e-01 3.935312e-01 4.974961e-01 3.824012e-01 3.820437e-01 3.514331e-01 4.334645e-01 5.411373e-01 3.666632e-01 2.850819e-01 3.283910e-01 3.831242e-01 3.711920e-01 4.209610e-01 4.152812e-01 4.084986e-01 3.335474e-01 4.775590e-01 5.284927e-01 4.242002e-01 4.912139e-01 3.656700e-01 3.582955e-01 4.906097e-01 3.899351e-01 3.885444e-01 4.041145e-01 5.443847e-01 5.783065e-01 3.846681e-01 3.560294e-01 3.133530e-01 3.907828e-01 2.994838e-01 3.783861e-01 3.496707e-01 4.576979e-01 3.943709e-01 5.039835e-01 4.503829e-01 3.691964e-01 3.638033e-01 3.517147e-01 5.363675e-01 3.287739e-01 3.330816e-01 3.785317e-01 3.302591e-01 5.488035e-01 4.624655e-01 3.345481e-01 3.374516e-01 4.310344e-01 3.669338e-01 4.452158e-01 4.577646e-01 4.384407e-01 5.093443e-01 4.062438e-01 3.665453e-01 3.998358e-01
<VARIANCE> 142
 2.000000e-01 2.000000e-01 2.000000e-01 2.000000e-01 2.000000e-01 2.000000e-01 2.000000e-01 2.000000e-01 2.000000e-01 2.000000e-01 2.000000e-01 2.000000e-01 2.000000e-01 2.000000e-01 2.000000e-01 2.000000e-01 2.000000e-01 2.000000e-01 2.000000e-01 2.000000e-01 2.000000e-01 2.000000e-01 2.000000e-01 2.000000e-01 2.000000e-01 2.000000e-01 2.000000e-01 2.000000e-01 2.000000e-01 2.000000e-01 2.000000e-01 2.000000e-01 2.000000e-01 2.000000e-01 2.000000e-01 2.000000e-01 2.000000e-01 2.000000e-01 2.000000e-01 2.000000e-01 2.000000e-01 2.000000e-01 2.000000e-01 2.000000e-01 2.000000e-01 2.000000e-01 2.000000e-01 2.000000e-01 2.000000e-01 2.000000e-01 2.000000e-01 2.000000e-01 2.000000e-01 2.000000e-01 2.000000e-01 2.000000e-01 2.000000e-01 2.000000e-01 2.000000e-01 2.000000e-01 2.000000e-01 2.000000e-01 2.000000e-01 2.000000e-01 2.000000e-01 2.000000e-01 2.000000e-01 2.000000e-01 2.000000e-01 2.000000e-01 2.000000e-01 2.000000e-01 2.000000e-01 2.000000e-01 2.000000e-01 2.000000e-01 2.000000e-01 2.000000e-01 2.000000e-01 2.000000e-01 2.000000e-01 2.000000e-01 2.000000e-01 2.000000e-01 2.000000e-01 2.000000e-01 2.000000e-01 2.000000e-01 2.000000e-01 2.000000e-01 2.000000e-01 2.000000e-01 2.000000e-01 2.000000e-01 2.000000e-01 2.000000e-01 2.000000e-01 2.000000e-01 2.000000e-01 2.000000e-01 2.000000e-01 2.000000e-01 2.000000e-01 2.000000e-01 2.000000e-01 2.000000e-01 2.000000e-01 2.000000e-01 2.000000e-01 2.000000e-01 2.000000e-01 2.000000e-01 2.000000e-01 2.000000e-01 2.000000e-01 2.000000e-01 2.000000e-01 2.000000e-01 2.000000e-01 2.000000e-01 2.000000e-01 2.000000e-01 2.000000e-01 2.000000e-01 2.000000e-01 2.000000e-01 2.000000e-01 2.000000e-01 2.000000e-01 2.000000e-01 2.000000e-01 2.000000e-01 2.000000e-01 2.000000e-01 2.000000e-01 2.000000e-01 2.000000e-01 2.000000e-01 2.000000e-01 2.000000e-01 2.000000e-01 2.000000e-01
<GCONST> 3.243863e+01
<STATE> 3
<MEAN> 142
 6.064751e-01 3.818881e-01 3.260124e-01 3.091519e-01 2.728732e-01 3.559039e-01 3.463477e-01 3.136363e-01 4.048454e-01 4.107833e-01 4.438699e-01 4.811103e-01 4.575925e-01 4.659445e-01 3.166037e-01 2.870274e-01 3.642712e-01 4.630455e-01 3.156904e-01 3.802485e-01 3.788174e-01 3.742159e-01 3.809170e-01 3.960885e-01 4.477810e-01 4.512353e-01 3.775500e-01 4.087282e-01 4.308450e-01 4.377193e-01 4.434602e-01 4.356733e-01 3.617382e-01 4.290235e-01 4.393746e-01 3.436139e-01 2.972853e-01 4.344476e-01 3.474343e-01 3.271367e-01 4.427192e-01 4.413717e-01 3.632560e-01 3.207283e-01 2.315278e-01 4.026811e-01 4.003030e-01 4.082993e-01 3.528497e-01 3.764076e-01 4.807436e-01 4.487935e-01 4.432321e-01 3.361517e-01 4.453146e-01 3.942307e-01 3.907283e-01 3.106151e-01 3.664862e-01 2.875421e-01 4.155774e-01 4.451248e-01 4.460931e-01 4.687616e-01 5.087066e-01 4.078229e-01 4.240673e-01 3.336832e-01 4.024332e-01 4.475634e-01 4.715559e-01 4.530045e-01 4.067784e-01 3.863385e-01 3.583416e-01 4.222545e-01 4.262941e-01 4.042256e-01 4.398274e-01 3.373789e-01 5.123959e-01 3.720594e-01 4.120568e-01 3.989418e-01 3.604910e-01 3.999137e-01 4.472688e-01 4.746820e-01 4.781542e-01 3.667933e-01 4.249068e-01 3.353958e-01 4.737242e-01 3.974086e-01 4.003530e-01 5.085966e-01 4.292609e-01 4.603837e-01 4.044296e-01 4.442093e-01 3.961117e-01 4.286188e-01 3.813338e-01 4.413206e-01 2.873670e-01 2.948339e-01 4.454961e-01 4.217793e-01 4.103991e-01 3.278287e-01 4.296093e-01 3.901066e-01 2.968940e-01 2.915938e-01 4.012295e-01 5.077909e-01 4.157056e-01 3.627605e-01 4.774763e-01 3.725906e-01 4.303943e-01 4.636533e-01 4.348227e-01 4.418301e-01 3.564974e-01 3.679005e-01 4.382222e-01 4.651642e-01 4.612810e-01 3.655971e-01 3.628885e-01 4.231223e-01 4.985233e-01 4.657066e-01 3.645655e-01 3.722835e-01 3.939154e-01 4.099579e-01 3.428214e-01 3.463027e-01 4.233029e-01 4.425938e-01
<VARIANCE> 142
 2.000000e-01 2.000000e-01 2.000000e-01 2.000000e-01 2.000000e-01 2.000000e-01 2.000000e-01 2.000000e-01 2.000000e-01 2.000000e-01 2.000000e-01 2.000000e-01 2.000000e-01 2.000000e-01 2.000000e-01 2.000000e-01 2.000000e-01 2.000000e-01 2.000000e-01 2.000000e-01 2.000000e-01 2.000000e-01 2.000000e-01 2.000000e-01 2.000000e-01 2.000000e-01 2.000000e-01 2.000000e-01 2.000000e-01 2.000000e-01 2.000000e-01 2.000000e-01 2.000000e-01 2.000000e-01 2.000000e-01 2.000000e-01 2.000000e-01 2.000000e-01 2.000000e-01 2.000000e-01 2.000000e-01 2.000000e-01 2.000000e-01 2.000000e-01 2.000000e-01 2.000000e-01 2.000000e-01 2.000000e-01 2.000000e-01 2.000000e-01 2.000000e-01 2.000000e-01 2.000000e-01 2.000000e-01 2.000000e-01 2.000000e-01 2.000000e-01 2.000000e-01 2.000000e-01 2.000000e-01 2.000000e-01 2.000000e-01 2.000000e-01 2.000000e-01 2.000000e-01 2.000000e-01 2.000000e-01 2.000000e-01 2.000000e-01 2.000000e-01 2.000000e-01 2.000000e-01 2.000000e-01 2.000000e-01 2.000000e-01 2.000000e-01 2.000000e-01 2.000000e-01 2.000000e-01 2.000000e-01 2.000000e-01 2.000000e-01 2.000000e-01 2.000000e-01 2.000000e-01 2.000000e-01 2.000000e-01 2.000000e-01 2.000000e-01 2.000000e-01 2.000000e-01 2.000000e-01 2.000000e-01 2.000000e-01 2.000000e-01 2.000000e-01 2.000000e-01 2.000000e-01 2.000000e-01 2.000000e-01 2.000000e-01 2.000000e-01 2.000000e-01 2.000000e-01 2.000000e-01 2.000000e-01 2.000000e-01 2.000000e-01 2.000000e-01 2.000000e-01 2.000000e-01 2.000000e-01 2.000000e-01 2.000000e-01 2.000000e-01 2.000000e-01 2.000000e-01 2.000000e-01 2.000000e-01 2.000000e-01 2.000000e-01 2.000000e-01 2.000000e-01 2.000000e-01 2.000000e-01 2.000000e-01 2.000000e-01 2.000000e-01 2.000000e-01 2.000000e-01 2.000000e-01 2.000000e-01 2.000000e-01 2.000000e-01 2.000000e-01 2.000000e-01 2.000000e-01 2.000000e-01 2.000000e-01 2.000000e-01 2.000000e-01 2.000000e-01
<GCONST> 3.243863e+01
<TRANSP> 4
 0.000000e+00 1.000000e+00 0.000000e+00 0.000000e+00
 0.000000e+00 7.915346e-01 2.084655e-01 0.000000e+00
 0.000000e+00 0.000000e+00 8.969395e-01 1.030605e-01
 0.000000e+00 0.000000e+00 0.000000e+00 0.000000e+00
<ENDHMM>
