~o
<STREAMINFO> 1 142
<VECSIZE> 142<NULLD><USER><DIAGC>
~h "suspect"
<BEGINHMM>
<NUMSTATES> 4
<STATE> 2
<MEAN> 142
 4.571953e-01 4.366246e-01 2.400726e-01 3.816335e-01 3.568913e-01 1.616251e-01 3.061160e-01 2.459928e-01 3.263121e-01 4.441860e-01 3.634726e-01 4.264919e-01 2.794173e-01 4.002744e-01 3.995807e-01 2.889161e-01 3.963428e-01 3.859299e-01 1.709722e-01 2.543314e-01 3.868556e-01 4.905776e-01 2.732637e-01 4.925979e-01 4.807136e-01 3.048956e-01 3.309273e-01 3.724321e-01 5.157843e-01 3.906017e-01 4.414387e-01 4.213412e-01 2.861637e-01 4.705911e-01 4.441057e-01 3.882667e-01 3.839584e-01 4.018976e-01 5.089619e-01 2.691758e-01 4.512573e-01 5.063815e-01 3.155410e-01 2.541332e-01 1.210911e-01 3.234078e-01 4.547144e-01 4.107100e-01 4.324615e-01 2.898292e-01 4.527969e-01 3.371727e-01 4.173542e-01 2.545657e-01 4.361983e-01 4.298520e-01 3.303314e-01 2.410961e-01 2.644734e-01 2.544999e-01 3.064637e-01 4.178821e-01 4.230020e-01 3.956321e-01 3.697151e-01 4.036581e-01 3.265324e-01 2.778363e-01 3.647072e-01 4.290200e-01 4.029170e-01 2.908406e-01 4.100875e-01 3.406265e-01 1.582631e-01 2.696904e-01 4.165729e-01 5.900692e-01 4.788707e-01 4.327981e-01 5.210741e-01 5.264024e-01 4.499180e-01 3.798718e-01 2.434747e-01 3.230453e-01 3.862879e-01 4.539674e-01 4.664359e-01 2.922813e-01 3.736129e-01 1.991171e-01 4.144571e-01 3.084104e-01 4.954173e-01 4.970264e-01 4.565576e-01 3.513090e-01 5.664765e-01 3.813744e-01 4.492248e-01 4.613672e-01 3.152100e-01 4.085332e-01 2.837335e-01 3.141576e-01 3.467544e-01 4.369767e-01 3.173641e-01 3.039197e-01 3.319250e-01 3.421492e-01 3.477390e-01 4.549501e-01 3.306108e-01 3.269915e-01 3.121662e-01 4.774216e-01 4.545828e-01 4.133171e-01 5.090771e-01 4.453620e-01 4.558311e-01 2.656834e-01 2.765647e-01 4.220318e-01 4.046781e-01 4.441992e-01 3.766907e-01 3.093740e-01 3.190423e-01 5.126944e-01 2.728195e-01 4.136865e-01 5.060109e-01 4.777733e-01 3.269906e-01 4.957436e-01 3.626292e-01 4.666969e-01 5.052251e-01 3.839292e-01
<VARIANCE> 142
 2.000000e-01 2.000000e-01 2.000000e-01 2.000000e-01 2.000000e-01 2.000000e-01 2.000000e-01 2.000000e-01 2.000000e-01 2.000000e-01 2.000000e-01 2.000000e-01 2.000000e-01 2.000000e-01 2.000000e-01 2.000000e-01 2.000000e-01 2.000000e-01 2.000000e-01 2.000000e-01 2.000000e-01 2.000000e-01 2.000000e-01 2.000000e-01 2.000000e-01 2.000000e-01 2.000000e-01 2.000000e-01 2.000000e-01 2.000000e-01 2.000000e-01 2.000000e-01 2.000000e-01 2.000000e-01 2.000000e-01 2.000000e-01 2.000000e-01 2.000000e-01 2.000000e-01 2.000000e-01 2.000000e-01 2.000000e-01 2.000000e-01 2.000000e-01 2.000000e-01 2.000000e-01 2.000000e-01 2.000000e-01 2.000000e-01 2.000000e-01 2.000000e-01 2.000000e-01 2.000000e-01 2.000000e-01 2.000000e-01 2.000000e-01 2.000000e-01 2.000000e-01 2.000000e-01 2.000000e-01 2.000000e-01 2.000000e-01 2.000000e-01 2.000000e-01 2.000000e-01 2.000000e-01 2.000000e-01 2.000000e-01 2.000000e-01 2.000000e-01 2.000000e-01 2.000000e-01 2.000000e-01 2.000000e-01 2.000000e-01 2.000000e-01 2.000000e-01 2.000000e-01 2.000000e-01 2.000000e-01 2.000000e-01 2.000000e-01 2.000000e-01 2.000000e-01 2.000000e-01 2.000000e-01 2.000000e-01 2.000000e-01 2.000000e-01 2.000000e-01 2.000000e-01 2.000000e-01 2.000000e-01 2.000000e-01 2.000000e-01 2.000000e-01 2.000000e-01 2.000000e-01 2.000000e-01 2.000000e-01 2.000000e-01 2.000000e-01 2.000000e-01 2.000000e-01 2.000000e-01 2.000000e-01 2.000000e-01 2.000000e-01 2.000000e-01 2.000000e-01 2.000000e-01 2.000000e-01 2.000000e-01 2.000000e-01 2.000000e-01 2.000000e-01 2.000000e-01 2.000000e-01 2.000000e-01 2.000000e-01 2.000000e-01 2.000000e-01 2.000000e-01 2.000000e-01 2.000000e-01 2.000000e-01 2.000000e-01 2.000000e-01 2.000000e-01 2.000000e-01 2.000000e-01 2.000000e-01 2.000000e-01 2.000000e-01 2.000000e-01 2.000000e-01 2.000000e-01 2.000000e-01 2.000000e-01 2.000000e-01 2.000000e-01 2.000000e-01
<GCONST> 3.243863e+01
<STATE> 3
<MEAN> 142
 6.888149e-01 3.557051e-01 4.236280e-01 3.794523e-01 3.614829e-01 4.343450e-01 4.600867e-01 4.014274e-01 3.543453e-01 3.971975e-01 4.751975e-01 4.120726e-01 4.235184e-01 4.579508e-01 3.267454e-01 4.035527e-01 3.756732e-01 3.831505e-01 3.740509e-01 4.689434e-01 5.167196e-01 4.784991e-01 4.641854e-01 4.225527e-01 4.697925e-01 4.312857e-01 4.022280e-01 3.429561e-01 4.109949e-01 3.695723e-01 4.940544e-01 4.506823e-01 5.033745e-01 4.674892e-01 4.324461e-01 4.116147e-01 3.289536e-01 3.367761e-01 3.324286e-01 3.633770e-01 3.565772e-01 4.101588e-01 3.078886e-01 4.171738e-01 2.773069e-01 3.959559e-01 4.524530e-01 4.416416e-01 4.171643e-01 3.579215e-01 4.945268e-01 4.109758e-01 4.187769e-01 2.760506e-01 4.846755e-01 3.545189e-01 4.724052e-01 3.955057e-01 3.922085e-01 3.198038e-01 5.129712e-01 4.562261e-01 3.866338e-01 3.841913e-01 3.863555e-01 4.781806e-01 3.715292e-01 4.672838e-01 4.572067e-01 3.653561e-01 4.952023e-01 5.224355e-01 4.128637e-01 4.160139e-01 4.170606e-01 3.769242e-01 5.031677e-01 4.440507e-01 4.928296e-01 4.493894e-01 4.133932e-01 3.641458e-01 3.915952e-01 4.974644e-01 3.189122e-01 5.080908e-01 4.006351e-01 4.114946e-01 4.572313e-01 4.111981e-01 3.614132e-01 4.530047e-01 3.933437e-01 3.555704e-01 4.508104e-01 4.890193e-01 4.517624e-01 3.196351e-01 4.863984e-01 4.669749e-01 3.919597e-01 5.191422e-01 3.578945e-01 3.937698e-01 3.492153e-01 3.650985e-01 4.183391e-01 3.697153e-01 4.245231e-01 4.412105e-01 3.966735e-01 3.497732e-01 3.258632e-01 3.604436e-01 3.817768e-01 4.227667e-01 3.369485e-01 4.494254e-01 4.436409e-01 4.830748e-01 4.578604e-01 5.298743e-01 5.004990e-01 4.170036e-01 4.898380e-01 4.248629e-01 3.912688e-01 3.082393e-01 3.044172e-01 4.739199e-01 4.562199e-01 3.941852e-01 4.144036e-01 3.886879e-01 3.761946e-01 4.242196e-01 4.588461e-01 3.872578e-01 4.509086e-01 3.864346e-01 4.945219e-01 4.451806e-01
<VARIANCE> 142
 2.000000e-01 2.000000e-01 2.000000e-01 2.000000e-01 2.000000e-01 2.000000e-01 2.000000e-01 2.000000e-01 2.000000e-01 2.000000e-01 2.000000e-01 2.000000e-01 2.000000e-01 2.000000e-01 2.000000e-01 2.000000e-01 2.000000e-01 2.000000e-01 2.000000e-01 2.000000e-01 2.000000e-01 2.000000e-01 2.000000e-01 2.000000e-01 2.000000e-01 2.000000e-01 2.000000e-01 2.000000e-01 2.000000e-01 2.000000e-01 2.000000e-01 2.000000e-01 2.000000e-01 2.000000e-01 2.000000e-01 2.000000e-01 2.000000e-01 2.000000e-01 2.000000e-01 2.000000e-01 2.000000e-01 2.000000e-01 2.000000e-01 2.000000e-01 2.000000e-01 2.000000e-01 2.000000e-01 2.000000e-01 2.000000e-01 2.000000e-01 2.000000e-01 2.000000e-01 2.000000e-01 2.000000e-01 2.000000e-01 2.000000e-01 2.000000e-01 2.000000e-01 2.000000e-01 2.000000e-01 2.000000e-01 2.000000e-01 2.000000e-01 2.000000e-01 2.000000e-01 2.000000e-01 2.000000e-01 2.000000e-01 2.000000e-01 2.000000e-01 2.000000e-01 2.000000e-01 2.000000e-01 2.000000e-01 2.000000e-01 2.000000e-01 2.000000e-01 2.000000e-01 2.000000e-01 2.000000e-01 2.000000e-01 2.000000e-01 2.000000e-01 2.000000e-01 2.000000e-01 2.000000e-01 2.000000e-01 2.000000e-01 2.000000e-01 2.000000e-01 2.000000e-01 2.000000e-01 2.000000e-01 2.000000e-01 2.000000e-01 2.000000e-01 2.000000e-01 2.000000e-01 2.000000e-01 2.000000e-01 2.000000e-01 2.000000e-01 2.000000e-01 2.000000e-01 2.000000e-01 2.000000e-01 2.000000e-01 2.000000e-01 2.000000e-01 2.000000e-01 2.000000e-01 2.000000e-01 2.000000e-01 2.000000e-01 2.000000e-01 2.000000e-01 2.000000e-01 2.000000e-01 2.000000e-01 2.000000e-01 2.000000e-01 2.000000e-01 2.000000e-01 2.000000e-01 2.000000e-01 2.000000e-01 2.000000e-01 2.000000e-01 2.000000e-01 2.000000e-01 2.000000e-01 2.000000e-01 2.000000e-01 2.000000e-01 2.000000e-01 2.000000e-01 2.000000e-01 2.000000e-01 2.000000e-01 2.000000e-01 2.000000e-01 2.000000e-01
<GCONST> 3.243863e+01
<TRANSP> 4
 0.000000e+00 1.000000e+00 0.000000e+00 0.000000e+00
 0.000000e+00 8.492800e-01 1.507200e-01 0.000000e+00
 0.000000e+00 0.000000e+00 8.728574e-01 1.271426e-01
 0.000000e+00 0.000000e+00 0.000000e+00 0.000000e+00
<ENDHMM>
