~o
<STREAMINFO> 1 142
<VECSIZE> 142<NULLD><USER><DIAGC>
~h "take"
<BEGINHMM>
<NUMSTATES> 4
<STATE> 2
<MEAN> 142
 5.729764e-01 3.528999e-01 3.287435e-01 3.132206e-01 2.700921e-01 2.979111e-01 3.290042e-01 3.814717e-01 4.046580e-01 4.182841e-01 4.662550e-01 3.923139e-01 3.515085e-01 4.524841e-01 3.276708e-01 3.621242e-01 3.993905e-01 3.902642e-01 3.369134e-01 3.304068e-01 4.482601e-01 4.794358e-01 3.446403e-01 4.665351e-01 4.990395e-01 4.147271e-01 4.197647e-01 3.778723e-01 3.920023e-01 3.911962e-01 4.796284e-01 4.118911e-01 3.412133e-01 4.718111e-01 4.184838e-01 3.812856e-01 3.942254e-01 3.014184e-01 3.873353e-01 3.787102e-01 3.586755e-01 4.567589e-01 3.464783e-01 3.134504e-01 2.128194e-01 3.867773e-01 4.267618e-01 4.749857e-01 4.271446e-01 3.384495e-01 4.780843e-01 3.883602e-01 4.619730e-01 2.596308e-01 3.956329e-01 3.919131e-01 4.241612e-01 3.518842e-01 3.534237e-01 3.062946e-01 3.672515e-01 5.089025e-01 3.842726e-01 4.110205e-01 4.186122e-01 4.002125e-01 3.743123e-01 4.191142e-01 4.037819e-01 4.030924e-01 4.247308e-01 3.249259e-01 4.202111e-01 3.593526e-01 3.138442e-01 3.262666e-01 4.536669e-01 4.399522e-01 4.977407e-01 4.266787e-01 4.361911e-01 3.773948e-01 3.299513e-01 4.357884e-01 3.555599e-01 3.572157e-01 3.836697e-01 3.893717e-01 4.422092e-01 3.223152e-01 2.970091e-01 2.513827e-01 4.139037e-01 3.272403e-01 4.565692e-01 4.701787e-01 4.367431e-01 2.999590e-01 4.578448e-01 4.964617e-01 4.014030e-01 4.676674e-01 3.562316e-01 3.492901e-01 3.534788e-01 2.722627e-01 3.601972e-01 3.954973e-01 3.787947e-01 3.736606e-01 3.601124e-01 3.403231e-01 3.177639e-01 3.808081e-01 3.820386e-01 3.899544e-01 3.710753e-01 4.387267e-01 4.102154e-01 4.297421e-01 4.277568e-01 4.413426e-01 4.064846e-01 3.394456e-01 4.124243e-01 3.560960e-01 4.497077e-01 3.396780e-01 3.119316e-01 4.364067e-01 4.213461e-01 3.888622e-01 3.336045e-01 4.208652e-01 3.865056e-01 4.304226e-01 3.894784e-01 4.543599e-01 3.952600e-01 4.232580e-01 3.935388e-01 4.240053e-01
<VARIANCE> 142
 2.000000e-01 2.000000e-01 2.000000e-01 2.000000e-01 2.000000e-01 2.000000e-01 2.000000e-01 2.000000e-01 2.000000e-01 2.000000e-01 2.000000e-01 2.000000e-01 2.000000e-01 2.000000e-01 2.000000e-01 2.000000e-01 2.000000e-01 2.000000e-01 2.000000e-01 2.000000e-01 2.000000e-01 2.000000e-01 2.000000e-01 2.000000e-01 2.000000e-01 2.000000e-01 2.000000e-01 2.000000e-01 2.000000e-01 2.000000e-01 2.000000e-01 2.000000e-01 2.000000e-01 2.000000e-01 2.000000e-01 2.000000e-01 2.000000e-01 2.000000e-01 2.000000e-01 2.000000e-01 2.000000e-01 2.000000e-01 2.000000e-01 2.000000e-01 2.000000e-01 2.000000e-01 2.000000e-01 2.000000e-01 2.000000e-01 2.000000e-01 2.000000e-01 2.000000e-01 2.000000e-01 2.000000e-01 2.000000e-01 2.000000e-01 2.000000e-01 2.000000e-01 2.000000e-01 2.000000e-01 2.000000e-01 2.000000e-01 2.000000e-01 2.000000e-01 2.000000e-01 2.000000e-01 2.000000e-01 2.000000e-01 2.000000e-01 2.000000e-01 2.000000e-01 2.000000e-01 2.000000e-01 2.000000e-01 2.000000e-01 2.000000e-01 2.000000e-01 2.000000e-01 2.000000e-01 2.000000e-01 2.000000e-01 2.000000e-01 2.000000e-01 2.000000e-01 2.000000e-01 2.000000e-01 2.000000e-01 2.000000e-01 2.000000e-01 2.000000e-01 2.000000e-01 2.000000e-01 2.000000e-01 2.000000e-01 2.000000e-01 2.000000e-01 2.000000e-01 2.000000e-01 2.000000e-01 2.000000e-01 2.000000e-01 2.000000e-01 2.000000e-01 2.000000e-01 2.000000e-01 2.000000e-01 2.000000e-01 2.000000e-01 2.000000e-01 2.000000e-01 2.000000e-01 2.000000e-01 2.000000e-01 2.000000e-01 2.000000e-01 2.000000e-01 2.000000e-01 2.000000e-01 2.000000e-01 2.000000e-01 2.000000e-01 2.000000e-01 2.000000e-01 2.000000e-01 2.000000e-01 2.000000e-01 2.000000e-01 2.000000e-01 2.000000e-01 2.000000e-01 2.000000e-01 2.000000e-01 2.000000e-01 2.000000e-01 2.000000e-01 2.000000e-01 2.000000e-01 2.000000e-01 2.000000e-01 2.000000e-01 2.000000e-01 2.000000e-01
<GCONST> 3.243863e+01
<STATE> 3
<MEAN> 142
 5.300643e-01 3.781647e-01 3.980567e-01 4.957997e-01 4.887539e-01 2.924546e-01 5.109062e-01 4.252950e-01 3.687754e-01 3.881464e-01 4.340636e-01 4.609215e-01 4.532099e-01 4.834300e-01 3.991135e-01 5.973909e-01 4.554658e-01 4.148100e-01 2.908310e-01 3.861575e-01 4.594786e-01 4.834010e-01 3.996305e-01 4.790691e-01 4.406708e-01 4.758538e-01 3.581205e-01 4.993262e-01 4.067203e-01 4.569349e-01 4.855161e-01 4.354017e-01 6.610537e-01 4.350142e-01 4.636170e-01 3.698312e-01 3.948119e-01 2.757394e-01 3.037811e-01 5.990416e-01 3.041642e-01 4.193155e-01 2.923601e-01 3.115139e-01 4.565071e-01 5.502909e-01 5.223972e-01 4.379845e-01 4.128216e-01 2.866919e-01 5.302217e-01 3.374858e-01 4.323719e-01 2.678681e-01 5.630941e-01 3.517135e-01 2.507375e-01 3.684342e-01 2.449564e-01 4.870591e-01 5.800693e-01 5.980659e-01 3.815996e-01 3.746146e-01 4.147362e-01 6.012229e-01 3.229757e-01 5.019100e-01 5.560334e-01 2.361189e-01 4.999570e-01 3.324407e-01 3.877110e-01 4.289097e-01 3.365064e-01 4.522676e-01 5.666373e-01 5.836790e-01 3.850707e-01 4.776886e-01 4.834070e-01 3.405379e-01 2.837469e-01 3.847681e-01 5.501061e-01 4.814779e-01 4.788579e-01 3.989024e-01 3.953650e-01 4.521728e-01 3.327127e-01 4.248109e-01 5.574192e-01 3.936886e-01 5.186307e-01 5.077692e-01 5.349537e-01 3.468692e-01 4.575084e-01 5.597159e-01 4.443135e-01 4.965252e-01 3.558134e-01 3.326294e-01 3.323075e-01 2.509713e-01 3.223961e-01 3.738973e-01 3.710794e-01 4.258829e-01 3.081965e-01 3.401585e-01 7.853447e-01 3.577632e-01 3.844829e-01 4.705166e-01 2.954122e-01 5.416520e-01 4.381304e-01 4.186118e-01 3.785710e-01 4.985923e-01 4.589638e-01 3.411782e-01 4.344934e-01 4.110743e-01 4.373112e-01 2.948624e-01 3.014196e-01 4.019117e-01 6.487388e-01 4.875239e-01 3.590944e-01 4.420547e-01 4.254575e-01 4.540539e-01 5.844610e-01 4.840999e-01 5.452838e-01 3.717307e-01 4.796467e-01 5.191551e-01
<VARIANCE> 142
 2.000000e-01 2.000000e-01 2.000000e-01 2.000000e-01 2.000000e-01 2.000000e-01 2.000000e-01 2.000000e-01 2.000000e-01 2.000000e-01 2.000000e-01 2.000000e-01 2.000000e-01 2.000000e-01 2.000000e-01 2.000000e-01 2.000000e-01 2.000000e-01 2.000000e-01 2.000000e-01 2.000000e-01 2.000000e-01 2.000000e-01 2.000000e-01 2.000000e-01 2.000000e-01 2.000000e-01 2.000000e-01 2.000000e-01 2.000000e-01 2.000000e-01 2.000000e-01 2.000000e-01 2.000000e-01 2.000000e-01 2.000000e-01 2.000000e-01 2.000000e-01 2.000000e-01 2.000000e-01 2.000000e-01 2.000000e-01 2.000000e-01 2.000000e-01 2.000000e-01 2.000000e-01 2.000000e-01 2.000000e-01 2.000000e-01 2.000000e-01 2.000000e-01 2.000000e-01 2.000000e-01 2.000000e-01 2.000000e-01 2.000000e-01 2.000000e-01 2.000000e-01 2.000000e-01 2.000000e-01 2.000000e-01 2.000000e-01 2.000000e-01 2.000000e-01 2.000000e-01 2.000000e-01 2.000000e-01 2.000000e-01 2.000000e-01 2.000000e-01 2.000000e-01 2.000000e-01 2.000000e-01 2.000000e-01 2.000000e-01 2.000000e-01 2.000000e-01 2.000000e-01 2.000000e-01 2.000000e-01 2.000000e-01 2.000000e-01 2.000000e-01 2.000000e-01 2.000000e-01 2.000000e-01 2.000000e-01 2.000000e-01 2.000000e-01 2.000000e-01 2.000000e-01 2.000000e-01 2.000000e-01 2.000000e-01 2.000000e-01 2.000000e-01 2.000000e-01 2.000000e-01 2.000000e-01 2.000000e-01 2.000000e-01 2.000000e-01 2.000000e-01 2.000000e-01 2.000000e-01 2.000000e-01 2.000000e-01 2.000000e-01 2.000000e-01 2.000000e-01 2.000000e-01 2.000000e-01 2.000000e-01 2.000000e-01 2.000000e-01 2.000000e-01 2.000000e-01 2.000000e-01 2.000000e-01 2.000000e-01 2.000000e-01 2.000000e-01 2.000000e-01 2.000000e-01 2.000000e-01 2.000000e-01 2.000000e-01 2.000000e-01 2.000000e-01 2.000000e-01 2.000000e-01 2.000000e-01 2.000000e-01 2.000000e-01 2.000000e-01 2.000000e-01 2.000000e-01 2.000000e-01 2.000000e-01 2.000000e-01 2.000000e-01 2.000000e-01
<GCONST> 3.243863e+01
<TRANSP> 4
 0.000000e+00 1.000000e+00 0.000000e+00 0.000000e+00
 0.000000e+00 9.057161e-01 9.428389e-02 0.000000e+00
 0.000000e+00 0.000000e+00 7.724026e-01 2.275974e-01
 0.000000e+00 0.000000e+00 0.000000e+00 0.000000e+00
<ENDHMM>
