~o
<STREAMINFO> 1 142
<VECSIZE> 142<NULLD><USER><DIAGC>
~h "teach"
<BEGINHMM>
<NUMSTATES> 4
<STATE> 2
<MEAN> 142
 5.150749e-01 3.684736e-01 3.278111e-01 3.581522e-01 3.071668e-01 2.631417e-01 3.129246e-01 3.508209e-01 3.391933e-01 4.516993e-01 3.878559e-01 4.009549e-01 3.843959e-01 4.009683e-01 4.309221e-01 3.789489e-01 4.647243e-01 4.382577e-01 2.534621e-01 3.024901e-01 4.120921e-01 4.786262e-01 3.344567e-01 4.859911e-01 4.615289e-01 3.761617e-01 3.820971e-01 3.719883e-01 4.398471e-01 3.944272e-01 4.860625e-01 4.009620e-01 3.182006e-01 5.588664e-01 4.239647e-01 4.726712e-01 3.733097e-01 4.317620e-01 4.468129e-01 3.609754e-01 4.561759e-01 5.302215e-01 3.617834e-01 3.278263e-01 1.857080e-01 3.795459e-01 3.750373e-01 4.264637e-01 4.430673e-01 2.746850e-01 4.385805e-01 4.044790e-01 4.564871e-01 2.917709e-01 3.873588e-01 4.048614e-01 3.622434e-01 2.951122e-01 3.455236e-01 3.051449e-01 4.047875e-01 4.362840e-01 3.539270e-01 4.049572e-01 3.977191e-01 4.335773e-01 4.312422e-01 3.572988e-01 3.369682e-01 4.427189e-01 4.209619e-01 3.300518e-01 4.157434e-01 3.693582e-01 2.757939e-01 3.550573e-01 3.489466e-01 3.583872e-01 4.712967e-01 4.691927e-01 4.728925e-01 3.902272e-01 4.854909e-01 4.216837e-01 2.771177e-01 3.339027e-01 3.474127e-01 3.606451e-01 4.649841e-01 3.614503e-01 3.290628e-01 2.964686e-01 4.007490e-01 3.175647e-01 3.853938e-01 4.090134e-01 4.372693e-01 3.554851e-01 4.739130e-01 3.984697e-01 4.019968e-01 4.204654e-01 3.164165e-01 4.380442e-01 3.105654e-01 2.762899e-01 3.796864e-01 3.781789e-01 3.275737e-01 3.537769e-01 3.903055e-01 3.732213e-01 2.928621e-01 3.934330e-01 3.535827e-01 3.580539e-01 4.236614e-01 3.946539e-01 3.993380e-01 2.879377e-01 4.137109e-01 4.232175e-01 3.830843e-01 3.774137e-01 3.836444e-01 4.098992e-01 3.918283e-01 4.427523e-01 3.836820e-01 3.542477e-01 3.398657e-01 4.165119e-01 3.054137e-01 4.065736e-01 4.165634e-01 4.116969e-01 4.420072e-01 4.981466e-01 4.188448e-01 4.056618e-01 4.437571e-01 3.580603e-01
<VARIANCE> 142
 2.000000e-01 2.000000e-01 2.000000e-01 2.000000e-01 2.000000e-01 2.000000e-01 2.000000e-01 2.000000e-01 2.000000e-01 2.000000e-01 2.000000e-01 2.000000e-01 2.000000e-01 2.000000e-01 2.000000e-01 2.000000e-01 2.000000e-01 2.000000e-01 2.000000e-01 2.000000e-01 2.000000e-01 2.000000e-01 2.000000e-01 2.000000e-01 2.000000e-01 2.000000e-01 2.000000e-01 2.000000e-01 2.000000e-01 2.000000e-01 2.000000e-01 2.000000e-01 2.000000e-01 2.000000e-01 2.000000e-01 2.000000e-01 2.000000e-01 2.000000e-01 2.000000e-01 2.000000e-01 2.000000e-01 2.000000e-01 2.000000e-01 2.000000e-01 2.000000e-01 2.000000e-01 2.000000e-01 2.000000e-01 2.000000e-01 2.000000e-01 2.000000e-01 2.000000e-01 2.000000e-01 2.000000e-01 2.000000e-01 2.000000e-01 2.000000e-01 2.000000e-01 2.000000e-01 2.000000e-01 2.000000e-01 2.000000e-01 2.000000e-01 2.000000e-01 2.000000e-01 2.000000e-01 2.000000e-01 2.000000e-01 2.000000e-01 2.000000e-01 2.000000e-01 2.000000e-01 2.000000e-01 2.000000e-01 2.000000e-01 2.000000e-01 2.000000e-01 2.000000e-01 2.000000e-01 2.000000e-01 2.000000e-01 2.000000e-01 2.000000e-01 2.000000e-01 2.000000e-01 2.000000e-01 2.000000e-01 2.000000e-01 2.000000e-01 2.000000e-01 2.000000e-01 2.000000e-01 2.000000e-01 2.000000e-01 2.000000e-01 2.000000e-01 2.000000e-01 2.000000e-01 2.000000e-01 2.000000e-01 2.000000e-01 2.000000e-01 2.000000e-01 2.000000e-01 2.000000e-01 2.000000e-01 2.000000e-01 2.000000e-01 2.000000e-01 2.000000e-01 2.000000e-01 2.000000e-01 2.000000e-01 2.000000e-01 2.000000e-01 2.000000e-01 2.000000e-01 2.000000e-01 2.000000e-01 2.000000e-01 2.000000e-01 2.000000e-01 2.000000e-01 2.000000e-01 2.000000e-01 2.000000e-01 2.000000e-01 2.000000e-01 2.000000e-01 2.000000e-01 2.000000e-01 2.000000e-01 2.000000e-01 2.000000e-01 2.000000e-01 2.000000e-01 2.000000e-01 2.000000e-01 2.000000e-01 2.000000e-01 2.000000e-01 2.000000e-01
<GCONST> 3.243863e+01
<STATE> 3
<MEAN> 142
 8.422590e-01 3.502741e-01 4.054567e-01 3.388643e-01 2.637766e-01 4.440565e-01 4.619749e-01 3.984545e-01 3.198260e-01 3.747940e-01 4.099033e-01 4.417644e-01 4.003323e-01 4.315847e-01 2.556328e-01 3.291434e-01 3.860487e-01 4.313537e-01 3.639256e-01 4.247497e-01 4.918397e-01 4.779774e-01 4.795284e-01 4.063903e-01 4.280572e-01 4.042783e-01 4.370056e-01 4.138011e-01 3.890345e-01 3.331123e-01 4.456918e-01 4.478759e-01 5.520445e-01 4.164583e-01 4.296225e-01 3.771495e-01 2.849958e-01 2.886958e-01 2.772905e-01 2.970827e-01 3.225851e-01 4.142832e-01 3.387671e-01 4.204435e-01 2.653666e-01 4.344618e-01 4.578410e-01 3.761695e-01 4.468190e-01 3.537196e-01 5.040157e-01 3.963822e-01 4.320225e-01 2.392094e-01 5.092842e-01 3.352938e-01 4.559683e-01 4.051795e-01 4.019915e-01 3.232659e-01 5.640233e-01 4.509677e-01 3.663610e-01 4.015088e-01 3.735113e-01 5.170766e-01 3.267281e-01 4.186057e-01 4.955003e-01 3.445697e-01 5.035413e-01 5.710694e-01 4.684344e-01 4.193670e-01 4.649397e-01 3.957466e-01 4.939871e-01 4.276676e-01 4.176261e-01 4.330766e-01 3.900414e-01 3.604275e-01 3.696588e-01 5.048945e-01 3.123677e-01 5.466823e-01 3.984464e-01 4.527183e-01 4.733699e-01 4.277250e-01 3.609909e-01 4.518026e-01 4.305562e-01 3.690625e-01 3.985696e-01 4.657033e-01 4.541963e-01 3.481884e-01 3.730053e-01 4.454475e-01 3.462855e-01 5.187547e-01 3.650061e-01 3.561245e-01 3.103279e-01 2.981231e-01 4.084546e-01 3.297800e-01 4.135765e-01 4.042394e-01 4.377572e-01 3.741988e-01 3.207659e-01 2.957263e-01 4.097762e-01 4.542626e-01 3.858741e-01 3.859216e-01 4.472666e-01 4.177691e-01 4.168594e-01 5.400805e-01 4.590818e-01 4.993438e-01 4.621291e-01 4.461036e-01 4.362394e-01 3.277170e-01 3.326420e-01 4.600239e-01 3.959033e-01 3.899921e-01 4.725875e-01 3.928820e-01 3.257526e-01 3.649279e-01 4.982666e-01 3.781143e-01 3.152806e-01 3.555440e-01 4.904838e-01 4.989120e-01
<VARIANCE> 142
 2.000000e-01 2.000000e-01 2.000000e-01 2.000000e-01 2.000000e-01 2.000000e-01 2.000000e-01 2.000000e-01 2.000000e-01 2.000000e-01 2.000000e-01 2.000000e-01 2.000000e-01 2.000000e-01 2.000000e-01 2.000000e-01 2.000000e-01 2.000000e-01 2.000000e-01 2.000000e-01 2.000000e-01 2.000000e-01 2.000000e-01 2.000000e-01 2.000000e-01 2.000000e-01 2.000000e-01 2.000000e-01 2.000000e-01 2.000000e-01 2.000000e-01 2.000000e-01 2.000000e-01 2.000000e-01 2.000000e-01 2.000000e-01 2.000000e-01 2.000000e-01 2.000000e-01 2.000000e-01 2.000000e-01 2.000000e-01 2.000000e-01 2.000000e-01 2.000000e-01 2.000000e-01 2.000000e-01 2.000000e-01 2.000000e-01 2.000000e-01 2.000000e-01 2.000000e-01 2.000000e-01 2.000000e-01 2.000000e-01 2.000000e-01 2.000000e-01 2.000000e-01 2.000000e-01 2.000000e-01 2.000000e-01 2.000000e-01 2.000000e-01 2.000000e-01 2.000000e-01 2.000000e-01 2.000000e-01 2.000000e-01 2.000000e-01 2.000000e-01 2.000000e-01 2.000000e-01 2.000000e-01 2.000000e-01 2.000000e-01 2.000000e-01 2.000000e-01 2.000000e-01 2.000000e-01 2.000000e-01 2.000000e-01 2.000000e-01 2.000000e-01 2.000000e-01 2.000000e-01 2.000000e-01 2.000000e-01 2.000000e-01 2.000000e-01 2.000000e-01 2.000000e-01 2.000000e-01 2.000000e-01 2.000000e-01 2.000000e-01 2.000000e-01 2.000000e-01 2.000000e-01 2.000000e-01 2.000000e-01 2.000000e-01 2.000000e-01 2.000000e-01 2.000000e-01 2.000000e-01 2.000000e-01 2.000000e-01 2.000000e-01 2.000000e-01 2.000000e-01 2.000000e-01 2.000000e-01 2.000000e-01 2.000000e-01 2.000000e-01 2.000000e-01 2.000000e-01 2.000000e-01 2.000000e-01 2.000000e-01 2.000000e-01 2.000000e-01 2.000000e-01 2.000000e-01 2.000000e-01 2.000000e-01 2.000000e-01 2.000000e-01 2.000000e-01 2.000000e-01 2.000000e-01 2.000000e-01 2.000000e-01 2.000000e-01 2.000000e-01 2.000000e-01 2.000000e-01 2.000000e-01 2.000000e-01 2.000000e-01 2.000000e-01 2.000000e-01
<GCONST> 3.243863e+01
<TRANSP> 4
 0.000000e+00 1.000000e+00 0.000000e+00 0.000000e+00
 0.000000e+00 8.334578e-01 1.665423e-01 0.000000e+00
 0.000000e+00 0.000000e+00 8.785053e-01 1.214947e-01
 0.000000e+00 0.000000e+00 0.000000e+00 0.000000e+00
<ENDHMM>
