~o
<STREAMINFO> 1 142
<VECSIZE> 142<NULLD><USER><DIAGC>
~h "telephone"
<BEGINHMM>
<NUMSTATES> 4
<STATE> 2
<MEAN> 142
 6.517915e-01 3.516354e-01 3.390124e-01 2.969199e-01 2.830496e-01 3.646843e-01 3.833542e-01 3.076206e-01 3.830332e-01 3.907052e-01 4.316834e-01 4.476239e-01 4.103334e-01 4.639525e-01 3.099675e-01 2.790471e-01 3.692598e-01 4.238083e-01 2.861131e-01 3.923435e-01 4.042996e-01 3.567145e-01 3.549708e-01 3.764563e-01 4.236447e-01 3.879512e-01 3.941066e-01 4.057463e-01 3.981985e-01 3.927702e-01 4.738144e-01 3.468481e-01 3.884247e-01 3.525490e-01 4.617263e-01 3.171822e-01 2.942247e-01 3.579742e-01 3.422617e-01 3.349464e-01 3.955949e-01 3.827036e-01 3.164781e-01 3.565611e-01 2.767932e-01 3.912308e-01 3.414318e-01 3.794457e-01 3.394333e-01 3.491999e-01 4.468032e-01 3.902532e-01 4.156877e-01 2.964060e-01 4.266893e-01 3.895035e-01 4.285205e-01 3.042056e-01 3.651203e-01 2.658550e-01 4.688853e-01 4.284461e-01 3.887502e-01 4.077705e-01 4.400850e-01 3.625782e-01 3.393100e-01 3.555641e-01 4.218535e-01 4.028292e-01 4.627370e-01 4.540181e-01 4.305376e-01 4.083976e-01 3.587858e-01 3.780371e-01 4.084279e-01 3.142327e-01 3.989301e-01 3.334923e-01 4.906277e-01 3.390518e-01 3.855096e-01 3.885677e-01 3.627401e-01 4.170505e-01 3.630814e-01 4.388811e-01 4.643335e-01 4.068756e-01 4.001088e-01 3.947626e-01 4.585465e-01 4.126740e-01 3.683992e-01 4.700030e-01 4.246336e-01 3.733366e-01 3.706727e-01 3.751683e-01 3.808763e-01 3.867567e-01 3.556488e-01 3.816671e-01 3.087697e-01 2.682567e-01 3.922303e-01 3.598348e-01 3.962040e-01 3.312981e-01 3.949383e-01 4.148164e-01 2.997557e-01 2.773917e-01 3.309371e-01 4.072979e-01 3.912354e-01 3.542217e-01 4.388103e-01 3.605218e-01 3.687759e-01 4.116492e-01 3.850521e-01 4.882191e-01 3.687238e-01 3.869105e-01 4.274932e-01 4.187163e-01 3.472729e-01 3.745243e-01 3.617083e-01 3.867363e-01 4.452114e-01 4.099079e-01 3.363554e-01 3.294860e-01 4.931086e-01 3.423955e-01 3.471796e-01 3.041164e-01 3.716154e-01 4.426874e-01
<VARIANCE> 142
 2.000000e-01 2.000000e-01 2.000000e-01 2.000000e-01 2.000000e-01 2.000000e-01 2.000000e-01 2.000000e-01 2.000000e-01 2.000000e-01 2.000000e-01 2.000000e-01 2.000000e-01 2.000000e-01 2.000000e-01 2.000000e-01 2.000000e-01 2.000000e-01 2.000000e-01 2.000000e-01 2.000000e-01 2.000000e-01 2.000000e-01 2.000000e-01 2.000000e-01 2.000000e-01 2.000000e-01 2.000000e-01 2.000000e-01 2.000000e-01 2.000000e-01 2.000000e-01 2.000000e-01 2.000000e-01 2.000000e-01 2.000000e-01 2.000000e-01 2.000000e-01 2.000000e-01 2.000000e-01 2.000000e-01 2.000000e-01 2.000000e-01 2.000000e-01 2.000000e-01 2.000000e-01 2.000000e-01 2.000000e-01 2.000000e-01 2.000000e-01 2.000000e-01 2.000000e-01 2.000000e-01 2.000000e-01 2.000000e-01 2.000000e-01 2.000000e-01 2.000000e-01 2.000000e-01 2.000000e-01 2.000000e-01 2.000000e-01 2.000000e-01 2.000000e-01 2.000000e-01 2.000000e-01 2.000000e-01 2.000000e-01 2.000000e-01 2.000000e-01 2.000000e-01 2.000000e-01 2.000000e-01 2.000000e-01 2.000000e-01 2.000000e-01 2.000000e-01 2.000000e-01 2.000000e-01 2.000000e-01 2.000000e-01 2.000000e-01 2.000000e-01 2.000000e-01 2.000000e-01 2.000000e-01 2.000000e-01 2.000000e-01 2.000000e-01 2.000000e-01 2.000000e-01 2.000000e-01 2.000000e-01 2.000000e-01 2.000000e-01 2.000000e-01 2.000000e-01 2.000000e-01 2.000000e-01 2.000000e-01 2.000000e-01 2.000000e-01 2.000000e-01 2.000000e-01 2.000000e-01 2.000000e-01 2.000000e-01 2.000000e-01 2.000000e-01 2.000000e-01 2.000000e-01 2.000000e-01 2.000000e-01 2.000000e-01 2.000000e-01 2.000000e-01 2.000000e-01 2.000000e-01 2.000000e-01 2.000000e-01 2.000000e-01 2.000000e-01 2.000000e-01 2.000000e-01 2.000000e-01 2.000000e-01 2.000000e-01 2.000000e-01 2.000000e-01 2.000000e-01 2.000000e-01 2.000000e-01 2.000000e-01 2.000000e-01 2.000000e-01 2.000000e-01 2.000000e-01 2.000000e-01 2.000000e-01 2.000000e-01 2.000000e-01 2.000000e-01
<GCONST> 3.243863e+01
<STATE> 3
<MEAN> 142
 4.983509e-01 3.238492e-01 4.459616e-01 4.692511e-01 4.629284e-01 4.211852e-01 5.435828e-01 3.802049e-01 4.302284e-01 3.824773e-01 5.118231e-01 3.843161e-01 3.671939e-01 5.077609e-01 4.461287e-01 4.761052e-01 3.737576e-01 2.791412e-01 4.002636e-01 3.968700e-01 6.114048e-01 5.772283e-01 4.660281e-01 5.332074e-01 5.217203e-01 4.085454e-01 4.897060e-01 3.357373e-01 4.081952e-01 4.169911e-01 5.035973e-01 3.446817e-01 4.681034e-01 5.276291e-01 4.850546e-01 3.974272e-01 4.356225e-01 3.054587e-01 3.551203e-01 5.014121e-01 3.111583e-01 4.250598e-01 3.934984e-01 2.822604e-01 3.364277e-01 3.310133e-01 6.289025e-01 4.694312e-01 5.776001e-01 3.822613e-01 5.343520e-01 3.345704e-01 3.712346e-01 3.573738e-01 4.481061e-01 3.444015e-01 4.501420e-01 4.649128e-01 4.287074e-01 5.795680e-01 5.639388e-01 4.404220e-01 3.209526e-01 3.368604e-01 3.242106e-01 5.075235e-01 3.324790e-01 6.263967e-01 4.252941e-01 3.545877e-01 4.758190e-01 3.524566e-01 3.263918e-01 4.609902e-01 3.283583e-01 3.400457e-01 4.802660e-01 4.597152e-01 4.631653e-01 5.627764e-01 4.020248e-01 3.524768e-01 3.442634e-01 4.878046e-01 4.593388e-01 4.422428e-01 4.481474e-01 3.894316e-01 5.246323e-01 3.640460e-01 2.154366e-01 4.289284e-01 3.545833e-01 3.039390e-01 4.856161e-01 4.275669e-01 5.005738e-01 2.142311e-01 5.337029e-01 5.115858e-01 4.283955e-01 4.776194e-01 4.065096e-01 3.668277e-01 4.653057e-01 3.851817e-01 2.856221e-01 4.128328e-01 5.015311e-01 5.166206e-01 3.215491e-01 3.125409e-01 5.113287e-01 4.026747e-01 2.911023e-01 3.934613e-01 3.208100e-01 5.170372e-01 3.686297e-01 4.679740e-01 4.336997e-01 4.307745e-01 4.489418e-01 3.232586e-01 4.672228e-01 3.878029e-01 2.960740e-01 2.903368e-01 2.550080e-01 4.657122e-01 5.501967e-01 4.207766e-01 3.006779e-01 4.531502e-01 4.313677e-01 5.528675e-01 5.567404e-01 4.804013e-01 5.363039e-01 4.387199e-01 4.558376e-01 4.656304e-01
<VARIANCE> 142
 2.000000e-01 2.000000e-01 2.000000e-01 2.000000e-01 2.000000e-01 2.000000e-01 2.000000e-01 2.000000e-01 2.000000e-01 2.000000e-01 2.000000e-01 2.000000e-01 2.000000e-01 2.000000e-01 2.000000e-01 2.000000e-01 2.000000e-01 2.000000e-01 2.000000e-01 2.000000e-01 2.000000e-01 2.000000e-01 2.000000e-01 2.000000e-01 2.000000e-01 2.000000e-01 2.000000e-01 2.000000e-01 2.000000e-01 2.000000e-01 2.000000e-01 2.000000e-01 2.000000e-01 2.000000e-01 2.000000e-01 2.000000e-01 2.000000e-01 2.000000e-01 2.000000e-01 2.000000e-01 2.000000e-01 2.000000e-01 2.000000e-01 2.000000e-01 2.000000e-01 2.000000e-01 2.000000e-01 2.000000e-01 2.000000e-01 2.000000e-01 2.000000e-01 2.000000e-01 2.000000e-01 2.000000e-01 2.000000e-01 2.000000e-01 2.000000e-01 2.000000e-01 2.000000e-01 2.000000e-01 2.000000e-01 2.000000e-01 2.000000e-01 2.000000e-01 2.000000e-01 2.000000e-01 2.000000e-01 2.000000e-01 2.000000e-01 2.000000e-01 2.000000e-01 2.000000e-01 2.000000e-01 2.000000e-01 2.000000e-01 2.000000e-01 2.000000e-01 2.000000e-01 2.000000e-01 2.000000e-01 2.000000e-01 2.000000e-01 2.000000e-01 2.000000e-01 2.000000e-01 2.000000e-01 2.000000e-01 2.000000e-01 2.000000e-01 2.000000e-01 2.000000e-01 2.000000e-01 2.000000e-01 2.000000e-01 2.000000e-01 2.000000e-01 2.000000e-01 2.000000e-01 2.000000e-01 2.000000e-01 2.000000e-01 2.000000e-01 2.000000e-01 2.000000e-01 2.000000e-01 2.000000e-01 2.000000e-01 2.000000e-01 2.000000e-01 2.000000e-01 2.000000e-01 2.000000e-01 2.000000e-01 2.000000e-01 2.000000e-01 2.000000e-01 2.000000e-01 2.000000e-01 2.000000e-01 2.000000e-01 2.000000e-01 2.000000e-01 2.000000e-01 2.000000e-01 2.000000e-01 2.000000e-01 2.000000e-01 2.000000e-01 2.000000e-01 2.000000e-01 2.000000e-01 2.000000e-01 2.000000e-01 2.000000e-01 2.000000e-01 2.000000e-01 2.000000e-01 2.000000e-01 2.000000e-01 2.000000e-01 2.000000e-01 2.000000e-01
<GCONST> 3.243863e+01
<TRANSP> 4
 0.000000e+00 1.000000e+00 0.000000e+00 0.000000e+00
 0.000000e+00 8.930371e-01 1.069629e-01 0.000000e+00
 0.000000e+00 0.000000e+00 8.128486e-01 1.871513e-01
 0.000000e+00 0.000000e+00 0.000000e+00 0.000000e+00
<ENDHMM>
