~o
<STREAMINFO> 1 142
<VECSIZE> 142<NULLD><USER><DIAGC>
~h "tell"
<BEGINHMM>
<NUMSTATES> 4
<STATE> 2
<MEAN> 142
 5.100117e-01 3.941147e-01 3.521248e-01 4.494187e-01 4.527219e-01 2.748883e-01 3.450040e-01 3.310077e-01 4.082160e-01 4.684993e-01 4.331158e-01 3.711660e-01 3.322537e-01 4.166414e-01 4.242340e-01 4.118623e-01 4.129667e-01 4.211581e-01 2.852429e-01 2.913301e-01 4.785444e-01 5.115963e-01 3.437902e-01 5.172526e-01 4.811589e-01 3.788221e-01 4.379213e-01 3.560010e-01 4.362366e-01 4.048921e-01 4.591075e-01 4.547099e-01 3.923692e-01 5.179942e-01 4.547643e-01 4.171053e-01 4.469044e-01 3.783740e-01 4.460639e-01 4.170879e-01 4.349692e-01 5.177689e-01 3.927817e-01 2.796483e-01 2.401386e-01 4.337587e-01 5.239615e-01 4.289619e-01 4.746253e-01 3.194911e-01 5.097411e-01 3.610685e-01 4.466071e-01 3.428918e-01 4.788080e-01 3.925413e-01 4.250761e-01 3.130613e-01 3.611856e-01 4.079546e-01 4.139238e-01 5.102068e-01 4.040674e-01 3.817889e-01 4.059341e-01 4.900932e-01 3.954984e-01 4.652855e-01 4.373024e-01 4.005232e-01 4.044333e-01 3.393509e-01 4.626325e-01 3.702323e-01 2.582557e-01 3.791199e-01 4.658520e-01 5.254383e-01 4.753426e-01 4.573992e-01 4.942667e-01 4.172443e-01 4.249711e-01 4.694745e-01 3.766012e-01 4.046447e-01 4.270257e-01 4.310162e-01 4.734521e-01 3.479876e-01 3.275208e-01 3.454956e-01 4.311859e-01 3.206302e-01 4.986944e-01 4.459812e-01 5.011920e-01 3.212012e-01 5.760868e-01 4.214894e-01 4.687813e-01 4.624442e-01 4.116943e-01 3.981077e-01 4.035324e-01 3.699866e-01 3.835208e-01 3.899668e-01 3.785726e-01 3.678541e-01 3.526855e-01 3.504845e-01 4.403821e-01 4.678999e-01 3.892181e-01 4.123803e-01 3.466991e-01 5.278900e-01 4.268056e-01 3.836598e-01 4.755791e-01 5.025808e-01 4.382711e-01 3.972524e-01 3.725744e-01 3.820905e-01 3.692240e-01 3.960822e-01 3.457580e-01 3.791923e-01 4.298108e-01 4.693148e-01 3.677121e-01 4.274167e-01 4.632591e-01 5.593091e-01 4.216521e-01 4.600799e-01 4.565351e-01 4.930919e-01 5.150067e-01 3.841141e-01
<VARIANCE> 142
 2.000000e-01 2.000000e-01 2.000000e-01 2.000000e-01 2.000000e-01 2.000000e-01 2.000000e-01 2.000000e-01 2.000000e-01 2.000000e-01 2.000000e-01 2.000000e-01 2.000000e-01 2.000000e-01 2.000000e-01 2.000000e-01 2.000000e-01 2.000000e-01 2.000000e-01 2.000000e-01 2.000000e-01 2.000000e-01 2.000000e-01 2.000000e-01 2.000000e-01 2.000000e-01 2.000000e-01 2.000000e-01 2.000000e-01 2.000000e-01 2.000000e-01 2.000000e-01 2.000000e-01 2.000000e-01 2.000000e-01 2.000000e-01 2.000000e-01 2.000000e-01 2.000000e-01 2.000000e-01 2.000000e-01 2.000000e-01 2.000000e-01 2.000000e-01 2.000000e-01 2.000000e-01 2.000000e-01 2.000000e-01 2.000000e-01 2.000000e-01 2.000000e-01 2.000000e-01 2.000000e-01 2.000000e-01 2.000000e-01 2.000000e-01 2.000000e-01 2.000000e-01 2.000000e-01 2.000000e-01 2.000000e-01 2.000000e-01 2.000000e-01 2.000000e-01 2.000000e-01 2.000000e-01 2.000000e-01 2.000000e-01 2.000000e-01 2.000000e-01 2.000000e-01 2.000000e-01 2.000000e-01 2.000000e-01 2.000000e-01 2.000000e-01 2.000000e-01 2.000000e-01 2.000000e-01 2.000000e-01 2.000000e-01 2.000000e-01 2.000000e-01 2.000000e-01 2.000000e-01 2.000000e-01 2.000000e-01 2.000000e-01 2.000000e-01 2.000000e-01 2.000000e-01 2.000000e-01 2.000000e-01 2.000000e-01 2.000000e-01 2.000000e-01 2.000000e-01 2.000000e-01 2.000000e-01 2.000000e-01 2.000000e-01 2.000000e-01 2.000000e-01 2.000000e-01 2.000000e-01 2.000000e-01 2.000000e-01 2.000000e-01 2.000000e-01 2.000000e-01 2.000000e-01 2.000000e-01 2.000000e-01 2.000000e-01 2.000000e-01 2.000000e-01 2.000000e-01 2.000000e-01 2.000000e-01 2.000000e-01 2.000000e-01 2.000000e-01 2.000000e-01 2.000000e-01 2.000000e-01 2.000000e-01 2.000000e-01 2.000000e-01 2.000000e-01 2.000000e-01 2.000000e-01 2.000000e-01 2.000000e-01 2.000000e-01 2.000000e-01 2.000000e-01 2.000000e-01 2.000000e-01 2.000000e-01 2.000000e-01 2.000000e-01 2.000000e-01
<GCONST> 3.243863e+01
<STATE> 3
<MEAN> 142
 7.318083e-01 3.521240e-01 4.445356e-01 3.509056e-01 2.593789e-01 3.710148e-01 4.274389e-01 3.707346e-01 3.738301e-01 3.532456e-01 5.155398e-01 4.789162e-01 4.240647e-01 4.929594e-01 2.711178e-01 2.972391e-01 3.621828e-01 4.009323e-01 4.020411e-01 4.891272e-01 4.202820e-01 3.923483e-01 4.416002e-01 3.819773e-01 4.802570e-01 4.161428e-01 4.235359e-01 4.523340e-01 3.761299e-01 3.688467e-01 5.035170e-01 4.164949e-01 4.994863e-01 4.046514e-01 4.349855e-01 3.100618e-01 3.409188e-01 3.075497e-01 2.650467e-01 3.296708e-01 3.193313e-01 3.467376e-01 3.228941e-01 4.081460e-01 3.539094e-01 4.228671e-01 4.460741e-01 3.549463e-01 3.541616e-01 4.169698e-01 4.754699e-01 4.185224e-01 4.387096e-01 2.967895e-01 5.124235e-01 3.421343e-01 4.501753e-01 3.875200e-01 3.980876e-01 3.101504e-01 4.546598e-01 4.622913e-01 4.022689e-01 4.411576e-01 4.152877e-01 4.789968e-01 3.721644e-01 4.070621e-01 4.855818e-01 3.708119e-01 4.967374e-01 5.214788e-01 4.209183e-01 4.285012e-01 4.118456e-01 4.437219e-01 4.771471e-01 4.225527e-01 4.260277e-01 3.835431e-01 4.325283e-01 3.656648e-01 3.209236e-01 4.226777e-01 3.996667e-01 4.291739e-01 3.982047e-01 4.380893e-01 4.028694e-01 4.384521e-01 4.652205e-01 3.578246e-01 4.088276e-01 4.472265e-01 4.138773e-01 4.737122e-01 4.459777e-01 3.474346e-01 3.277971e-01 4.354367e-01 3.782381e-01 3.981879e-01 4.421729e-01 3.381475e-01 3.315485e-01 3.423394e-01 4.250231e-01 3.785661e-01 4.191295e-01 4.340128e-01 4.147363e-01 4.529546e-01 3.859272e-01 2.802589e-01 4.030189e-01 4.919698e-01 3.784009e-01 3.462296e-01 4.723073e-01 4.956535e-01 4.317189e-01 5.087416e-01 4.924773e-01 4.573207e-01 5.024648e-01 4.502959e-01 4.625433e-01 3.543270e-01 4.318579e-01 4.621473e-01 3.977824e-01 3.509961e-01 4.665786e-01 4.249945e-01 3.382900e-01 3.928241e-01 4.373121e-01 3.605641e-01 3.524246e-01 3.234088e-01 4.169065e-01 5.103990e-01
<VARIANCE> 142
 2.000000e-01 2.000000e-01 2.000000e-01 2.000000e-01 2.000000e-01 2.000000e-01 2.000000e-01 2.000000e-01 2.000000e-01 2.000000e-01 2.000000e-01 2.000000e-01 2.000000e-01 2.000000e-01 2.000000e-01 2.000000e-01 2.000000e-01 2.000000e-01 2.000000e-01 2.000000e-01 2.000000e-01 2.000000e-01 2.000000e-01 2.000000e-01 2.000000e-01 2.000000e-01 2.000000e-01 2.000000e-01 2.000000e-01 2.000000e-01 2.000000e-01 2.000000e-01 2.000000e-01 2.000000e-01 2.000000e-01 2.000000e-01 2.000000e-01 2.000000e-01 2.000000e-01 2.000000e-01 2.000000e-01 2.000000e-01 2.000000e-01 2.000000e-01 2.000000e-01 2.000000e-01 2.000000e-01 2.000000e-01 2.000000e-01 2.000000e-01 2.000000e-01 2.000000e-01 2.000000e-01 2.000000e-01 2.000000e-01 2.000000e-01 2.000000e-01 2.000000e-01 2.000000e-01 2.000000e-01 2.000000e-01 2.000000e-01 2.000000e-01 2.000000e-01 2.000000e-01 2.000000e-01 2.000000e-01 2.000000e-01 2.000000e-01 2.000000e-01 2.000000e-01 2.000000e-01 2.000000e-01 2.000000e-01 2.000000e-01 2.000000e-01 2.000000e-01 2.000000e-01 2.000000e-01 2.000000e-01 2.000000e-01 2.000000e-01 2.000000e-01 2.000000e-01 2.000000e-01 2.000000e-01 2.000000e-01 2.000000e-01 2.000000e-01 2.000000e-01 2.000000e-01 2.000000e-01 2.000000e-01 2.000000e-01 2.000000e-01 2.000000e-01 2.000000e-01 2.000000e-01 2.000000e-01 2.000000e-01 2.000000e-01 2.000000e-01 2.000000e-01 2.000000e-01 2.000000e-01 2.000000e-01 2.000000e-01 2.000000e-01 2.000000e-01 2.000000e-01 2.000000e-01 2.000000e-01 2.000000e-01 2.000000e-01 2.000000e-01 2.000000e-01 2.000000e-01 2.000000e-01 2.000000e-01 2.000000e-01 2.000000e-01 2.000000e-01 2.000000e-01 2.000000e-01 2.000000e-01 2.000000e-01 2.000000e-01 2.000000e-01 2.000000e-01 2.000000e-01 2.000000e-01 2.000000e-01 2.000000e-01 2.000000e-01 2.000000e-01 2.000000e-01 2.000000e-01 2.000000e-01 2.000000e-01 2.000000e-01 2.000000e-01 2.000000e-01
<GCONST> 3.243863e+01
<TRANSP> 4
 0.000000e+00 1.000000e+00 0.000000e+00 0.000000e+00
 0.000000e+00 8.677313e-01 1.322687e-01 0.000000e+00
 0.000000e+00 0.000000e+00 8.424881e-01 1.575119e-01
 0.000000e+00 0.000000e+00 0.000000e+00 0.000000e+00
<ENDHMM>
