~o
<STREAMINFO> 1 142
<VECSIZE> 142<NULLD><USER><DIAGC>
~h "thing"
<BEGINHMM>
<NUMSTATES> 4
<STATE> 2
<MEAN> 142
 7.774372e-01 3.280153e-01 4.218214e-01 3.448231e-01 2.535351e-01 3.783888e-01 4.385753e-01 3.991641e-01 3.304882e-01 3.330350e-01 3.928468e-01 4.509698e-01 4.077291e-01 4.168298e-01 2.958384e-01 3.237233e-01 3.996740e-01 4.211392e-01 3.203787e-01 4.436566e-01 4.716888e-01 4.325672e-01 4.292538e-01 4.217630e-01 4.391410e-01 4.133228e-01 3.771231e-01 3.793621e-01 3.717294e-01 3.166028e-01 4.379163e-01 4.544657e-01 5.824183e-01 4.108808e-01 4.570922e-01 3.844713e-01 2.751975e-01 3.044783e-01 2.724508e-01 3.943019e-01 2.916884e-01 3.829629e-01 3.138500e-01 3.614800e-01 2.700826e-01 4.419783e-01 4.458160e-01 4.058712e-01 3.745427e-01 3.116082e-01 4.511521e-01 4.012476e-01 3.826612e-01 2.675265e-01 5.106649e-01 3.400287e-01 3.902172e-01 3.562751e-01 3.562049e-01 3.136933e-01 4.999348e-01 5.083042e-01 3.856087e-01 3.959797e-01 3.836398e-01 5.331046e-01 3.360364e-01 3.722080e-01 4.783644e-01 3.100251e-01 5.210328e-01 5.449448e-01 4.373028e-01 4.421889e-01 4.161142e-01 4.029489e-01 5.155464e-01 4.537262e-01 3.936431e-01 3.914272e-01 4.112895e-01 3.585002e-01 3.623142e-01 4.479023e-01 3.656904e-01 5.503268e-01 4.248658e-01 4.347642e-01 4.443159e-01 3.955643e-01 3.885865e-01 4.433326e-01 4.217417e-01 3.513604e-01 4.128315e-01 5.103675e-01 4.417530e-01 3.567858e-01 3.710790e-01 4.547269e-01 3.920116e-01 4.706712e-01 3.708167e-01 3.250511e-01 2.852039e-01 2.928195e-01 3.607323e-01 3.544792e-01 3.588298e-01 3.992954e-01 4.064319e-01 3.411059e-01 3.858248e-01 2.528590e-01 4.139773e-01 4.652259e-01 3.243561e-01 3.844498e-01 4.235645e-01 3.985583e-01 3.807716e-01 5.428831e-01 4.690716e-01 4.603712e-01 4.789243e-01 4.438154e-01 4.244848e-01 3.391615e-01 3.579503e-01 4.618851e-01 4.534531e-01 3.975707e-01 4.919598e-01 4.450611e-01 3.280064e-01 3.156045e-01 4.939354e-01 4.001472e-01 3.758997e-01 3.288686e-01 4.970382e-01 5.033177e-01
<VARIANCE> 142
 2.000000e-01 2.000000e-01 2.000000e-01 2.000000e-01 2.000000e-01 2.000000e-01 2.000000e-01 2.000000e-01 2.000000e-01 2.000000e-01 2.000000e-01 2.000000e-01 2.000000e-01 2.000000e-01 2.000000e-01 2.000000e-01 2.000000e-01 2.000000e-01 2.000000e-01 2.000000e-01 2.000000e-01 2.000000e-01 2.000000e-01 2.000000e-01 2.000000e-01 2.000000e-01 2.000000e-01 2.000000e-01 2.000000e-01 2.000000e-01 2.000000e-01 2.000000e-01 2.000000e-01 2.000000e-01 2.000000e-01 2.000000e-01 2.000000e-01 2.000000e-01 2.000000e-01 2.000000e-01 2.000000e-01 2.000000e-01 2.000000e-01 2.000000e-01 2.000000e-01 2.000000e-01 2.000000e-01 2.000000e-01 2.000000e-01 2.000000e-01 2.000000e-01 2.000000e-01 2.000000e-01 2.000000e-01 2.000000e-01 2.000000e-01 2.000000e-01 2.000000e-01 2.000000e-01 2.000000e-01 2.000000e-01 2.000000e-01 2.000000e-01 2.000000e-01 2.000000e-01 2.000000e-01 2.000000e-01 2.000000e-01 2.000000e-01 2.000000e-01 2.000000e-01 2.000000e-01 2.000000e-01 2.000000e-01 2.000000e-01 2.000000e-01 2.000000e-01 2.000000e-01 2.000000e-01 2.000000e-01 2.000000e-01 2.000000e-01 2.000000e-01 2.000000e-01 2.000000e-01 2.000000e-01 2.000000e-01 2.000000e-01 2.000000e-01 2.000000e-01 2.000000e-01 2.000000e-01 2.000000e-01 2.000000e-01 2.000000e-01 2.000000e-01 2.000000e-01 2.000000e-01 2.000000e-01 2.000000e-01 2.000000e-01 2.000000e-01 2.000000e-01 2.000000e-01 2.000000e-01 2.000000e-01 2.000000e-01 2.000000e-01 2.000000e-01 2.000000e-01 2.000000e-01 2.000000e-01 2.000000e-01 2.000000e-01 2.000000e-01 2.000000e-01 2.000000e-01 2.000000e-01 2.000000e-01 2.000000e-01 2.000000e-01 2.000000e-01 2.000000e-01 2.000000e-01 2.000000e-01 2.000000e-01 2.000000e-01 2.000000e-01 2.000000e-01 2.000000e-01 2.000000e-01 2.000000e-01 2.000000e-01 2.000000e-01 2.000000e-01 2.000000e-01 2.000000e-01 2.000000e-01 2.000000e-01 2.000000e-01 2.000000e-01 2.000000e-01
<GCONST> 3.243863e+01
<STATE> 3
<MEAN> 142
 4.969643e-01 3.963368e-01 2.972611e-01 4.085488e-01 3.168862e-01 2.241488e-01 2.856311e-01 2.603722e-01 3.006924e-01 4.311359e-01 4.134427e-01 3.841510e-01 4.103796e-01 4.167017e-01 4.162923e-01 2.691012e-01 3.743022e-01 4.922481e-01 2.395236e-01 2.877615e-01 4.215605e-01 4.180625e-01 3.236981e-01 4.933540e-01 4.904095e-01 3.441313e-01 4.156697e-01 4.066928e-01 4.797445e-01 4.142256e-01 4.430585e-01 4.160345e-01 2.935317e-01 4.231448e-01 4.490080e-01 4.257173e-01 3.994922e-01 4.860832e-01 4.761115e-01 3.244034e-01 4.245039e-01 4.946383e-01 3.887532e-01 2.678942e-01 1.880121e-01 3.667206e-01 4.650230e-01 3.969415e-01 3.978830e-01 3.280384e-01 4.570391e-01 3.987874e-01 4.005645e-01 2.689698e-01 4.533384e-01 4.993379e-01 3.907276e-01 2.607411e-01 3.688262e-01 2.803871e-01 2.972941e-01 4.771772e-01 3.729098e-01 3.830789e-01 4.172959e-01 4.247523e-01 4.008517e-01 3.308978e-01 3.698201e-01 4.314284e-01 4.287921e-01 2.973338e-01 4.080537e-01 3.479934e-01 2.723928e-01 3.160792e-01 3.788532e-01 5.339833e-01 4.277132e-01 3.635892e-01 5.723933e-01 4.444780e-01 4.402262e-01 4.578786e-01 3.463898e-01 3.327495e-01 3.532439e-01 3.802882e-01 4.821546e-01 3.003210e-01 3.913113e-01 2.342456e-01 4.678605e-01 3.448626e-01 5.418069e-01 4.862588e-01 5.157846e-01 4.216453e-01 4.706686e-01 3.707140e-01 4.746977e-01 5.095693e-01 3.157529e-01 4.263768e-01 3.298333e-01 2.940857e-01 3.534863e-01 4.098131e-01 3.078023e-01 3.000182e-01 3.885821e-01 3.749564e-01 3.579184e-01 3.932051e-01 4.991644e-01 4.010262e-01 4.080518e-01 4.448550e-01 4.204656e-01 3.710831e-01 4.418340e-01 5.110304e-01 4.946128e-01 4.545240e-01 2.879476e-01 3.861651e-01 4.911264e-01 4.712125e-01 4.452677e-01 3.041371e-01 3.600061e-01 5.923070e-01 3.352094e-01 4.962047e-01 5.146001e-01 4.645133e-01 3.658293e-01 5.308411e-01 3.085649e-01 4.293898e-01 4.639235e-01 3.973767e-01
<VARIANCE> 142
 2.000000e-01 2.000000e-01 2.000000e-01 2.000000e-01 2.000000e-01 2.000000e-01 2.000000e-01 2.000000e-01 2.000000e-01 2.000000e-01 2.000000e-01 2.000000e-01 2.000000e-01 2.000000e-01 2.000000e-01 2.000000e-01 2.000000e-01 2.000000e-01 2.000000e-01 2.000000e-01 2.000000e-01 2.000000e-01 2.000000e-01 2.000000e-01 2.000000e-01 2.000000e-01 2.000000e-01 2.000000e-01 2.000000e-01 2.000000e-01 2.000000e-01 2.000000e-01 2.000000e-01 2.000000e-01 2.000000e-01 2.000000e-01 2.000000e-01 2.000000e-01 2.000000e-01 2.000000e-01 2.000000e-01 2.000000e-01 2.000000e-01 2.000000e-01 2.000000e-01 2.000000e-01 2.000000e-01 2.000000e-01 2.000000e-01 2.000000e-01 2.000000e-01 2.000000e-01 2.000000e-01 2.000000e-01 2.000000e-01 2.000000e-01 2.000000e-01 2.000000e-01 2.000000e-01 2.000000e-01 2.000000e-01 2.000000e-01 2.000000e-01 2.000000e-01 2.000000e-01 2.000000e-01 2.000000e-01 2.000000e-01 2.000000e-01 2.000000e-01 2.000000e-01 2.000000e-01 2.000000e-01 2.000000e-01 2.000000e-01 2.000000e-01 2.000000e-01 2.000000e-01 2.000000e-01 2.000000e-01 2.000000e-01 2.000000e-01 2.000000e-01 2.000000e-01 2.000000e-01 2.000000e-01 2.000000e-01 2.000000e-01 2.000000e-01 2.000000e-01 2.000000e-01 2.000000e-01 2.000000e-01 2.000000e-01 2.000000e-01 2.000000e-01 2.000000e-01 2.000000e-01 2.000000e-01 2.000000e-01 2.000000e-01 2.000000e-01 2.000000e-01 2.000000e-01 2.000000e-01 2.000000e-01 2.000000e-01 2.000000e-01 2.000000e-01 2.000000e-01 2.000000e-01 2.000000e-01 2.000000e-01 2.000000e-01 2.000000e-01 2.000000e-01 2.000000e-01 2.000000e-01 2.000000e-01 2.000000e-01 2.000000e-01 2.000000e-01 2.000000e-01 2.000000e-01 2.000000e-01 2.000000e-01 2.000000e-01 2.000000e-01 2.000000e-01 2.000000e-01 2.000000e-01 2.000000e-01 2.000000e-01 2.000000e-01 2.000000e-01 2.000000e-01 2.000000e-01 2.000000e-01 2.000000e-01 2.000000e-01 2.000000e-01 2.000000e-01
<GCONST> 3.243863e+01
<TRANSP> 4
 0.000000e+00 1.000000e+00 0.000000e+00 0.000000e+00
 0.000000e+00 8.790005e-01 1.209994e-01 0.000000e+00
 0.000000e+00 0.000000e+00 8.343137e-01 1.656863e-01
 0.000000e+00 0.000000e+00 0.000000e+00 0.000000e+00
<ENDHMM>
