~o
<STREAMINFO> 1 142
<VECSIZE> 142<NULLD><USER><DIAGC>
~h "throw"
<BEGINHMM>
<NUMSTATES> 4
<STATE> 2
<MEAN> 142
 6.418120e-01 3.240656e-01 4.007869e-01 3.332365e-01 3.343969e-01 4.288565e-01 4.010103e-01 3.104100e-01 3.148809e-01 3.660707e-01 4.210907e-01 3.884710e-01 3.709630e-01 4.712792e-01 3.421905e-01 3.306780e-01 3.724841e-01 3.290894e-01 3.381333e-01 3.657658e-01 4.784750e-01 4.477124e-01 3.762389e-01 3.929116e-01 4.533140e-01 3.762774e-01 4.324978e-01 3.741612e-01 3.526633e-01 3.738314e-01 4.684167e-01 3.832788e-01 4.338024e-01 4.433148e-01 4.334081e-01 3.414234e-01 3.617022e-01 2.599787e-01 3.058563e-01 3.522882e-01 3.479741e-01 3.709387e-01 2.873602e-01 3.459304e-01 2.762165e-01 4.017930e-01 4.304239e-01 3.937869e-01 4.472839e-01 3.292304e-01 4.846073e-01 3.169225e-01 3.941810e-01 2.224415e-01 4.645714e-01 2.883907e-01 4.649997e-01 3.556673e-01 3.867667e-01 3.381454e-01 4.136001e-01 4.416140e-01 3.572376e-01 3.824170e-01 3.695764e-01 4.253781e-01 3.154608e-01 4.684156e-01 4.874630e-01 3.486706e-01 4.585726e-01 4.328089e-01 4.181598e-01 3.969378e-01 3.541911e-01 3.626128e-01 4.887176e-01 3.931234e-01 4.428271e-01 3.795974e-01 4.166463e-01 3.759907e-01 3.382166e-01 4.847722e-01 3.874175e-01 4.544210e-01 3.812619e-01 4.203003e-01 4.816789e-01 4.246273e-01 2.753259e-01 4.006352e-01 4.229741e-01 3.294917e-01 4.354290e-01 4.289151e-01 4.684505e-01 2.780875e-01 4.340759e-01 4.386028e-01 3.807742e-01 4.622792e-01 3.298807e-01 3.004446e-01 3.669716e-01 2.673685e-01 3.612155e-01 3.148701e-01 4.422398e-01 4.750635e-01 3.264225e-01 3.447354e-01 3.989961e-01 3.481616e-01 3.314461e-01 4.080364e-01 3.127874e-01 4.278120e-01 4.199182e-01 4.526259e-01 4.111108e-01 4.426247e-01 3.985065e-01 4.319040e-01 4.778654e-01 3.583897e-01 3.879407e-01 2.963180e-01 2.879345e-01 4.343995e-01 4.298634e-01 3.812903e-01 3.553566e-01 3.709581e-01 3.643916e-01 4.367973e-01 4.467838e-01 3.496454e-01 3.840525e-01 3.648756e-01 3.812663e-01 4.750577e-01
<VARIANCE> 142
 2.000000e-01 2.000000e-01 2.000000e-01 2.000000e-01 2.000000e-01 2.000000e-01 2.000000e-01 2.000000e-01 2.000000e-01 2.000000e-01 2.000000e-01 2.000000e-01 2.000000e-01 2.000000e-01 2.000000e-01 2.000000e-01 2.000000e-01 2.000000e-01 2.000000e-01 2.000000e-01 2.000000e-01 2.000000e-01 2.000000e-01 2.000000e-01 2.000000e-01 2.000000e-01 2.000000e-01 2.000000e-01 2.000000e-01 2.000000e-01 2.000000e-01 2.000000e-01 2.000000e-01 2.000000e-01 2.000000e-01 2.000000e-01 2.000000e-01 2.000000e-01 2.000000e-01 2.000000e-01 2.000000e-01 2.000000e-01 2.000000e-01 2.000000e-01 2.000000e-01 2.000000e-01 2.000000e-01 2.000000e-01 2.000000e-01 2.000000e-01 2.000000e-01 2.000000e-01 2.000000e-01 2.000000e-01 2.000000e-01 2.000000e-01 2.000000e-01 2.000000e-01 2.000000e-01 2.000000e-01 2.000000e-01 2.000000e-01 2.000000e-01 2.000000e-01 2.000000e-01 2.000000e-01 2.000000e-01 2.000000e-01 2.000000e-01 2.000000e-01 2.000000e-01 2.000000e-01 2.000000e-01 2.000000e-01 2.000000e-01 2.000000e-01 2.000000e-01 2.000000e-01 2.000000e-01 2.000000e-01 2.000000e-01 2.000000e-01 2.000000e-01 2.000000e-01 2.000000e-01 2.000000e-01 2.000000e-01 2.000000e-01 2.000000e-01 2.000000e-01 2.000000e-01 2.000000e-01 2.000000e-01 2.000000e-01 2.000000e-01 2.000000e-01 2.000000e-01 2.000000e-01 2.000000e-01 2.000000e-01 2.000000e-01 2.000000e-01 2.000000e-01 2.000000e-01 2.000000e-01 2.000000e-01 2.000000e-01 2.000000e-01 2.000000e-01 2.000000e-01 2.000000e-01 2.000000e-01 2.000000e-01 2.000000e-01 2.000000e-01 2.000000e-01 2.000000e-01 2.000000e-01 2.000000e-01 2.000000e-01 2.000000e-01 2.000000e-01 2.000000e-01 2.000000e-01 2.000000e-01 2.000000e-01 2.000000e-01 2.000000e-01 2.000000e-01 2.000000e-01 2.000000e-01 2.000000e-01 2.000000e-01 2.000000e-01 2.000000e-01 2.000000e-01 2.000000e-01 2.000000e-01 2.000000e-01 2.000000e-01 2.000000e-01 2.000000e-01
<GCONST> 3.243863e+01
<STATE> 3
<MEAN> 142
 5.293450e-01 3.417082e-01 3.348372e-01 3.131611e-01 3.329902e-01 3.246951e-01 3.013917e-01 3.685854e-01 3.710730e-01 5.111921e-01 4.969827e-01 4.425305e-01 4.611653e-01 5.197094e-01 4.757759e-01 3.408051e-01 4.181692e-01 4.120281e-01 2.780335e-01 4.145016e-01 4.131448e-01 3.683573e-01 3.101035e-01 4.189384e-01 4.601882e-01 3.955895e-01 3.850071e-01 4.532095e-01 4.328522e-01 5.004127e-01 4.857142e-01 3.844272e-01 2.699513e-01 4.681992e-01 4.725510e-01 4.348222e-01 4.479778e-01 5.151791e-01 5.031324e-01 3.913565e-01 5.319506e-01 4.706419e-01 3.678554e-01 3.698366e-01 2.464019e-01 3.735574e-01 3.731026e-01 5.131976e-01 3.877504e-01 3.031079e-01 4.571076e-01 5.499926e-01 5.494146e-01 3.345416e-01 3.290972e-01 3.545818e-01 4.274224e-01 2.928907e-01 3.187236e-01 2.394473e-01 4.436820e-01 4.812288e-01 4.109015e-01 4.039279e-01 4.752758e-01 3.505312e-01 5.576890e-01 3.782991e-01 3.756371e-01 5.177822e-01 4.920234e-01 3.130495e-01 4.573824e-01 3.941716e-01 3.023132e-01 3.970256e-01 4.483031e-01 3.625875e-01 4.530717e-01 3.863331e-01 5.038422e-01 3.580702e-01 5.486459e-01 3.333986e-01 3.363624e-01 3.233965e-01 4.141889e-01 4.403216e-01 4.417161e-01 3.472575e-01 3.158261e-01 3.234833e-01 4.792754e-01 4.036740e-01 4.058010e-01 4.830006e-01 5.021238e-01 4.532093e-01 5.265344e-01 3.870642e-01 4.466057e-01 3.897124e-01 3.404239e-01 4.556912e-01 3.651095e-01 3.106166e-01 4.432574e-01 5.148581e-01 4.378962e-01 3.075245e-01 3.970837e-01 3.339659e-01 3.073165e-01 4.026377e-01 3.942150e-01 4.049346e-01 3.550585e-01 4.358886e-01 4.504428e-01 3.616660e-01 4.315003e-01 4.011263e-01 4.450527e-01 3.779669e-01 3.378585e-01 3.795269e-01 4.402436e-01 4.899389e-01 4.704446e-01 3.701410e-01 3.592187e-01 5.177398e-01 4.131536e-01 4.889246e-01 5.450081e-01 4.833521e-01 3.281037e-01 5.155951e-01 4.494879e-01 3.778590e-01 4.185762e-01 3.621318e-01
<VARIANCE> 142
 2.000000e-01 2.000000e-01 2.000000e-01 2.000000e-01 2.000000e-01 2.000000e-01 2.000000e-01 2.000000e-01 2.000000e-01 2.000000e-01 2.000000e-01 2.000000e-01 2.000000e-01 2.000000e-01 2.000000e-01 2.000000e-01 2.000000e-01 2.000000e-01 2.000000e-01 2.000000e-01 2.000000e-01 2.000000e-01 2.000000e-01 2.000000e-01 2.000000e-01 2.000000e-01 2.000000e-01 2.000000e-01 2.000000e-01 2.000000e-01 2.000000e-01 2.000000e-01 2.000000e-01 2.000000e-01 2.000000e-01 2.000000e-01 2.000000e-01 2.000000e-01 2.000000e-01 2.000000e-01 2.000000e-01 2.000000e-01 2.000000e-01 2.000000e-01 2.000000e-01 2.000000e-01 2.000000e-01 2.000000e-01 2.000000e-01 2.000000e-01 2.000000e-01 2.000000e-01 2.000000e-01 2.000000e-01 2.000000e-01 2.000000e-01 2.000000e-01 2.000000e-01 2.000000e-01 2.000000e-01 2.000000e-01 2.000000e-01 2.000000e-01 2.000000e-01 2.000000e-01 2.000000e-01 2.000000e-01 2.000000e-01 2.000000e-01 2.000000e-01 2.000000e-01 2.000000e-01 2.000000e-01 2.000000e-01 2.000000e-01 2.000000e-01 2.000000e-01 2.000000e-01 2.000000e-01 2.000000e-01 2.000000e-01 2.000000e-01 2.000000e-01 2.000000e-01 2.000000e-01 2.000000e-01 2.000000e-01 2.000000e-01 2.000000e-01 2.000000e-01 2.000000e-01 2.000000e-01 2.000000e-01 2.000000e-01 2.000000e-01 2.000000e-01 2.000000e-01 2.000000e-01 2.000000e-01 2.000000e-01 2.000000e-01 2.000000e-01 2.000000e-01 2.000000e-01 2.000000e-01 2.000000e-01 2.000000e-01 2.000000e-01 2.000000e-01 2.000000e-01 2.000000e-01 2.000000e-01 2.000000e-01 2.000000e-01 2.000000e-01 2.000000e-01 2.000000e-01 2.000000e-01 2.000000e-01 2.000000e-01 2.000000e-01 2.000000e-01 2.000000e-01 2.000000e-01 2.000000e-01 2.000000e-01 2.000000e-01 2.000000e-01 2.000000e-01 2.000000e-01 2.000000e-01 2.000000e-01 2.000000e-01 2.000000e-01 2.000000e-01 2.000000e-01 2.000000e-01 2.000000e-01 2.000000e-01 2.000000e-01 2.000000e-01 2.000000e-01
<GCONST> 3.243863e+01
<TRANSP> 4
 0.000000e+00 1.000000e+00 0.000000e+00 0.000000e+00
 0.000000e+00 8.560550e-01 1.439451e-01 0.000000e+00
 0.000000e+00 0.000000e+00 8.690454e-01 1.309546e-01
 0.000000e+00 0.000000e+00 0.000000e+00 0.000000e+00
<ENDHMM>
