~o
<STREAMINFO> 1 142
<VECSIZE> 142<NULLD><USER><DIAGC>
~h "toilet"
<BEGINHMM>
<NUMSTATES> 4
<STATE> 2
<MEAN> 142
 6.939558e-01 3.460109e-01 3.258100e-01 3.010288e-01 2.510188e-01 3.837052e-01 3.459921e-01 4.280918e-01 3.644633e-01 4.260933e-01 4.967399e-01 4.467749e-01 4.592999e-01 4.947427e-01 2.998330e-01 3.489426e-01 3.944015e-01 3.985532e-01 3.111939e-01 4.459370e-01 4.252647e-01 4.002665e-01 4.307532e-01 4.085696e-01 4.254855e-01 4.848593e-01 4.039433e-01 4.102970e-01 3.863631e-01 4.264968e-01 5.004408e-01 4.372759e-01 3.829848e-01 3.922907e-01 4.234112e-01 3.319260e-01 2.879017e-01 3.918049e-01 3.133031e-01 3.097604e-01 4.131383e-01 3.905506e-01 3.251717e-01 4.526574e-01 2.377239e-01 4.107863e-01 3.502181e-01 4.470918e-01 3.429643e-01 3.461996e-01 4.433968e-01 4.976457e-01 5.177289e-01 2.927327e-01 4.249148e-01 3.744621e-01 4.717404e-01 3.565160e-01 3.598611e-01 2.483719e-01 4.832857e-01 4.832503e-01 4.116001e-01 4.926956e-01 4.420197e-01 4.045601e-01 4.241197e-01 3.802128e-01 4.041586e-01 4.116746e-01 4.935921e-01 4.557379e-01 4.190980e-01 4.105349e-01 4.042114e-01 4.472032e-01 4.401350e-01 3.815939e-01 4.507839e-01 3.728704e-01 4.468418e-01 3.213795e-01 3.984502e-01 3.709428e-01 3.162431e-01 3.994543e-01 4.048726e-01 4.467040e-01 4.337994e-01 3.617037e-01 3.613514e-01 3.803643e-01 4.563127e-01 3.814706e-01 3.584276e-01 5.524032e-01 4.151937e-01 4.099564e-01 3.970387e-01 4.383192e-01 3.956201e-01 4.070168e-01 3.416902e-01 3.767157e-01 3.242057e-01 2.928768e-01 4.528685e-01 3.729068e-01 4.262421e-01 3.225968e-01 4.277296e-01 3.692147e-01 2.989317e-01 2.934502e-01 3.628608e-01 4.507298e-01 4.068166e-01 3.651188e-01 4.727643e-01 3.805642e-01 3.938351e-01 4.726107e-01 4.387495e-01 3.898296e-01 4.273452e-01 4.107937e-01 4.026128e-01 3.972386e-01 4.105044e-01 4.182618e-01 3.856217e-01 3.999127e-01 4.731310e-01 4.851191e-01 3.455688e-01 3.544537e-01 4.413450e-01 3.666198e-01 3.431703e-01 3.249893e-01 4.377145e-01 4.435843e-01
<VARIANCE> 142
 2.000000e-01 2.000000e-01 2.000000e-01 2.000000e-01 2.000000e-01 2.000000e-01 2.000000e-01 2.000000e-01 2.000000e-01 2.000000e-01 2.000000e-01 2.000000e-01 2.000000e-01 2.000000e-01 2.000000e-01 2.000000e-01 2.000000e-01 2.000000e-01 2.000000e-01 2.000000e-01 2.000000e-01 2.000000e-01 2.000000e-01 2.000000e-01 2.000000e-01 2.000000e-01 2.000000e-01 2.000000e-01 2.000000e-01 2.000000e-01 2.000000e-01 2.000000e-01 2.000000e-01 2.000000e-01 2.000000e-01 2.000000e-01 2.000000e-01 2.000000e-01 2.000000e-01 2.000000e-01 2.000000e-01 2.000000e-01 2.000000e-01 2.000000e-01 2.000000e-01 2.000000e-01 2.000000e-01 2.000000e-01 2.000000e-01 2.000000e-01 2.000000e-01 2.000000e-01 2.000000e-01 2.000000e-01 2.000000e-01 2.000000e-01 2.000000e-01 2.000000e-01 2.000000e-01 2.000000e-01 2.000000e-01 2.000000e-01 2.000000e-01 2.000000e-01 2.000000e-01 2.000000e-01 2.000000e-01 2.000000e-01 2.000000e-01 2.000000e-01 2.000000e-01 2.000000e-01 2.000000e-01 2.000000e-01 2.000000e-01 2.000000e-01 2.000000e-01 2.000000e-01 2.000000e-01 2.000000e-01 2.000000e-01 2.000000e-01 2.000000e-01 2.000000e-01 2.000000e-01 2.000000e-01 2.000000e-01 2.000000e-01 2.000000e-01 2.000000e-01 2.000000e-01 2.000000e-01 2.000000e-01 2.000000e-01 2.000000e-01 2.000000e-01 2.000000e-01 2.000000e-01 2.000000e-01 2.000000e-01 2.000000e-01 2.000000e-01 2.000000e-01 2.000000e-01 2.000000e-01 2.000000e-01 2.000000e-01 2.000000e-01 2.000000e-01 2.000000e-01 2.000000e-01 2.000000e-01 2.000000e-01 2.000000e-01 2.000000e-01 2.000000e-01 2.000000e-01 2.000000e-01 2.000000e-01 2.000000e-01 2.000000e-01 2.000000e-01 2.000000e-01 2.000000e-01 2.000000e-01 2.000000e-01 2.000000e-01 2.000000e-01 2.000000e-01 2.000000e-01 2.000000e-01 2.000000e-01 2.000000e-01 2.000000e-01 2.000000e-01 2.000000e-01 2.000000e-01 2.000000e-01 2.000000e-01 2.000000e-01 2.000000e-01 2.000000e-01
<GCONST> 3.243863e+01
<STATE> 3
<MEAN> 142
 5.398776e-01 3.555064e-01 4.148433e-01 4.912869e-01 4.480697e-01 5.061498e-01 5.364519e-01 4.645147e-01 3.885170e-01 3.601426e-01 4.042552e-01 4.372315e-01 4.496069e-01 4.598605e-01 4.153712e-01 5.541048e-01 4.158253e-01 3.498942e-01 3.279270e-01 5.083703e-01 4.791249e-01 4.656366e-01 4.537008e-01 4.372361e-01 4.615292e-01 5.161105e-01 4.331584e-01 4.798644e-01 3.357728e-01 4.171119e-01 4.938462e-01 4.953333e-01 5.831022e-01 4.760045e-01 4.340563e-01 4.180999e-01 4.113409e-01 3.305036e-01 3.159387e-01 5.937418e-01 3.905315e-01 3.855043e-01 2.943438e-01 4.398034e-01 4.524958e-01 5.154198e-01 4.374041e-01 4.423776e-01 4.156120e-01 3.133813e-01 4.275452e-01 3.737182e-01 4.361874e-01 3.092321e-01 5.440513e-01 3.797519e-01 3.599903e-01 4.062452e-01 3.095934e-01 4.646393e-01 5.478889e-01 6.313105e-01 4.369025e-01 4.405850e-01 4.385881e-01 5.204619e-01 3.457208e-01 4.999203e-01 5.897092e-01 3.403647e-01 5.439743e-01 4.501879e-01 3.633536e-01 4.537847e-01 4.798350e-01 4.324740e-01 5.647978e-01 4.553203e-01 4.031927e-01 4.704730e-01 4.274869e-01 3.828395e-01 3.546870e-01 4.175463e-01 5.621623e-01 5.274554e-01 4.762192e-01 4.259668e-01 4.564871e-01 4.905392e-01 3.068298e-01 5.163858e-01 4.692206e-01 3.840853e-01 4.415566e-01 4.604623e-01 5.622563e-01 3.748958e-01 3.998354e-01 5.823178e-01 4.037966e-01 4.508859e-01 3.666206e-01 3.589154e-01 3.611142e-01 3.068016e-01 3.882198e-01 3.617865e-01 4.734625e-01 5.891163e-01 3.757748e-01 2.965608e-01 5.990833e-01 3.136189e-01 4.627235e-01 4.591757e-01 2.936822e-01 4.489458e-01 4.077537e-01 4.159091e-01 4.519655e-01 4.887862e-01 4.690337e-01 3.875315e-01 5.457792e-01 4.328344e-01 3.799561e-01 3.469129e-01 3.755460e-01 5.306589e-01 5.725917e-01 3.924495e-01 4.346165e-01 4.334558e-01 4.184811e-01 4.589655e-01 5.474122e-01 4.707104e-01 5.800968e-01 3.782426e-01 4.867489e-01 5.162028e-01
<VARIANCE> 142
 2.000000e-01 2.000000e-01 2.000000e-01 2.000000e-01 2.000000e-01 2.000000e-01 2.000000e-01 2.000000e-01 2.000000e-01 2.000000e-01 2.000000e-01 2.000000e-01 2.000000e-01 2.000000e-01 2.000000e-01 2.000000e-01 2.000000e-01 2.000000e-01 2.000000e-01 2.000000e-01 2.000000e-01 2.000000e-01 2.000000e-01 2.000000e-01 2.000000e-01 2.000000e-01 2.000000e-01 2.000000e-01 2.000000e-01 2.000000e-01 2.000000e-01 2.000000e-01 2.000000e-01 2.000000e-01 2.000000e-01 2.000000e-01 2.000000e-01 2.000000e-01 2.000000e-01 2.000000e-01 2.000000e-01 2.000000e-01 2.000000e-01 2.000000e-01 2.000000e-01 2.000000e-01 2.000000e-01 2.000000e-01 2.000000e-01 2.000000e-01 2.000000e-01 2.000000e-01 2.000000e-01 2.000000e-01 2.000000e-01 2.000000e-01 2.000000e-01 2.000000e-01 2.000000e-01 2.000000e-01 2.000000e-01 2.000000e-01 2.000000e-01 2.000000e-01 2.000000e-01 2.000000e-01 2.000000e-01 2.000000e-01 2.000000e-01 2.000000e-01 2.000000e-01 2.000000e-01 2.000000e-01 2.000000e-01 2.000000e-01 2.000000e-01 2.000000e-01 2.000000e-01 2.000000e-01 2.000000e-01 2.000000e-01 2.000000e-01 2.000000e-01 2.000000e-01 2.000000e-01 2.000000e-01 2.000000e-01 2.000000e-01 2.000000e-01 2.000000e-01 2.000000e-01 2.000000e-01 2.000000e-01 2.000000e-01 2.000000e-01 2.000000e-01 2.000000e-01 2.000000e-01 2.000000e-01 2.000000e-01 2.000000e-01 2.000000e-01 2.000000e-01 2.000000e-01 2.000000e-01 2.000000e-01 2.000000e-01 2.000000e-01 2.000000e-01 2.000000e-01 2.000000e-01 2.000000e-01 2.000000e-01 2.000000e-01 2.000000e-01 2.000000e-01 2.000000e-01 2.000000e-01 2.000000e-01 2.000000e-01 2.000000e-01 2.000000e-01 2.000000e-01 2.000000e-01 2.000000e-01 2.000000e-01 2.000000e-01 2.000000e-01 2.000000e-01 2.000000e-01 2.000000e-01 2.000000e-01 2.000000e-01 2.000000e-01 2.000000e-01 2.000000e-01 2.000000e-01 2.000000e-01 2.000000e-01 2.000000e-01 2.000000e-01 2.000000e-01
<GCONST> 3.243863e+01
<TRANSP> 4
 0.000000e+00 1.000000e+00 0.000000e+00 0.000000e+00
 0.000000e+00 9.025419e-01 9.745813e-02 0.000000e+00
 0.000000e+00 0.000000e+00 7.790005e-01 2.209995e-01
 0.000000e+00 0.000000e+00 0.000000e+00 0.000000e+00
<ENDHMM>
