~o
<STREAMINFO> 1 142
<VECSIZE> 142<NULLD><USER><DIAGC>
~h "turkey"
<BEGINHMM>
<NUMSTATES> 4
<STATE> 2
<MEAN> 142
 5.084094e-01 3.266223e-01 3.020418e-01 3.154202e-01 3.369395e-01 2.606292e-01 3.987426e-01 3.654926e-01 3.629186e-01 4.160176e-01 4.451463e-01 4.430833e-01 3.828540e-01 4.329550e-01 4.542071e-01 3.769417e-01 4.233992e-01 4.364679e-01 2.597124e-01 3.727425e-01 4.498950e-01 4.760851e-01 3.399391e-01 4.857996e-01 4.985627e-01 3.887010e-01 3.945895e-01 3.738422e-01 4.559992e-01 4.084296e-01 4.549794e-01 3.855758e-01 3.351128e-01 5.136741e-01 4.097206e-01 4.401440e-01 3.948061e-01 4.405435e-01 4.532365e-01 4.835076e-01 4.212306e-01 4.979602e-01 3.092511e-01 3.377188e-01 1.987160e-01 3.619108e-01 4.312990e-01 4.957815e-01 4.493704e-01 2.724037e-01 4.502714e-01 4.875954e-01 4.644931e-01 2.999140e-01 3.945756e-01 3.835731e-01 4.609391e-01 3.116097e-01 3.490670e-01 3.601805e-01 4.521261e-01 4.443943e-01 4.013131e-01 3.663220e-01 4.403422e-01 4.204131e-01 4.946760e-01 4.558347e-01 4.137736e-01 4.392976e-01 4.367825e-01 3.083851e-01 4.202975e-01 4.217046e-01 2.751114e-01 3.671945e-01 4.450937e-01 3.722295e-01 4.894640e-01 4.224265e-01 5.242481e-01 4.079877e-01 5.086287e-01 3.735132e-01 3.861189e-01 3.579713e-01 3.168349e-01 3.915722e-01 4.736425e-01 2.944018e-01 3.163670e-01 2.953896e-01 4.616450e-01 3.396657e-01 3.942094e-01 4.766342e-01 5.355127e-01 3.490361e-01 5.299263e-01 4.358021e-01 4.509050e-01 4.165698e-01 2.761634e-01 3.847603e-01 3.551172e-01 3.100370e-01 3.880203e-01 4.466532e-01 3.650386e-01 4.165099e-01 3.450390e-01 3.416207e-01 3.233043e-01 3.809561e-01 3.763480e-01 3.883359e-01 3.409962e-01 4.371430e-01 4.103099e-01 3.371402e-01 4.137008e-01 4.358245e-01 4.102781e-01 3.535415e-01 4.245226e-01 3.891020e-01 4.246727e-01 4.672692e-01 3.224062e-01 4.137645e-01 4.823104e-01 4.306256e-01 3.582945e-01 5.323988e-01 5.047156e-01 4.603567e-01 4.476549e-01 5.363159e-01 5.197271e-01 4.087196e-01 3.969135e-01 3.919686e-01
<VARIANCE> 142
 2.000000e-01 2.000000e-01 2.000000e-01 2.000000e-01 2.000000e-01 2.000000e-01 2.000000e-01 2.000000e-01 2.000000e-01 2.000000e-01 2.000000e-01 2.000000e-01 2.000000e-01 2.000000e-01 2.000000e-01 2.000000e-01 2.000000e-01 2.000000e-01 2.000000e-01 2.000000e-01 2.000000e-01 2.000000e-01 2.000000e-01 2.000000e-01 2.000000e-01 2.000000e-01 2.000000e-01 2.000000e-01 2.000000e-01 2.000000e-01 2.000000e-01 2.000000e-01 2.000000e-01 2.000000e-01 2.000000e-01 2.000000e-01 2.000000e-01 2.000000e-01 2.000000e-01 2.000000e-01 2.000000e-01 2.000000e-01 2.000000e-01 2.000000e-01 2.000000e-01 2.000000e-01 2.000000e-01 2.000000e-01 2.000000e-01 2.000000e-01 2.000000e-01 2.000000e-01 2.000000e-01 2.000000e-01 2.000000e-01 2.000000e-01 2.000000e-01 2.000000e-01 2.000000e-01 2.000000e-01 2.000000e-01 2.000000e-01 2.000000e-01 2.000000e-01 2.000000e-01 2.000000e-01 2.000000e-01 2.000000e-01 2.000000e-01 2.000000e-01 2.000000e-01 2.000000e-01 2.000000e-01 2.000000e-01 2.000000e-01 2.000000e-01 2.000000e-01 2.000000e-01 2.000000e-01 2.000000e-01 2.000000e-01 2.000000e-01 2.000000e-01 2.000000e-01 2.000000e-01 2.000000e-01 2.000000e-01 2.000000e-01 2.000000e-01 2.000000e-01 2.000000e-01 2.000000e-01 2.000000e-01 2.000000e-01 2.000000e-01 2.000000e-01 2.000000e-01 2.000000e-01 2.000000e-01 2.000000e-01 2.000000e-01 2.000000e-01 2.000000e-01 2.000000e-01 2.000000e-01 2.000000e-01 2.000000e-01 2.000000e-01 2.000000e-01 2.000000e-01 2.000000e-01 2.000000e-01 2.000000e-01 2.000000e-01 2.000000e-01 2.000000e-01 2.000000e-01 2.000000e-01 2.000000e-01 2.000000e-01 2.000000e-01 2.000000e-01 2.000000e-01 2.000000e-01 2.000000e-01 2.000000e-01 2.000000e-01 2.000000e-01 2.000000e-01 2.000000e-01 2.000000e-01 2.000000e-01 2.000000e-01 2.000000e-01 2.000000e-01 2.000000e-01 2.000000e-01 2.000000e-01 2.000000e-01 2.000000e-01 2.000000e-01 2.000000e-01
<GCONST> 3.243863e+01
<STATE> 3
<MEAN> 142
 8.815855e-01 3.720941e-01 4.602890e-01 2.985905e-01 2.582655e-01 3.863845e-01 4.875912e-01 4.017245e-01 3.635179e-01 3.707410e-01 4.587424e-01 4.405450e-01 4.208548e-01 4.828216e-01 2.231127e-01 3.163312e-01 3.838828e-01 4.421580e-01 3.760962e-01 4.743598e-01 5.353082e-01 5.036523e-01 4.527091e-01 4.571069e-01 4.633653e-01 4.416325e-01 4.664438e-01 3.816371e-01 4.021507e-01 3.286791e-01 4.645981e-01 4.946503e-01 5.836877e-01 4.445620e-01 4.684810e-01 3.922390e-01 2.747433e-01 3.049563e-01 3.350822e-01 2.730021e-01 3.063921e-01 4.680741e-01 3.176491e-01 4.768881e-01 2.491923e-01 4.702637e-01 4.381470e-01 4.086711e-01 4.539126e-01 4.150584e-01 5.036403e-01 4.717382e-01 4.510289e-01 2.541304e-01 5.584613e-01 3.618983e-01 5.383772e-01 4.188992e-01 3.718208e-01 2.844146e-01 5.823026e-01 5.043658e-01 3.927065e-01 4.324563e-01 3.510895e-01 5.285192e-01 3.796919e-01 3.922390e-01 4.749177e-01 3.297357e-01 5.164607e-01 5.226157e-01 4.963742e-01 4.877781e-01 4.120409e-01 4.651788e-01 5.025560e-01 4.852057e-01 4.890368e-01 4.556373e-01 4.125838e-01 3.532981e-01 3.984888e-01 5.027807e-01 3.021460e-01 5.096670e-01 3.873250e-01 4.309484e-01 4.592814e-01 3.703323e-01 4.267057e-01 4.210436e-01 4.510161e-01 3.879266e-01 3.892950e-01 4.670246e-01 4.087659e-01 3.673636e-01 3.931276e-01 4.697797e-01 3.727028e-01 5.168890e-01 3.751519e-01 3.399027e-01 3.427627e-01 3.225901e-01 4.463616e-01 3.859844e-01 4.579864e-01 3.800428e-01 4.443727e-01 3.961292e-01 3.078087e-01 3.145054e-01 3.945737e-01 4.343251e-01 4.063536e-01 4.320607e-01 4.527351e-01 4.572436e-01 4.107107e-01 6.092513e-01 5.363892e-01 4.456140e-01 4.775365e-01 4.506561e-01 4.351093e-01 3.599004e-01 3.223656e-01 4.728444e-01 4.218446e-01 3.936651e-01 4.736024e-01 4.693847e-01 3.440931e-01 3.758452e-01 5.590602e-01 3.911398e-01 3.288572e-01 3.736647e-01 4.933214e-01 5.352327e-01
<VARIANCE> 142
 2.000000e-01 2.000000e-01 2.000000e-01 2.000000e-01 2.000000e-01 2.000000e-01 2.000000e-01 2.000000e-01 2.000000e-01 2.000000e-01 2.000000e-01 2.000000e-01 2.000000e-01 2.000000e-01 2.000000e-01 2.000000e-01 2.000000e-01 2.000000e-01 2.000000e-01 2.000000e-01 2.000000e-01 2.000000e-01 2.000000e-01 2.000000e-01 2.000000e-01 2.000000e-01 2.000000e-01 2.000000e-01 2.000000e-01 2.000000e-01 2.000000e-01 2.000000e-01 2.000000e-01 2.000000e-01 2.000000e-01 2.000000e-01 2.000000e-01 2.000000e-01 2.000000e-01 2.000000e-01 2.000000e-01 2.000000e-01 2.000000e-01 2.000000e-01 2.000000e-01 2.000000e-01 2.000000e-01 2.000000e-01 2.000000e-01 2.000000e-01 2.000000e-01 2.000000e-01 2.000000e-01 2.000000e-01 2.000000e-01 2.000000e-01 2.000000e-01 2.000000e-01 2.000000e-01 2.000000e-01 2.000000e-01 2.000000e-01 2.000000e-01 2.000000e-01 2.000000e-01 2.000000e-01 2.000000e-01 2.000000e-01 2.000000e-01 2.000000e-01 2.000000e-01 2.000000e-01 2.000000e-01 2.000000e-01 2.000000e-01 2.000000e-01 2.000000e-01 2.000000e-01 2.000000e-01 2.000000e-01 2.000000e-01 2.000000e-01 2.000000e-01 2.000000e-01 2.000000e-01 2.000000e-01 2.000000e-01 2.000000e-01 2.000000e-01 2.000000e-01 2.000000e-01 2.000000e-01 2.000000e-01 2.000000e-01 2.000000e-01 2.000000e-01 2.000000e-01 2.000000e-01 2.000000e-01 2.000000e-01 2.000000e-01 2.000000e-01 2.000000e-01 2.000000e-01 2.000000e-01 2.000000e-01 2.000000e-01 2.000000e-01 2.000000e-01 2.000000e-01 2.000000e-01 2.000000e-01 2.000000e-01 2.000000e-01 2.000000e-01 2.000000e-01 2.000000e-01 2.000000e-01 2.000000e-01 2.000000e-01 2.000000e-01 2.000000e-01 2.000000e-01 2.000000e-01 2.000000e-01 2.000000e-01 2.000000e-01 2.000000e-01 2.000000e-01 2.000000e-01 2.000000e-01 2.000000e-01 2.000000e-01 2.000000e-01 2.000000e-01 2.000000e-01 2.000000e-01 2.000000e-01 2.000000e-01 2.000000e-01 2.000000e-01 2.000000e-01
<GCONST> 3.243863e+01
<TRANSP> 4
 0.000000e+00 1.000000e+00 0.000000e+00 0.000000e+00
 0.000000e+00 8.931914e-01 1.068086e-01 0.000000e+00
 0.000000e+00 0.000000e+00 7.889165e-01 2.110835e-01
 0.000000e+00 0.000000e+00 0.000000e+00 0.000000e+00
<ENDHMM>
