~o
<STREAMINFO> 1 142
<VECSIZE> 142<NULLD><USER><DIAGC>
~h "twin"
<BEGINHMM>
<NUMSTATES> 4
<STATE> 2
<MEAN> 142
 5.378940e-01 4.490020e-01 3.362807e-01 3.414550e-01 2.665425e-01 2.228770e-01 2.740073e-01 3.024769e-01 3.586956e-01 4.018298e-01 4.294328e-01 4.834266e-01 3.789524e-01 4.422666e-01 3.370503e-01 2.881049e-01 4.704972e-01 5.326459e-01 3.153849e-01 3.150849e-01 3.630466e-01 4.077257e-01 3.295008e-01 4.733402e-01 4.789429e-01 3.699781e-01 4.027837e-01 4.703421e-01 5.234032e-01 4.578708e-01 4.400510e-01 4.275097e-01 3.777494e-01 4.535107e-01 4.395173e-01 4.018074e-01 3.602105e-01 3.854210e-01 4.530599e-01 3.211296e-01 4.517412e-01 5.510945e-01 4.078923e-01 2.665800e-01 2.210497e-01 4.382214e-01 4.094839e-01 3.552130e-01 3.451639e-01 3.636450e-01 4.535928e-01 4.041584e-01 4.198764e-01 3.498328e-01 4.740993e-01 4.768306e-01 3.513361e-01 2.663692e-01 3.218974e-01 2.758439e-01 3.243254e-01 4.517794e-01 4.343952e-01 4.391073e-01 4.391902e-01 4.702190e-01 3.980355e-01 2.974005e-01 3.807360e-01 4.242519e-01 4.182105e-01 3.852153e-01 4.249070e-01 3.739948e-01 2.634524e-01 3.806310e-01 4.084526e-01 4.350989e-01 4.516835e-01 3.898190e-01 5.120146e-01 4.481298e-01 5.104268e-01 3.575864e-01 3.204851e-01 3.643290e-01 4.199250e-01 4.414345e-01 4.356507e-01 3.180751e-01 4.526151e-01 2.753550e-01 4.556330e-01 4.319578e-01 4.486163e-01 4.784358e-01 4.586061e-01 4.057326e-01 4.270218e-01 4.024681e-01 4.026950e-01 4.483079e-01 3.604693e-01 4.434200e-01 2.934867e-01 2.917600e-01 4.222678e-01 4.632770e-01 3.234628e-01 2.771008e-01 4.368487e-01 4.253549e-01 3.304432e-01 3.545555e-01 3.904850e-01 4.460394e-01 4.627329e-01 3.968269e-01 5.224196e-01 4.197012e-01 4.652444e-01 4.968349e-01 4.879260e-01 4.049450e-01 3.373801e-01 4.707369e-01 4.511921e-01 4.733509e-01 5.056292e-01 3.145898e-01 3.310086e-01 4.468792e-01 3.830316e-01 4.338406e-01 4.469669e-01 4.107004e-01 4.198113e-01 4.584047e-01 3.486519e-01 3.841572e-01 4.615743e-01 3.812981e-01
<VARIANCE> 142
 2.000000e-01 2.000000e-01 2.000000e-01 2.000000e-01 2.000000e-01 2.000000e-01 2.000000e-01 2.000000e-01 2.000000e-01 2.000000e-01 2.000000e-01 2.000000e-01 2.000000e-01 2.000000e-01 2.000000e-01 2.000000e-01 2.000000e-01 2.000000e-01 2.000000e-01 2.000000e-01 2.000000e-01 2.000000e-01 2.000000e-01 2.000000e-01 2.000000e-01 2.000000e-01 2.000000e-01 2.000000e-01 2.000000e-01 2.000000e-01 2.000000e-01 2.000000e-01 2.000000e-01 2.000000e-01 2.000000e-01 2.000000e-01 2.000000e-01 2.000000e-01 2.000000e-01 2.000000e-01 2.000000e-01 2.000000e-01 2.000000e-01 2.000000e-01 2.000000e-01 2.000000e-01 2.000000e-01 2.000000e-01 2.000000e-01 2.000000e-01 2.000000e-01 2.000000e-01 2.000000e-01 2.000000e-01 2.000000e-01 2.000000e-01 2.000000e-01 2.000000e-01 2.000000e-01 2.000000e-01 2.000000e-01 2.000000e-01 2.000000e-01 2.000000e-01 2.000000e-01 2.000000e-01 2.000000e-01 2.000000e-01 2.000000e-01 2.000000e-01 2.000000e-01 2.000000e-01 2.000000e-01 2.000000e-01 2.000000e-01 2.000000e-01 2.000000e-01 2.000000e-01 2.000000e-01 2.000000e-01 2.000000e-01 2.000000e-01 2.000000e-01 2.000000e-01 2.000000e-01 2.000000e-01 2.000000e-01 2.000000e-01 2.000000e-01 2.000000e-01 2.000000e-01 2.000000e-01 2.000000e-01 2.000000e-01 2.000000e-01 2.000000e-01 2.000000e-01 2.000000e-01 2.000000e-01 2.000000e-01 2.000000e-01 2.000000e-01 2.000000e-01 2.000000e-01 2.000000e-01 2.000000e-01 2.000000e-01 2.000000e-01 2.000000e-01 2.000000e-01 2.000000e-01 2.000000e-01 2.000000e-01 2.000000e-01 2.000000e-01 2.000000e-01 2.000000e-01 2.000000e-01 2.000000e-01 2.000000e-01 2.000000e-01 2.000000e-01 2.000000e-01 2.000000e-01 2.000000e-01 2.000000e-01 2.000000e-01 2.000000e-01 2.000000e-01 2.000000e-01 2.000000e-01 2.000000e-01 2.000000e-01 2.000000e-01 2.000000e-01 2.000000e-01 2.000000e-01 2.000000e-01 2.000000e-01 2.000000e-01 2.000000e-01 2.000000e-01
<GCONST> 3.243863e+01
<STATE> 3
<MEAN> 142
 6.531174e-01 3.213359e-01 4.316900e-01 4.210269e-01 3.289376e-01 3.976673e-01 3.992976e-01 3.291126e-01 3.447433e-01 4.033455e-01 4.946283e-01 3.468539e-01 3.285173e-01 4.710318e-01 2.616287e-01 3.442258e-01 3.907670e-01 3.732120e-01 3.786461e-01 3.152702e-01 5.004414e-01 5.342122e-01 4.403948e-01 4.590029e-01 4.766785e-01 3.989629e-01 5.179831e-01 3.272915e-01 4.020701e-01 3.225336e-01 5.482040e-01 3.930125e-01 4.835176e-01 4.983055e-01 4.344510e-01 2.951990e-01 4.055194e-01 2.294615e-01 2.823941e-01 3.676327e-01 2.820126e-01 3.891265e-01 3.789981e-01 2.822220e-01 2.634724e-01 3.620054e-01 5.103089e-01 3.694237e-01 4.420485e-01 4.341351e-01 5.181171e-01 3.072357e-01 4.287582e-01 2.572467e-01 4.611793e-01 3.511856e-01 4.680217e-01 3.737288e-01 3.940253e-01 5.203202e-01 4.270810e-01 4.295234e-01 3.164055e-01 3.528753e-01 2.956282e-01 5.083068e-01 2.992636e-01 4.590015e-01 4.706257e-01 3.026404e-01 4.180222e-01 4.599140e-01 4.144938e-01 4.365475e-01 3.153440e-01 3.743322e-01 4.812036e-01 4.194902e-01 4.705742e-01 4.833877e-01 3.813790e-01 3.083605e-01 3.249694e-01 4.727907e-01 3.927839e-01 4.518180e-01 4.174343e-01 4.150633e-01 5.148512e-01 3.871381e-01 2.953396e-01 3.489164e-01 3.812682e-01 2.694839e-01 4.321757e-01 4.005534e-01 3.867078e-01 2.836491e-01 4.027308e-01 4.508042e-01 3.487962e-01 5.138597e-01 3.588449e-01 3.095184e-01 3.667938e-01 2.821058e-01 3.224160e-01 3.550265e-01 4.709448e-01 4.270824e-01 3.855431e-01 3.601814e-01 3.614893e-01 3.200877e-01 3.612646e-01 4.478957e-01 3.836128e-01 4.327155e-01 4.206976e-01 4.895187e-01 3.335524e-01 5.103060e-01 4.159479e-01 3.756697e-01 4.057865e-01 3.819662e-01 4.017411e-01 2.624858e-01 3.272770e-01 4.378523e-01 3.779757e-01 3.746969e-01 2.924823e-01 3.897592e-01 3.572274e-01 3.951608e-01 4.861153e-01 4.037574e-01 3.236606e-01 4.041387e-01 4.414064e-01 4.745849e-01
<VARIANCE> 142
 2.000000e-01 2.000000e-01 2.000000e-01 2.000000e-01 2.000000e-01 2.000000e-01 2.000000e-01 2.000000e-01 2.000000e-01 2.000000e-01 2.000000e-01 2.000000e-01 2.000000e-01 2.000000e-01 2.000000e-01 2.000000e-01 2.000000e-01 2.000000e-01 2.000000e-01 2.000000e-01 2.000000e-01 2.000000e-01 2.000000e-01 2.000000e-01 2.000000e-01 2.000000e-01 2.000000e-01 2.000000e-01 2.000000e-01 2.000000e-01 2.000000e-01 2.000000e-01 2.000000e-01 2.000000e-01 2.000000e-01 2.000000e-01 2.000000e-01 2.000000e-01 2.000000e-01 2.000000e-01 2.000000e-01 2.000000e-01 2.000000e-01 2.000000e-01 2.000000e-01 2.000000e-01 2.000000e-01 2.000000e-01 2.000000e-01 2.000000e-01 2.000000e-01 2.000000e-01 2.000000e-01 2.000000e-01 2.000000e-01 2.000000e-01 2.000000e-01 2.000000e-01 2.000000e-01 2.000000e-01 2.000000e-01 2.000000e-01 2.000000e-01 2.000000e-01 2.000000e-01 2.000000e-01 2.000000e-01 2.000000e-01 2.000000e-01 2.000000e-01 2.000000e-01 2.000000e-01 2.000000e-01 2.000000e-01 2.000000e-01 2.000000e-01 2.000000e-01 2.000000e-01 2.000000e-01 2.000000e-01 2.000000e-01 2.000000e-01 2.000000e-01 2.000000e-01 2.000000e-01 2.000000e-01 2.000000e-01 2.000000e-01 2.000000e-01 2.000000e-01 2.000000e-01 2.000000e-01 2.000000e-01 2.000000e-01 2.000000e-01 2.000000e-01 2.000000e-01 2.000000e-01 2.000000e-01 2.000000e-01 2.000000e-01 2.000000e-01 2.000000e-01 2.000000e-01 2.000000e-01 2.000000e-01 2.000000e-01 2.000000e-01 2.000000e-01 2.000000e-01 2.000000e-01 2.000000e-01 2.000000e-01 2.000000e-01 2.000000e-01 2.000000e-01 2.000000e-01 2.000000e-01 2.000000e-01 2.000000e-01 2.000000e-01 2.000000e-01 2.000000e-01 2.000000e-01 2.000000e-01 2.000000e-01 2.000000e-01 2.000000e-01 2.000000e-01 2.000000e-01 2.000000e-01 2.000000e-01 2.000000e-01 2.000000e-01 2.000000e-01 2.000000e-01 2.000000e-01 2.000000e-01 2.000000e-01 2.000000e-01 2.000000e-01 2.000000e-01
<GCONST> 3.243863e+01
<TRANSP> 4
 0.000000e+00 1.000000e+00 0.000000e+00 0.000000e+00
 0.000000e+00 8.882053e-01 1.117947e-01 0.000000e+00
 0.000000e+00 0.000000e+00 8.102221e-01 1.897779e-01
 0.000000e+00 0.000000e+00 0.000000e+00 0.000000e+00
<ENDHMM>
