~o
<STREAMINFO> 1 142
<VECSIZE> 142<NULLD><USER><DIAGC>
~h "uncle"
<BEGINHMM>
<NUMSTATES> 4
<STATE> 2
<MEAN> 142
 5.979894e-01 3.274923e-01 2.829026e-01 3.095291e-01 2.960733e-01 1.727426e-01 3.060862e-01 3.672479e-01 3.640728e-01 4.466002e-01 4.562521e-01 3.696003e-01 3.639824e-01 4.471461e-01 3.310878e-01 3.412821e-01 3.953455e-01 3.847639e-01 2.323801e-01 3.789461e-01 4.200539e-01 4.878512e-01 3.783965e-01 4.804142e-01 4.795201e-01 3.811625e-01 3.844176e-01 2.811797e-01 4.418635e-01 2.824820e-01 4.187287e-01 4.312955e-01 3.321394e-01 5.425171e-01 4.223185e-01 3.613974e-01 3.346864e-01 3.361448e-01 4.178361e-01 2.906749e-01 3.138870e-01 5.065029e-01 3.018201e-01 2.954484e-01 9.054074e-02 3.559132e-01 4.667012e-01 4.503552e-01 4.182819e-01 2.840102e-01 4.318936e-01 4.472758e-01 4.391727e-01 2.523877e-01 3.901733e-01 3.012276e-01 4.114628e-01 2.761384e-01 3.174878e-01 2.628710e-01 3.388923e-01 4.618789e-01 4.586117e-01 3.951778e-01 3.798023e-01 4.418189e-01 4.073144e-01 3.815314e-01 3.562340e-01 3.756450e-01 3.869891e-01 3.053429e-01 3.876490e-01 3.802980e-01 2.363710e-01 3.323387e-01 4.206074e-01 3.866072e-01 5.137603e-01 4.620962e-01 4.035205e-01 4.131668e-01 3.647190e-01 3.819733e-01 2.885299e-01 3.524934e-01 3.870983e-01 4.084064e-01 4.600752e-01 1.886745e-01 2.634086e-01 1.996836e-01 3.067792e-01 2.590019e-01 4.192643e-01 4.233754e-01 4.243229e-01 2.969236e-01 5.253423e-01 4.839707e-01 3.925066e-01 4.885053e-01 2.774400e-01 3.273871e-01 2.895156e-01 4.073403e-01 3.708838e-01 3.884695e-01 3.388610e-01 3.741340e-01 2.971866e-01 2.486792e-01 2.874842e-01 4.121878e-01 2.662742e-01 3.715073e-01 2.825440e-01 4.874101e-01 3.616457e-01 4.329013e-01 4.443542e-01 4.640337e-01 4.160441e-01 2.136745e-01 4.547900e-01 3.577134e-01 2.973199e-01 3.620024e-01 2.731890e-01 4.086898e-01 3.841000e-01 3.455711e-01 2.466438e-01 4.417918e-01 3.767101e-01 4.655398e-01 3.624793e-01 4.041155e-01 3.349566e-01 4.344800e-01 4.901450e-01 3.997752e-01
<VARIANCE> 142
 2.000000e-01 2.000000e-01 2.000000e-01 2.000000e-01 2.000000e-01 2.000000e-01 2.000000e-01 2.000000e-01 2.000000e-01 2.000000e-01 2.000000e-01 2.000000e-01 2.000000e-01 2.000000e-01 2.000000e-01 2.000000e-01 2.000000e-01 2.000000e-01 2.000000e-01 2.000000e-01 2.000000e-01 2.000000e-01 2.000000e-01 2.000000e-01 2.000000e-01 2.000000e-01 2.000000e-01 2.000000e-01 2.000000e-01 2.000000e-01 2.000000e-01 2.000000e-01 2.000000e-01 2.000000e-01 2.000000e-01 2.000000e-01 2.000000e-01 2.000000e-01 2.000000e-01 2.000000e-01 2.000000e-01 2.000000e-01 2.000000e-01 2.000000e-01 2.000000e-01 2.000000e-01 2.000000e-01 2.000000e-01 2.000000e-01 2.000000e-01 2.000000e-01 2.000000e-01 2.000000e-01 2.000000e-01 2.000000e-01 2.000000e-01 2.000000e-01 2.000000e-01 2.000000e-01 2.000000e-01 2.000000e-01 2.000000e-01 2.000000e-01 2.000000e-01 2.000000e-01 2.000000e-01 2.000000e-01 2.000000e-01 2.000000e-01 2.000000e-01 2.000000e-01 2.000000e-01 2.000000e-01 2.000000e-01 2.000000e-01 2.000000e-01 2.000000e-01 2.000000e-01 2.000000e-01 2.000000e-01 2.000000e-01 2.000000e-01 2.000000e-01 2.000000e-01 2.000000e-01 2.000000e-01 2.000000e-01 2.000000e-01 2.000000e-01 2.000000e-01 2.000000e-01 2.000000e-01 2.000000e-01 2.000000e-01 2.000000e-01 2.000000e-01 2.000000e-01 2.000000e-01 2.000000e-01 2.000000e-01 2.000000e-01 2.000000e-01 2.000000e-01 2.000000e-01 2.000000e-01 2.000000e-01 2.000000e-01 2.000000e-01 2.000000e-01 2.000000e-01 2.000000e-01 2.000000e-01 2.000000e-01 2.000000e-01 2.000000e-01 2.000000e-01 2.000000e-01 2.000000e-01 2.000000e-01 2.000000e-01 2.000000e-01 2.000000e-01 2.000000e-01 2.000000e-01 2.000000e-01 2.000000e-01 2.000000e-01 2.000000e-01 2.000000e-01 2.000000e-01 2.000000e-01 2.000000e-01 2.000000e-01 2.000000e-01 2.000000e-01 2.000000e-01 2.000000e-01 2.000000e-01 2.000000e-01 2.000000e-01 2.000000e-01 2.000000e-01
<GCONST> 3.243863e+01
<STATE> 3
<MEAN> 142
 5.805575e-01 2.950947e-01 2.217682e-01 2.864038e-01 2.487193e-01 3.171776e-01 3.321102e-01 3.811571e-01 3.645576e-01 4.096121e-01 3.476358e-01 4.460040e-01 3.667077e-01 3.977289e-01 4.466470e-01 3.491019e-01 5.331304e-01 4.633302e-01 2.482758e-01 3.659902e-01 4.032156e-01 3.816096e-01 3.497161e-01 4.044147e-01 4.188714e-01 4.043505e-01 3.657075e-01 3.989499e-01 4.534844e-01 4.300732e-01 5.324633e-01 3.782296e-01 3.485740e-01 4.827178e-01 4.324777e-01 4.003309e-01 3.105286e-01 4.247880e-01 3.939248e-01 4.585309e-01 3.765923e-01 4.739878e-01 2.946204e-01 3.412565e-01 2.453410e-01 3.524595e-01 3.330218e-01 4.398101e-01 3.652263e-01 2.662925e-01 4.338447e-01 4.571896e-01 4.828266e-01 3.210864e-01 4.228202e-01 3.598976e-01 3.708468e-01 2.895975e-01 3.635915e-01 3.022305e-01 3.992994e-01 4.044054e-01 3.723364e-01 4.117070e-01 3.983480e-01 4.144464e-01 4.803838e-01 3.876498e-01 3.760839e-01 4.507366e-01 4.198659e-01 3.774743e-01 4.166478e-01 3.858624e-01 2.405836e-01 3.645065e-01 3.665598e-01 2.710434e-01 4.850568e-01 3.502342e-01 4.665727e-01 3.508375e-01 4.755099e-01 3.432341e-01 3.805345e-01 3.716784e-01 4.044008e-01 3.888075e-01 4.781410e-01 3.877759e-01 3.504610e-01 3.867742e-01 4.188075e-01 3.421607e-01 3.677406e-01 4.760406e-01 4.561096e-01 3.497109e-01 4.405534e-01 4.240406e-01 3.908781e-01 3.883030e-01 2.930111e-01 3.404497e-01 3.018531e-01 3.039110e-01 3.649881e-01 4.151668e-01 3.114443e-01 3.659871e-01 3.555911e-01 3.691385e-01 3.109882e-01 3.194126e-01 3.201528e-01 3.786763e-01 3.556841e-01 3.406991e-01 3.974023e-01 3.554575e-01 3.307074e-01 4.042479e-01 3.331980e-01 4.447892e-01 3.879722e-01 3.602643e-01 3.927437e-01 3.849381e-01 3.345181e-01 3.786349e-01 3.892402e-01 3.563757e-01 3.527626e-01 3.900267e-01 4.105145e-01 3.393401e-01 4.902565e-01 4.375000e-01 4.390337e-01 3.252981e-01 3.893126e-01 3.972360e-01
<VARIANCE> 142
 2.000000e-01 2.000000e-01 2.000000e-01 2.000000e-01 2.000000e-01 2.000000e-01 2.000000e-01 2.000000e-01 2.000000e-01 2.000000e-01 2.000000e-01 2.000000e-01 2.000000e-01 2.000000e-01 2.000000e-01 2.000000e-01 2.000000e-01 2.000000e-01 2.000000e-01 2.000000e-01 2.000000e-01 2.000000e-01 2.000000e-01 2.000000e-01 2.000000e-01 2.000000e-01 2.000000e-01 2.000000e-01 2.000000e-01 2.000000e-01 2.000000e-01 2.000000e-01 2.000000e-01 2.000000e-01 2.000000e-01 2.000000e-01 2.000000e-01 2.000000e-01 2.000000e-01 2.000000e-01 2.000000e-01 2.000000e-01 2.000000e-01 2.000000e-01 2.000000e-01 2.000000e-01 2.000000e-01 2.000000e-01 2.000000e-01 2.000000e-01 2.000000e-01 2.000000e-01 2.000000e-01 2.000000e-01 2.000000e-01 2.000000e-01 2.000000e-01 2.000000e-01 2.000000e-01 2.000000e-01 2.000000e-01 2.000000e-01 2.000000e-01 2.000000e-01 2.000000e-01 2.000000e-01 2.000000e-01 2.000000e-01 2.000000e-01 2.000000e-01 2.000000e-01 2.000000e-01 2.000000e-01 2.000000e-01 2.000000e-01 2.000000e-01 2.000000e-01 2.000000e-01 2.000000e-01 2.000000e-01 2.000000e-01 2.000000e-01 2.000000e-01 2.000000e-01 2.000000e-01 2.000000e-01 2.000000e-01 2.000000e-01 2.000000e-01 2.000000e-01 2.000000e-01 2.000000e-01 2.000000e-01 2.000000e-01 2.000000e-01 2.000000e-01 2.000000e-01 2.000000e-01 2.000000e-01 2.000000e-01 2.000000e-01 2.000000e-01 2.000000e-01 2.000000e-01 2.000000e-01 2.000000e-01 2.000000e-01 2.000000e-01 2.000000e-01 2.000000e-01 2.000000e-01 2.000000e-01 2.000000e-01 2.000000e-01 2.000000e-01 2.000000e-01 2.000000e-01 2.000000e-01 2.000000e-01 2.000000e-01 2.000000e-01 2.000000e-01 2.000000e-01 2.000000e-01 2.000000e-01 2.000000e-01 2.000000e-01 2.000000e-01 2.000000e-01 2.000000e-01 2.000000e-01 2.000000e-01 2.000000e-01 2.000000e-01 2.000000e-01 2.000000e-01 2.000000e-01 2.000000e-01 2.000000e-01 2.000000e-01 2.000000e-01 2.000000e-01
<GCONST> 3.243863e+01
<TRANSP> 4
 0.000000e+00 1.000000e+00 0.000000e+00 0.000000e+00
 0.000000e+00 8.549525e-01 1.450475e-01 0.000000e+00
 0.000000e+00 0.000000e+00 8.713391e-01 1.286608e-01
 0.000000e+00 0.000000e+00 0.000000e+00 0.000000e+00
<ENDHMM>
