~o
<STREAMINFO> 1 142
<VECSIZE> 142<NULLD><USER><DIAGC>
~h "understand"
<BEGINHMM>
<NUMSTATES> 4
<STATE> 2
<MEAN> 142
 6.138016e-01 3.064595e-01 3.972747e-01 3.324813e-01 3.108022e-01 4.824594e-01 4.555936e-01 3.676285e-01 4.051416e-01 3.937857e-01 4.771987e-01 4.361229e-01 4.282086e-01 5.013028e-01 3.392153e-01 3.655936e-01 3.708171e-01 3.618948e-01 3.913238e-01 4.463291e-01 5.595774e-01 4.958964e-01 4.701849e-01 4.325274e-01 4.900064e-01 4.126844e-01 4.235551e-01 3.492554e-01 3.807045e-01 3.859699e-01 4.697562e-01 3.944626e-01 4.207651e-01 4.999358e-01 3.940516e-01 3.717968e-01 3.525761e-01 3.675743e-01 3.680399e-01 4.109003e-01 3.623542e-01 3.860841e-01 3.407603e-01 4.306452e-01 2.560362e-01 3.858864e-01 4.446281e-01 4.942743e-01 4.743778e-01 3.969173e-01 5.573409e-01 4.316895e-01 4.403575e-01 2.804821e-01 4.377068e-01 3.349457e-01 4.844276e-01 4.532085e-01 3.928940e-01 3.968284e-01 4.915732e-01 4.195480e-01 3.664768e-01 4.071691e-01 3.938886e-01 4.395206e-01 4.256533e-01 4.778491e-01 4.471147e-01 4.222267e-01 4.991581e-01 4.616276e-01 3.919857e-01 4.422381e-01 3.880365e-01 3.984247e-01 4.366329e-01 4.140092e-01 5.022022e-01 4.677860e-01 4.171542e-01 3.509677e-01 3.700809e-01 4.550547e-01 4.120757e-01 4.302375e-01 3.985955e-01 4.422449e-01 4.852996e-01 3.971894e-01 3.589326e-01 3.386833e-01 4.157022e-01 3.621005e-01 3.787235e-01 4.703433e-01 3.965567e-01 3.211429e-01 4.542185e-01 5.025715e-01 3.951932e-01 4.817916e-01 3.499288e-01 3.708711e-01 3.753406e-01 3.126202e-01 4.147489e-01 3.915395e-01 4.260874e-01 4.665497e-01 3.807050e-01 3.710997e-01 3.633049e-01 3.447358e-01 3.440913e-01 4.167112e-01 3.856485e-01 4.078811e-01 4.021679e-01 4.582985e-01 3.958236e-01 4.700865e-01 3.852818e-01 4.028940e-01 5.319572e-01 3.484653e-01 3.989911e-01 3.483278e-01 3.447963e-01 4.972310e-01 4.601552e-01 3.873256e-01 3.838657e-01 4.040291e-01 3.850069e-01 4.085547e-01 4.923207e-01 4.284002e-01 4.454232e-01 3.936285e-01 3.852367e-01 4.734356e-01
<VARIANCE> 142
 2.000000e-01 2.000000e-01 2.000000e-01 2.000000e-01 2.000000e-01 2.000000e-01 2.000000e-01 2.000000e-01 2.000000e-01 2.000000e-01 2.000000e-01 2.000000e-01 2.000000e-01 2.000000e-01 2.000000e-01 2.000000e-01 2.000000e-01 2.000000e-01 2.000000e-01 2.000000e-01 2.000000e-01 2.000000e-01 2.000000e-01 2.000000e-01 2.000000e-01 2.000000e-01 2.000000e-01 2.000000e-01 2.000000e-01 2.000000e-01 2.000000e-01 2.000000e-01 2.000000e-01 2.000000e-01 2.000000e-01 2.000000e-01 2.000000e-01 2.000000e-01 2.000000e-01 2.000000e-01 2.000000e-01 2.000000e-01 2.000000e-01 2.000000e-01 2.000000e-01 2.000000e-01 2.000000e-01 2.000000e-01 2.000000e-01 2.000000e-01 2.000000e-01 2.000000e-01 2.000000e-01 2.000000e-01 2.000000e-01 2.000000e-01 2.000000e-01 2.000000e-01 2.000000e-01 2.000000e-01 2.000000e-01 2.000000e-01 2.000000e-01 2.000000e-01 2.000000e-01 2.000000e-01 2.000000e-01 2.000000e-01 2.000000e-01 2.000000e-01 2.000000e-01 2.000000e-01 2.000000e-01 2.000000e-01 2.000000e-01 2.000000e-01 2.000000e-01 2.000000e-01 2.000000e-01 2.000000e-01 2.000000e-01 2.000000e-01 2.000000e-01 2.000000e-01 2.000000e-01 2.000000e-01 2.000000e-01 2.000000e-01 2.000000e-01 2.000000e-01 2.000000e-01 2.000000e-01 2.000000e-01 2.000000e-01 2.000000e-01 2.000000e-01 2.000000e-01 2.000000e-01 2.000000e-01 2.000000e-01 2.000000e-01 2.000000e-01 2.000000e-01 2.000000e-01 2.000000e-01 2.000000e-01 2.000000e-01 2.000000e-01 2.000000e-01 2.000000e-01 2.000000e-01 2.000000e-01 2.000000e-01 2.000000e-01 2.000000e-01 2.000000e-01 2.000000e-01 2.000000e-01 2.000000e-01 2.000000e-01 2.000000e-01 2.000000e-01 2.000000e-01 2.000000e-01 2.000000e-01 2.000000e-01 2.000000e-01 2.000000e-01 2.000000e-01 2.000000e-01 2.000000e-01 2.000000e-01 2.000000e-01 2.000000e-01 2.000000e-01 2.000000e-01 2.000000e-01 2.000000e-01 2.000000e-01 2.000000e-01 2.000000e-01 2.000000e-01
<GCONST> 3.243863e+01
<STATE> 3
<MEAN> 142
 5.395459e-01 3.948071e-01 3.236298e-01 3.164760e-01 3.172950e-01 2.645707e-01 3.043168e-01 2.963308e-01 3.716307e-01 4.310564e-01 4.033591e-01 4.340983e-01 4.108479e-01 4.661012e-01 4.204951e-01 3.455011e-01 4.187716e-01 4.108566e-01 2.796265e-01 3.541126e-01 4.103606e-01 3.979535e-01 3.258580e-01 4.254075e-01 4.687728e-01 3.768637e-01 3.595466e-01 4.653778e-01 4.593498e-01 4.342766e-01 4.579946e-01 3.917200e-01 3.037021e-01 4.363815e-01 4.323636e-01 4.141394e-01 3.856584e-01 4.474647e-01 4.203177e-01 3.453739e-01 4.844387e-01 4.738016e-01 3.360049e-01 2.997582e-01 2.072369e-01 3.838865e-01 4.056859e-01 4.450908e-01 4.362319e-01 3.290138e-01 4.837992e-01 4.570770e-01 4.693333e-01 3.051577e-01 4.145622e-01 3.785708e-01 3.775334e-01 2.985119e-01 3.388763e-01 2.785931e-01 3.823203e-01 4.128843e-01 4.026151e-01 4.263310e-01 4.568737e-01 4.071335e-01 4.752961e-01 3.342551e-01 3.533894e-01 4.654107e-01 4.319800e-01 3.332668e-01 4.158295e-01 3.759489e-01 2.544065e-01 3.744433e-01 3.820722e-01 4.252630e-01 4.663865e-01 4.082875e-01 5.046492e-01 4.325548e-01 4.600627e-01 3.654792e-01 3.411525e-01 3.504468e-01 3.782586e-01 4.316421e-01 4.388762e-01 3.170403e-01 3.824767e-01 2.719511e-01 4.421338e-01 3.856907e-01 4.358492e-01 4.785993e-01 4.453052e-01 4.041173e-01 4.767805e-01 3.952531e-01 4.317880e-01 3.882505e-01 3.206877e-01 4.067098e-01 3.425385e-01 2.958657e-01 4.339125e-01 4.651330e-01 3.673685e-01 3.434314e-01 3.780617e-01 3.958473e-01 2.929573e-01 3.991163e-01 3.571565e-01 3.830628e-01 3.779108e-01 4.074857e-01 4.530435e-01 3.420244e-01 4.547882e-01 4.079676e-01 4.115751e-01 3.599604e-01 3.415390e-01 3.832509e-01 4.368614e-01 4.551088e-01 4.625388e-01 3.400096e-01 3.679762e-01 4.605704e-01 3.994314e-01 4.412229e-01 4.908011e-01 4.635201e-01 3.925098e-01 5.120510e-01 4.277437e-01 3.874108e-01 4.327349e-01 4.221341e-01
<VARIANCE> 142
 2.000000e-01 2.000000e-01 2.000000e-01 2.000000e-01 2.000000e-01 2.000000e-01 2.000000e-01 2.000000e-01 2.000000e-01 2.000000e-01 2.000000e-01 2.000000e-01 2.000000e-01 2.000000e-01 2.000000e-01 2.000000e-01 2.000000e-01 2.000000e-01 2.000000e-01 2.000000e-01 2.000000e-01 2.000000e-01 2.000000e-01 2.000000e-01 2.000000e-01 2.000000e-01 2.000000e-01 2.000000e-01 2.000000e-01 2.000000e-01 2.000000e-01 2.000000e-01 2.000000e-01 2.000000e-01 2.000000e-01 2.000000e-01 2.000000e-01 2.000000e-01 2.000000e-01 2.000000e-01 2.000000e-01 2.000000e-01 2.000000e-01 2.000000e-01 2.000000e-01 2.000000e-01 2.000000e-01 2.000000e-01 2.000000e-01 2.000000e-01 2.000000e-01 2.000000e-01 2.000000e-01 2.000000e-01 2.000000e-01 2.000000e-01 2.000000e-01 2.000000e-01 2.000000e-01 2.000000e-01 2.000000e-01 2.000000e-01 2.000000e-01 2.000000e-01 2.000000e-01 2.000000e-01 2.000000e-01 2.000000e-01 2.000000e-01 2.000000e-01 2.000000e-01 2.000000e-01 2.000000e-01 2.000000e-01 2.000000e-01 2.000000e-01 2.000000e-01 2.000000e-01 2.000000e-01 2.000000e-01 2.000000e-01 2.000000e-01 2.000000e-01 2.000000e-01 2.000000e-01 2.000000e-01 2.000000e-01 2.000000e-01 2.000000e-01 2.000000e-01 2.000000e-01 2.000000e-01 2.000000e-01 2.000000e-01 2.000000e-01 2.000000e-01 2.000000e-01 2.000000e-01 2.000000e-01 2.000000e-01 2.000000e-01 2.000000e-01 2.000000e-01 2.000000e-01 2.000000e-01 2.000000e-01 2.000000e-01 2.000000e-01 2.000000e-01 2.000000e-01 2.000000e-01 2.000000e-01 2.000000e-01 2.000000e-01 2.000000e-01 2.000000e-01 2.000000e-01 2.000000e-01 2.000000e-01 2.000000e-01 2.000000e-01 2.000000e-01 2.000000e-01 2.000000e-01 2.000000e-01 2.000000e-01 2.000000e-01 2.000000e-01 2.000000e-01 2.000000e-01 2.000000e-01 2.000000e-01 2.000000e-01 2.000000e-01 2.000000e-01 2.000000e-01 2.000000e-01 2.000000e-01 2.000000e-01 2.000000e-01 2.000000e-01 2.000000e-01
<GCONST> 3.243863e+01
<TRANSP> 4
 0.000000e+00 1.000000e+00 0.000000e+00 0.000000e+00
 0.000000e+00 8.533140e-01 1.466860e-01 0.000000e+00
 0.000000e+00 0.000000e+00 8.663588e-01 1.336413e-01
 0.000000e+00 0.000000e+00 0.000000e+00 0.000000e+00
<ENDHMM>
