~o
<STREAMINFO> 1 142
<VECSIZE> 142<NULLD><USER><DIAGC>
~h "upset"
<BEGINHMM>
<NUMSTATES> 4
<STATE> 2
<MEAN> 142
 4.876804e-01 3.869247e-01 2.885637e-01 3.981069e-01 3.250064e-01 2.033782e-01 2.815575e-01 2.699763e-01 3.332695e-01 4.585571e-01 3.869762e-01 3.908730e-01 2.954338e-01 4.108252e-01 3.249560e-01 3.365543e-01 4.657834e-01 3.594376e-01 2.650462e-01 2.587495e-01 4.296708e-01 4.536469e-01 3.218633e-01 4.911369e-01 4.580037e-01 3.256244e-01 4.253045e-01 4.032693e-01 4.506250e-01 3.784144e-01 4.407293e-01 4.312112e-01 3.424268e-01 5.282952e-01 4.396749e-01 4.116861e-01 3.650427e-01 3.425943e-01 4.526871e-01 2.686037e-01 4.135299e-01 5.310662e-01 3.909971e-01 2.671006e-01 2.026460e-01 3.825951e-01 4.118866e-01 3.255891e-01 3.830748e-01 2.952340e-01 4.928312e-01 3.187758e-01 3.709265e-01 2.974418e-01 4.134279e-01 4.000818e-01 3.135693e-01 2.537183e-01 2.967701e-01 3.041495e-01 3.257226e-01 4.531305e-01 3.760057e-01 4.399457e-01 3.903925e-01 4.538042e-01 3.284997e-01 2.866041e-01 3.586292e-01 3.951568e-01 3.707209e-01 3.308792e-01 4.102697e-01 3.460706e-01 1.989611e-01 2.949142e-01 3.890935e-01 3.771127e-01 4.697497e-01 4.529623e-01 4.805698e-01 4.032460e-01 4.405926e-01 3.835739e-01 2.835903e-01 3.527902e-01 3.608747e-01 3.775338e-01 4.770766e-01 3.337283e-01 3.593029e-01 2.817824e-01 3.815005e-01 3.481429e-01 4.443578e-01 4.088561e-01 4.061136e-01 3.491052e-01 4.870236e-01 3.735841e-01 3.916199e-01 4.437930e-01 3.069946e-01 4.135615e-01 2.925818e-01 2.819786e-01 3.256861e-01 4.012661e-01 2.858803e-01 3.042713e-01 3.779122e-01 3.768185e-01 3.242053e-01 4.090724e-01 3.432928e-01 3.402571e-01 4.164927e-01 4.375775e-01 4.083411e-01 3.200064e-01 4.320244e-01 4.232741e-01 3.928879e-01 3.425172e-01 3.026232e-01 4.341858e-01 3.988120e-01 4.080162e-01 4.310273e-01 3.182339e-01 2.939707e-01 4.280236e-01 3.152008e-01 3.604778e-01 4.044251e-01 4.396171e-01 3.818706e-01 4.125011e-01 3.596058e-01 4.283751e-01 4.902536e-01 3.473786e-01
<VARIANCE> 142
 2.000000e-01 2.000000e-01 2.000000e-01 2.000000e-01 2.000000e-01 2.000000e-01 2.000000e-01 2.000000e-01 2.000000e-01 2.000000e-01 2.000000e-01 2.000000e-01 2.000000e-01 2.000000e-01 2.000000e-01 2.000000e-01 2.000000e-01 2.000000e-01 2.000000e-01 2.000000e-01 2.000000e-01 2.000000e-01 2.000000e-01 2.000000e-01 2.000000e-01 2.000000e-01 2.000000e-01 2.000000e-01 2.000000e-01 2.000000e-01 2.000000e-01 2.000000e-01 2.000000e-01 2.000000e-01 2.000000e-01 2.000000e-01 2.000000e-01 2.000000e-01 2.000000e-01 2.000000e-01 2.000000e-01 2.000000e-01 2.000000e-01 2.000000e-01 2.000000e-01 2.000000e-01 2.000000e-01 2.000000e-01 2.000000e-01 2.000000e-01 2.000000e-01 2.000000e-01 2.000000e-01 2.000000e-01 2.000000e-01 2.000000e-01 2.000000e-01 2.000000e-01 2.000000e-01 2.000000e-01 2.000000e-01 2.000000e-01 2.000000e-01 2.000000e-01 2.000000e-01 2.000000e-01 2.000000e-01 2.000000e-01 2.000000e-01 2.000000e-01 2.000000e-01 2.000000e-01 2.000000e-01 2.000000e-01 2.000000e-01 2.000000e-01 2.000000e-01 2.000000e-01 2.000000e-01 2.000000e-01 2.000000e-01 2.000000e-01 2.000000e-01 2.000000e-01 2.000000e-01 2.000000e-01 2.000000e-01 2.000000e-01 2.000000e-01 2.000000e-01 2.000000e-01 2.000000e-01 2.000000e-01 2.000000e-01 2.000000e-01 2.000000e-01 2.000000e-01 2.000000e-01 2.000000e-01 2.000000e-01 2.000000e-01 2.000000e-01 2.000000e-01 2.000000e-01 2.000000e-01 2.000000e-01 2.000000e-01 2.000000e-01 2.000000e-01 2.000000e-01 2.000000e-01 2.000000e-01 2.000000e-01 2.000000e-01 2.000000e-01 2.000000e-01 2.000000e-01 2.000000e-01 2.000000e-01 2.000000e-01 2.000000e-01 2.000000e-01 2.000000e-01 2.000000e-01 2.000000e-01 2.000000e-01 2.000000e-01 2.000000e-01 2.000000e-01 2.000000e-01 2.000000e-01 2.000000e-01 2.000000e-01 2.000000e-01 2.000000e-01 2.000000e-01 2.000000e-01 2.000000e-01 2.000000e-01 2.000000e-01 2.000000e-01 2.000000e-01
<GCONST> 3.243863e+01
<STATE> 3
<MEAN> 142
 8.236090e-01 3.329560e-01 3.979139e-01 3.109859e-01 2.065347e-01 3.777817e-01 3.746616e-01 3.605793e-01 3.201667e-01 3.805132e-01 4.468703e-01 4.104631e-01 3.523931e-01 4.784477e-01 2.176328e-01 3.393847e-01 3.884865e-01 3.680745e-01 3.524888e-01 4.151998e-01 5.168467e-01 4.902477e-01 4.195189e-01 4.638516e-01 4.439663e-01 4.236983e-01 4.428747e-01 3.450401e-01 3.765275e-01 2.815264e-01 4.721561e-01 4.680761e-01 4.588259e-01 4.353044e-01 4.215676e-01 3.543833e-01 2.672328e-01 2.491726e-01 3.075781e-01 2.566530e-01 2.581868e-01 4.221852e-01 2.760868e-01 4.205222e-01 2.017115e-01 4.035753e-01 4.317342e-01 3.620980e-01 4.090762e-01 3.527477e-01 4.552704e-01 3.832909e-01 4.209614e-01 2.304756e-01 5.080843e-01 3.435555e-01 4.612975e-01 3.841061e-01 3.694226e-01 2.740798e-01 4.583169e-01 4.199654e-01 3.487791e-01 3.824288e-01 3.248765e-01 4.526181e-01 3.251579e-01 3.835611e-01 4.391923e-01 3.176764e-01 4.988585e-01 5.179657e-01 4.539715e-01 4.375914e-01 3.785437e-01 3.576187e-01 4.907772e-01 4.386128e-01 4.465751e-01 4.244214e-01 3.632825e-01 3.523951e-01 3.295572e-01 4.702107e-01 2.949836e-01 5.151483e-01 3.967123e-01 4.119264e-01 4.546959e-01 3.191307e-01 3.382605e-01 3.761458e-01 3.655719e-01 3.256436e-01 3.686781e-01 4.582469e-01 3.772638e-01 2.886027e-01 3.659082e-01 4.301967e-01 3.343043e-01 5.095364e-01 3.549175e-01 2.819827e-01 3.015538e-01 2.957364e-01 3.637905e-01 3.184607e-01 4.014687e-01 4.026466e-01 3.753519e-01 3.497985e-01 2.673372e-01 2.763337e-01 3.303470e-01 3.845398e-01 3.845054e-01 3.889721e-01 4.007546e-01 4.288417e-01 3.956656e-01 5.330715e-01 4.659335e-01 3.899359e-01 4.704277e-01 4.008671e-01 3.717976e-01 2.833128e-01 3.061420e-01 4.547618e-01 3.846915e-01 3.916564e-01 4.144521e-01 3.944147e-01 3.080045e-01 3.834329e-01 4.689970e-01 3.410725e-01 3.060742e-01 3.572274e-01 4.478252e-01 5.026932e-01
<VARIANCE> 142
 2.000000e-01 2.000000e-01 2.000000e-01 2.000000e-01 2.000000e-01 2.000000e-01 2.000000e-01 2.000000e-01 2.000000e-01 2.000000e-01 2.000000e-01 2.000000e-01 2.000000e-01 2.000000e-01 2.000000e-01 2.000000e-01 2.000000e-01 2.000000e-01 2.000000e-01 2.000000e-01 2.000000e-01 2.000000e-01 2.000000e-01 2.000000e-01 2.000000e-01 2.000000e-01 2.000000e-01 2.000000e-01 2.000000e-01 2.000000e-01 2.000000e-01 2.000000e-01 2.000000e-01 2.000000e-01 2.000000e-01 2.000000e-01 2.000000e-01 2.000000e-01 2.000000e-01 2.000000e-01 2.000000e-01 2.000000e-01 2.000000e-01 2.000000e-01 2.000000e-01 2.000000e-01 2.000000e-01 2.000000e-01 2.000000e-01 2.000000e-01 2.000000e-01 2.000000e-01 2.000000e-01 2.000000e-01 2.000000e-01 2.000000e-01 2.000000e-01 2.000000e-01 2.000000e-01 2.000000e-01 2.000000e-01 2.000000e-01 2.000000e-01 2.000000e-01 2.000000e-01 2.000000e-01 2.000000e-01 2.000000e-01 2.000000e-01 2.000000e-01 2.000000e-01 2.000000e-01 2.000000e-01 2.000000e-01 2.000000e-01 2.000000e-01 2.000000e-01 2.000000e-01 2.000000e-01 2.000000e-01 2.000000e-01 2.000000e-01 2.000000e-01 2.000000e-01 2.000000e-01 2.000000e-01 2.000000e-01 2.000000e-01 2.000000e-01 2.000000e-01 2.000000e-01 2.000000e-01 2.000000e-01 2.000000e-01 2.000000e-01 2.000000e-01 2.000000e-01 2.000000e-01 2.000000e-01 2.000000e-01 2.000000e-01 2.000000e-01 2.000000e-01 2.000000e-01 2.000000e-01 2.000000e-01 2.000000e-01 2.000000e-01 2.000000e-01 2.000000e-01 2.000000e-01 2.000000e-01 2.000000e-01 2.000000e-01 2.000000e-01 2.000000e-01 2.000000e-01 2.000000e-01 2.000000e-01 2.000000e-01 2.000000e-01 2.000000e-01 2.000000e-01 2.000000e-01 2.000000e-01 2.000000e-01 2.000000e-01 2.000000e-01 2.000000e-01 2.000000e-01 2.000000e-01 2.000000e-01 2.000000e-01 2.000000e-01 2.000000e-01 2.000000e-01 2.000000e-01 2.000000e-01 2.000000e-01 2.000000e-01 2.000000e-01 2.000000e-01
<GCONST> 3.243863e+01
<TRANSP> 4
 0.000000e+00 1.000000e+00 0.000000e+00 0.000000e+00
 0.000000e+00 8.780636e-01 1.219364e-01 0.000000e+00
 0.000000e+00 0.000000e+00 8.529195e-01 1.470805e-01
 0.000000e+00 0.000000e+00 0.000000e+00 0.000000e+00
<ENDHMM>
