~o
<STREAMINFO> 1 142
<VECSIZE> 142<NULLD><USER><DIAGC>
~h "vegetable"
<BEGINHMM>
<NUMSTATES> 4
<STATE> 2
<MEAN> 142
 5.645087e-01 3.058116e-01 3.724661e-01 3.212613e-01 3.244294e-01 3.017845e-01 3.940804e-01 2.962516e-01 3.563882e-01 3.918350e-01 3.895624e-01 3.591216e-01 3.409652e-01 3.935931e-01 3.534527e-01 3.296885e-01 3.625661e-01 3.752914e-01 2.551517e-01 3.369815e-01 4.507287e-01 3.684149e-01 4.010045e-01 3.758443e-01 4.466468e-01 3.614190e-01 3.803658e-01 4.053475e-01 3.987392e-01 3.758362e-01 4.542198e-01 2.916607e-01 3.686036e-01 4.872194e-01 4.590538e-01 3.321888e-01 3.646354e-01 3.477278e-01 3.350398e-01 4.134349e-01 3.943150e-01 4.565538e-01 2.907289e-01 2.907404e-01 2.547514e-01 3.571461e-01 3.687117e-01 4.180188e-01 4.168287e-01 2.914797e-01 4.710720e-01 3.994135e-01 3.721007e-01 2.898059e-01 3.853319e-01 3.870883e-01 3.558736e-01 3.176233e-01 3.208548e-01 3.547695e-01 4.419709e-01 4.561917e-01 3.989816e-01 3.646567e-01 4.357755e-01 4.059860e-01 3.472959e-01 4.108658e-01 3.884938e-01 3.496063e-01 4.668439e-01 3.298455e-01 3.444145e-01 3.871213e-01 3.121869e-01 3.461179e-01 4.169229e-01 3.366508e-01 4.388760e-01 4.507405e-01 4.765821e-01 2.950974e-01 3.626132e-01 3.917288e-01 4.087013e-01 3.764516e-01 3.947164e-01 4.074800e-01 4.750433e-01 3.580866e-01 2.746430e-01 3.103705e-01 5.014666e-01 3.508866e-01 4.152558e-01 4.775717e-01 4.649323e-01 3.735865e-01 4.395993e-01 4.472499e-01 4.289892e-01 3.755349e-01 3.040465e-01 3.820789e-01 3.121895e-01 2.693590e-01 2.974766e-01 3.674600e-01 3.445979e-01 4.572338e-01 2.726984e-01 3.342713e-01 4.027585e-01 3.230885e-01 3.025306e-01 3.670786e-01 2.828771e-01 4.411846e-01 4.419559e-01 2.993481e-01 3.254571e-01 3.423062e-01 3.402424e-01 3.604743e-01 4.006042e-01 3.418776e-01 3.964053e-01 4.448476e-01 3.638113e-01 4.048802e-01 4.469736e-01 4.077206e-01 4.133341e-01 4.718441e-01 3.712698e-01 4.185102e-01 4.675978e-01 3.911349e-01 4.175396e-01 3.323954e-01 3.192685e-01 3.877586e-01
<VARIANCE> 142
 2.000000e-01 2.000000e-01 2.000000e-01 2.000000e-01 2.000000e-01 2.000000e-01 2.000000e-01 2.000000e-01 2.000000e-01 2.000000e-01 2.000000e-01 2.000000e-01 2.000000e-01 2.000000e-01 2.000000e-01 2.000000e-01 2.000000e-01 2.000000e-01 2.000000e-01 2.000000e-01 2.000000e-01 2.000000e-01 2.000000e-01 2.000000e-01 2.000000e-01 2.000000e-01 2.000000e-01 2.000000e-01 2.000000e-01 2.000000e-01 2.000000e-01 2.000000e-01 2.000000e-01 2.000000e-01 2.000000e-01 2.000000e-01 2.000000e-01 2.000000e-01 2.000000e-01 2.000000e-01 2.000000e-01 2.000000e-01 2.000000e-01 2.000000e-01 2.000000e-01 2.000000e-01 2.000000e-01 2.000000e-01 2.000000e-01 2.000000e-01 2.000000e-01 2.000000e-01 2.000000e-01 2.000000e-01 2.000000e-01 2.000000e-01 2.000000e-01 2.000000e-01 2.000000e-01 2.000000e-01 2.000000e-01 2.000000e-01 2.000000e-01 2.000000e-01 2.000000e-01 2.000000e-01 2.000000e-01 2.000000e-01 2.000000e-01 2.000000e-01 2.000000e-01 2.000000e-01 2.000000e-01 2.000000e-01 2.000000e-01 2.000000e-01 2.000000e-01 2.000000e-01 2.000000e-01 2.000000e-01 2.000000e-01 2.000000e-01 2.000000e-01 2.000000e-01 2.000000e-01 2.000000e-01 2.000000e-01 2.000000e-01 2.000000e-01 2.000000e-01 2.000000e-01 2.000000e-01 2.000000e-01 2.000000e-01 2.000000e-01 2.000000e-01 2.000000e-01 2.000000e-01 2.000000e-01 2.000000e-01 2.000000e-01 2.000000e-01 2.000000e-01 2.000000e-01 2.000000e-01 2.000000e-01 2.000000e-01 2.000000e-01 2.000000e-01 2.000000e-01 2.000000e-01 2.000000e-01 2.000000e-01 2.000000e-01 2.000000e-01 2.000000e-01 2.000000e-01 2.000000e-01 2.000000e-01 2.000000e-01 2.000000e-01 2.000000e-01 2.000000e-01 2.000000e-01 2.000000e-01 2.000000e-01 2.000000e-01 2.000000e-01 2.000000e-01 2.000000e-01 2.000000e-01 2.000000e-01 2.000000e-01 2.000000e-01 2.000000e-01 2.000000e-01 2.000000e-01 2.000000e-01 2.000000e-01 2.000000e-01 2.000000e-01 2.000000e-01
<GCONST> 3.243863e+01
<STATE> 3
<MEAN> 142
 7.406107e-01 3.518234e-01 3.970599e-01 2.877144e-01 2.610173e-01 4.000603e-01 4.295948e-01 3.750947e-01 4.384463e-01 4.149275e-01 4.591125e-01 4.760257e-01 4.850591e-01 4.145875e-01 2.856190e-01 3.107407e-01 3.889268e-01 3.662022e-01 3.398367e-01 4.400964e-01 4.043681e-01 4.250895e-01 4.293170e-01 3.614772e-01 4.792982e-01 4.422767e-01 3.737209e-01 3.564273e-01 3.840177e-01 4.031665e-01 5.404444e-01 4.103073e-01 4.662963e-01 4.178654e-01 4.125055e-01 3.666652e-01 2.890609e-01 3.730687e-01 2.865072e-01 3.535491e-01 3.273078e-01 3.580855e-01 3.569365e-01 3.863758e-01 2.927797e-01 3.997339e-01 3.774230e-01 4.030492e-01 3.288468e-01 3.804873e-01 4.919127e-01 4.473636e-01 4.394409e-01 3.094373e-01 4.932180e-01 3.415964e-01 4.503668e-01 3.497394e-01 3.801452e-01 2.791588e-01 4.488844e-01 4.132951e-01 3.735438e-01 3.831034e-01 4.251685e-01 4.249457e-01 4.005558e-01 4.039419e-01 4.922013e-01 4.138162e-01 4.583682e-01 5.536185e-01 4.324294e-01 4.270792e-01 3.564260e-01 4.221635e-01 4.862000e-01 3.906700e-01 4.968302e-01 3.628367e-01 4.106378e-01 3.312559e-01 3.712540e-01 4.007094e-01 2.902674e-01 4.260844e-01 4.250357e-01 4.804530e-01 4.047515e-01 4.218273e-01 4.604056e-01 4.125890e-01 3.877563e-01 3.640716e-01 3.949144e-01 4.830889e-01 3.759901e-01 3.521291e-01 4.059852e-01 4.212389e-01 3.921793e-01 4.792514e-01 4.337385e-01 4.149765e-01 2.648117e-01 3.300440e-01 4.668869e-01 3.544528e-01 4.099031e-01 3.756586e-01 4.146979e-01 4.158706e-01 3.158528e-01 3.116053e-01 3.832213e-01 4.740597e-01 3.690979e-01 3.792729e-01 4.597853e-01 4.759337e-01 4.141321e-01 4.755553e-01 4.516954e-01 4.607203e-01 4.565470e-01 4.301542e-01 4.385387e-01 3.331720e-01 3.871616e-01 3.890207e-01 3.996589e-01 3.380777e-01 5.046352e-01 4.257244e-01 3.582957e-01 3.616995e-01 4.292198e-01 3.282979e-01 3.347194e-01 3.296940e-01 4.471653e-01 4.523062e-01
<VARIANCE> 142
 2.000000e-01 2.000000e-01 2.000000e-01 2.000000e-01 2.000000e-01 2.000000e-01 2.000000e-01 2.000000e-01 2.000000e-01 2.000000e-01 2.000000e-01 2.000000e-01 2.000000e-01 2.000000e-01 2.000000e-01 2.000000e-01 2.000000e-01 2.000000e-01 2.000000e-01 2.000000e-01 2.000000e-01 2.000000e-01 2.000000e-01 2.000000e-01 2.000000e-01 2.000000e-01 2.000000e-01 2.000000e-01 2.000000e-01 2.000000e-01 2.000000e-01 2.000000e-01 2.000000e-01 2.000000e-01 2.000000e-01 2.000000e-01 2.000000e-01 2.000000e-01 2.000000e-01 2.000000e-01 2.000000e-01 2.000000e-01 2.000000e-01 2.000000e-01 2.000000e-01 2.000000e-01 2.000000e-01 2.000000e-01 2.000000e-01 2.000000e-01 2.000000e-01 2.000000e-01 2.000000e-01 2.000000e-01 2.000000e-01 2.000000e-01 2.000000e-01 2.000000e-01 2.000000e-01 2.000000e-01 2.000000e-01 2.000000e-01 2.000000e-01 2.000000e-01 2.000000e-01 2.000000e-01 2.000000e-01 2.000000e-01 2.000000e-01 2.000000e-01 2.000000e-01 2.000000e-01 2.000000e-01 2.000000e-01 2.000000e-01 2.000000e-01 2.000000e-01 2.000000e-01 2.000000e-01 2.000000e-01 2.000000e-01 2.000000e-01 2.000000e-01 2.000000e-01 2.000000e-01 2.000000e-01 2.000000e-01 2.000000e-01 2.000000e-01 2.000000e-01 2.000000e-01 2.000000e-01 2.000000e-01 2.000000e-01 2.000000e-01 2.000000e-01 2.000000e-01 2.000000e-01 2.000000e-01 2.000000e-01 2.000000e-01 2.000000e-01 2.000000e-01 2.000000e-01 2.000000e-01 2.000000e-01 2.000000e-01 2.000000e-01 2.000000e-01 2.000000e-01 2.000000e-01 2.000000e-01 2.000000e-01 2.000000e-01 2.000000e-01 2.000000e-01 2.000000e-01 2.000000e-01 2.000000e-01 2.000000e-01 2.000000e-01 2.000000e-01 2.000000e-01 2.000000e-01 2.000000e-01 2.000000e-01 2.000000e-01 2.000000e-01 2.000000e-01 2.000000e-01 2.000000e-01 2.000000e-01 2.000000e-01 2.000000e-01 2.000000e-01 2.000000e-01 2.000000e-01 2.000000e-01 2.000000e-01 2.000000e-01 2.000000e-01 2.000000e-01
<GCONST> 3.243863e+01
<TRANSP> 4
 0.000000e+00 1.000000e+00 0.000000e+00 0.000000e+00
 0.000000e+00 8.658602e-01 1.341398e-01 0.000000e+00
 0.000000e+00 0.000000e+00 8.674633e-01 1.325367e-01
 0.000000e+00 0.000000e+00 0.000000e+00 0.000000e+00
<ENDHMM>
