~o
<STREAMINFO> 1 142
<VECSIZE> 142<NULLD><USER><DIAGC>
~h "vice_prez"
<BEGINHMM>
<NUMSTATES> 4
<STATE> 2
<MEAN> 142
 4.818418e-01 3.758979e-01 3.430669e-01 4.574540e-01 4.478423e-01 2.789890e-01 4.259226e-01 2.873070e-01 3.501766e-01 4.354596e-01 4.209411e-01 4.072022e-01 2.997667e-01 3.931827e-01 4.535391e-01 4.512104e-01 4.642757e-01 4.540675e-01 2.563280e-01 2.632171e-01 4.660240e-01 4.943432e-01 3.201942e-01 4.953923e-01 4.635119e-01 3.361225e-01 4.345717e-01 3.891772e-01 4.757450e-01 4.272487e-01 4.943029e-01 3.983156e-01 4.082475e-01 4.909812e-01 4.543406e-01 4.669287e-01 4.400499e-01 2.959560e-01 4.413740e-01 4.111118e-01 4.135220e-01 5.002747e-01 3.931822e-01 2.678226e-01 2.712048e-01 4.026407e-01 4.920958e-01 4.191442e-01 4.932384e-01 3.260232e-01 5.366896e-01 3.292080e-01 3.646757e-01 2.803890e-01 4.569514e-01 4.400952e-01 3.468798e-01 3.113982e-01 3.452166e-01 4.419248e-01 3.846686e-01 4.539857e-01 3.152955e-01 3.794817e-01 3.838398e-01 5.563638e-01 3.265797e-01 4.315798e-01 4.323540e-01 4.022148e-01 4.051301e-01 3.447354e-01 4.283942e-01 3.513016e-01 1.941827e-01 3.272722e-01 4.498331e-01 4.852145e-01 4.478078e-01 5.070726e-01 4.706968e-01 4.189723e-01 4.794268e-01 4.326501e-01 3.954382e-01 4.086908e-01 3.895672e-01 3.768101e-01 5.166485e-01 3.753683e-01 2.891496e-01 3.531675e-01 4.245889e-01 3.123189e-01 4.967180e-01 4.595815e-01 4.857158e-01 2.913878e-01 5.508749e-01 4.147284e-01 3.897520e-01 4.749258e-01 3.378166e-01 4.147758e-01 3.507950e-01 3.201458e-01 3.400352e-01 3.842222e-01 3.763196e-01 4.150069e-01 3.305985e-01 3.612069e-01 4.687375e-01 4.467562e-01 4.000186e-01 3.876769e-01 3.554998e-01 4.604218e-01 4.303802e-01 3.593061e-01 4.337337e-01 4.868809e-01 4.174873e-01 4.062411e-01 3.792017e-01 4.006593e-01 3.892817e-01 3.674293e-01 3.647782e-01 3.559811e-01 4.444090e-01 5.079328e-01 3.004360e-01 3.743557e-01 4.978432e-01 5.040489e-01 4.806752e-01 5.143296e-01 4.930395e-01 4.888715e-01 5.122070e-01 3.834290e-01
<VARIANCE> 142
 2.000000e-01 2.000000e-01 2.000000e-01 2.000000e-01 2.000000e-01 2.000000e-01 2.000000e-01 2.000000e-01 2.000000e-01 2.000000e-01 2.000000e-01 2.000000e-01 2.000000e-01 2.000000e-01 2.000000e-01 2.000000e-01 2.000000e-01 2.000000e-01 2.000000e-01 2.000000e-01 2.000000e-01 2.000000e-01 2.000000e-01 2.000000e-01 2.000000e-01 2.000000e-01 2.000000e-01 2.000000e-01 2.000000e-01 2.000000e-01 2.000000e-01 2.000000e-01 2.000000e-01 2.000000e-01 2.000000e-01 2.000000e-01 2.000000e-01 2.000000e-01 2.000000e-01 2.000000e-01 2.000000e-01 2.000000e-01 2.000000e-01 2.000000e-01 2.000000e-01 2.000000e-01 2.000000e-01 2.000000e-01 2.000000e-01 2.000000e-01 2.000000e-01 2.000000e-01 2.000000e-01 2.000000e-01 2.000000e-01 2.000000e-01 2.000000e-01 2.000000e-01 2.000000e-01 2.000000e-01 2.000000e-01 2.000000e-01 2.000000e-01 2.000000e-01 2.000000e-01 2.000000e-01 2.000000e-01 2.000000e-01 2.000000e-01 2.000000e-01 2.000000e-01 2.000000e-01 2.000000e-01 2.000000e-01 2.000000e-01 2.000000e-01 2.000000e-01 2.000000e-01 2.000000e-01 2.000000e-01 2.000000e-01 2.000000e-01 2.000000e-01 2.000000e-01 2.000000e-01 2.000000e-01 2.000000e-01 2.000000e-01 2.000000e-01 2.000000e-01 2.000000e-01 2.000000e-01 2.000000e-01 2.000000e-01 2.000000e-01 2.000000e-01 2.000000e-01 2.000000e-01 2.000000e-01 2.000000e-01 2.000000e-01 2.000000e-01 2.000000e-01 2.000000e-01 2.000000e-01 2.000000e-01 2.000000e-01 2.000000e-01 2.000000e-01 2.000000e-01 2.000000e-01 2.000000e-01 2.000000e-01 2.000000e-01 2.000000e-01 2.000000e-01 2.000000e-01 2.000000e-01 2.000000e-01 2.000000e-01 2.000000e-01 2.000000e-01 2.000000e-01 2.000000e-01 2.000000e-01 2.000000e-01 2.000000e-01 2.000000e-01 2.000000e-01 2.000000e-01 2.000000e-01 2.000000e-01 2.000000e-01 2.000000e-01 2.000000e-01 2.000000e-01 2.000000e-01 2.000000e-01 2.000000e-01 2.000000e-01 2.000000e-01 2.000000e-01
<GCONST> 3.243863e+01
<STATE> 3
<MEAN> 142
 6.999039e-01 3.629826e-01 3.485317e-01 3.029111e-01 2.714413e-01 3.653570e-01 3.308356e-01 3.520154e-01 3.565032e-01 4.044960e-01 5.017436e-01 4.717076e-01 4.499714e-01 4.958038e-01 3.326546e-01 3.149408e-01 3.523565e-01 4.210872e-01 3.004909e-01 4.092730e-01 3.917165e-01 3.765287e-01 3.801766e-01 3.639510e-01 4.316984e-01 3.849965e-01 3.935300e-01 3.922535e-01 3.872922e-01 3.531187e-01 4.700770e-01 4.371007e-01 3.556424e-01 3.767493e-01 4.455417e-01 3.508705e-01 3.487364e-01 4.088812e-01 3.123039e-01 2.743666e-01 4.246669e-01 4.101504e-01 3.297229e-01 3.910885e-01 2.163014e-01 4.440245e-01 4.066566e-01 3.974900e-01 3.349949e-01 3.336559e-01 4.994347e-01 4.241927e-01 4.132804e-01 2.854782e-01 4.241209e-01 3.652146e-01 4.907351e-01 3.258177e-01 3.508880e-01 2.612461e-01 4.525574e-01 4.058463e-01 4.143816e-01 4.281324e-01 4.403547e-01 4.467068e-01 3.951645e-01 3.695123e-01 4.321482e-01 3.781047e-01 4.823775e-01 4.722902e-01 4.311906e-01 3.541849e-01 3.773064e-01 4.036781e-01 4.593044e-01 3.922475e-01 4.235282e-01 3.862518e-01 4.334851e-01 3.522632e-01 3.912356e-01 4.079395e-01 2.952866e-01 4.439452e-01 4.216279e-01 4.505832e-01 4.358587e-01 3.461142e-01 3.684305e-01 3.771118e-01 4.452586e-01 3.955233e-01 3.964537e-01 5.119370e-01 4.140829e-01 4.175746e-01 4.002232e-01 4.010600e-01 3.592663e-01 4.291734e-01 3.451519e-01 3.536200e-01 2.798376e-01 3.091311e-01 3.960884e-01 3.508538e-01 4.054258e-01 3.184523e-01 4.228259e-01 3.658457e-01 2.800501e-01 3.159549e-01 3.679938e-01 4.150397e-01 3.724902e-01 3.694413e-01 4.505366e-01 3.843698e-01 4.073867e-01 4.740441e-01 4.665901e-01 4.008602e-01 3.870203e-01 4.185510e-01 4.305952e-01 4.046340e-01 3.852785e-01 3.823796e-01 3.628114e-01 3.525774e-01 4.584894e-01 3.977250e-01 3.580253e-01 3.714600e-01 4.171385e-01 3.867540e-01 3.172030e-01 3.391112e-01 4.365641e-01 4.841978e-01
<VARIANCE> 142
 2.000000e-01 2.000000e-01 2.000000e-01 2.000000e-01 2.000000e-01 2.000000e-01 2.000000e-01 2.000000e-01 2.000000e-01 2.000000e-01 2.000000e-01 2.000000e-01 2.000000e-01 2.000000e-01 2.000000e-01 2.000000e-01 2.000000e-01 2.000000e-01 2.000000e-01 2.000000e-01 2.000000e-01 2.000000e-01 2.000000e-01 2.000000e-01 2.000000e-01 2.000000e-01 2.000000e-01 2.000000e-01 2.000000e-01 2.000000e-01 2.000000e-01 2.000000e-01 2.000000e-01 2.000000e-01 2.000000e-01 2.000000e-01 2.000000e-01 2.000000e-01 2.000000e-01 2.000000e-01 2.000000e-01 2.000000e-01 2.000000e-01 2.000000e-01 2.000000e-01 2.000000e-01 2.000000e-01 2.000000e-01 2.000000e-01 2.000000e-01 2.000000e-01 2.000000e-01 2.000000e-01 2.000000e-01 2.000000e-01 2.000000e-01 2.000000e-01 2.000000e-01 2.000000e-01 2.000000e-01 2.000000e-01 2.000000e-01 2.000000e-01 2.000000e-01 2.000000e-01 2.000000e-01 2.000000e-01 2.000000e-01 2.000000e-01 2.000000e-01 2.000000e-01 2.000000e-01 2.000000e-01 2.000000e-01 2.000000e-01 2.000000e-01 2.000000e-01 2.000000e-01 2.000000e-01 2.000000e-01 2.000000e-01 2.000000e-01 2.000000e-01 2.000000e-01 2.000000e-01 2.000000e-01 2.000000e-01 2.000000e-01 2.000000e-01 2.000000e-01 2.000000e-01 2.000000e-01 2.000000e-01 2.000000e-01 2.000000e-01 2.000000e-01 2.000000e-01 2.000000e-01 2.000000e-01 2.000000e-01 2.000000e-01 2.000000e-01 2.000000e-01 2.000000e-01 2.000000e-01 2.000000e-01 2.000000e-01 2.000000e-01 2.000000e-01 2.000000e-01 2.000000e-01 2.000000e-01 2.000000e-01 2.000000e-01 2.000000e-01 2.000000e-01 2.000000e-01 2.000000e-01 2.000000e-01 2.000000e-01 2.000000e-01 2.000000e-01 2.000000e-01 2.000000e-01 2.000000e-01 2.000000e-01 2.000000e-01 2.000000e-01 2.000000e-01 2.000000e-01 2.000000e-01 2.000000e-01 2.000000e-01 2.000000e-01 2.000000e-01 2.000000e-01 2.000000e-01 2.000000e-01 2.000000e-01 2.000000e-01 2.000000e-01 2.000000e-01
<GCONST> 3.243863e+01
<TRANSP> 4
 0.000000e+00 1.000000e+00 0.000000e+00 0.000000e+00
 0.000000e+00 8.526759e-01 1.473241e-01 0.000000e+00
 0.000000e+00 0.000000e+00 8.861524e-01 1.138476e-01
 0.000000e+00 0.000000e+00 0.000000e+00 0.000000e+00
<ENDHMM>
