~o
<STREAMINFO> 1 142
<VECSIZE> 142<NULLD><USER><DIAGC>
~h "virtual"
<BEGINHMM>
<NUMSTATES> 4
<STATE> 2
<MEAN> 142
 6.088283e-01 2.729244e-01 5.005728e-01 5.089886e-01 4.872118e-01 4.946482e-01 5.180257e-01 3.291418e-01 2.972837e-01 3.924282e-01 5.016085e-01 3.374614e-01 3.601541e-01 5.151747e-01 3.317343e-01 4.349515e-01 3.359666e-01 3.126420e-01 4.066903e-01 3.969638e-01 5.991347e-01 5.792193e-01 4.870539e-01 4.961073e-01 5.338805e-01 3.797193e-01 5.579032e-01 3.890437e-01 3.538161e-01 2.838714e-01 5.265443e-01 3.981265e-01 4.622792e-01 5.062993e-01 4.398403e-01 3.422493e-01 4.438218e-01 2.635493e-01 3.016555e-01 4.579344e-01 3.100291e-01 3.787758e-01 3.820841e-01 3.711211e-01 3.438385e-01 3.882897e-01 5.712064e-01 3.801165e-01 5.019554e-01 4.187480e-01 5.546325e-01 3.298548e-01 3.785611e-01 2.430692e-01 4.420457e-01 2.933941e-01 4.961677e-01 4.748239e-01 4.306105e-01 5.703827e-01 4.855059e-01 4.766934e-01 3.060252e-01 3.388639e-01 3.059357e-01 4.947639e-01 2.921600e-01 6.001412e-01 4.879256e-01 3.301932e-01 4.483284e-01 4.089685e-01 3.678118e-01 4.541138e-01 4.101490e-01 3.346787e-01 5.001765e-01 4.709181e-01 4.719769e-01 5.489655e-01 3.993324e-01 3.666750e-01 3.286410e-01 5.515921e-01 4.690227e-01 4.884159e-01 3.839475e-01 3.970648e-01 5.617284e-01 4.347546e-01 2.520944e-01 4.836438e-01 3.783028e-01 2.881565e-01 4.378684e-01 3.808394e-01 4.262231e-01 2.512717e-01 4.673023e-01 4.847714e-01 3.896515e-01 5.274968e-01 3.348079e-01 3.500505e-01 3.902586e-01 3.535316e-01 3.437159e-01 3.494637e-01 5.891507e-01 5.578628e-01 3.413525e-01 2.999880e-01 4.526247e-01 3.768641e-01 3.746415e-01 3.899938e-01 3.447950e-01 4.860257e-01 3.491453e-01 4.863643e-01 4.361254e-01 4.260446e-01 4.422829e-01 3.884988e-01 5.111653e-01 3.733507e-01 3.656608e-01 2.805088e-01 2.651121e-01 4.870529e-01 5.123149e-01 4.089711e-01 3.295340e-01 3.597527e-01 3.804095e-01 4.938469e-01 4.734571e-01 4.232833e-01 5.006846e-01 3.881587e-01 4.673278e-01 4.299456e-01
<VARIANCE> 142
 2.000000e-01 2.000000e-01 2.000000e-01 2.000000e-01 2.000000e-01 2.000000e-01 2.000000e-01 2.000000e-01 2.000000e-01 2.000000e-01 2.000000e-01 2.000000e-01 2.000000e-01 2.000000e-01 2.000000e-01 2.000000e-01 2.000000e-01 2.000000e-01 2.000000e-01 2.000000e-01 2.000000e-01 2.000000e-01 2.000000e-01 2.000000e-01 2.000000e-01 2.000000e-01 2.000000e-01 2.000000e-01 2.000000e-01 2.000000e-01 2.000000e-01 2.000000e-01 2.000000e-01 2.000000e-01 2.000000e-01 2.000000e-01 2.000000e-01 2.000000e-01 2.000000e-01 2.000000e-01 2.000000e-01 2.000000e-01 2.000000e-01 2.000000e-01 2.000000e-01 2.000000e-01 2.000000e-01 2.000000e-01 2.000000e-01 2.000000e-01 2.000000e-01 2.000000e-01 2.000000e-01 2.000000e-01 2.000000e-01 2.000000e-01 2.000000e-01 2.000000e-01 2.000000e-01 2.000000e-01 2.000000e-01 2.000000e-01 2.000000e-01 2.000000e-01 2.000000e-01 2.000000e-01 2.000000e-01 2.000000e-01 2.000000e-01 2.000000e-01 2.000000e-01 2.000000e-01 2.000000e-01 2.000000e-01 2.000000e-01 2.000000e-01 2.000000e-01 2.000000e-01 2.000000e-01 2.000000e-01 2.000000e-01 2.000000e-01 2.000000e-01 2.000000e-01 2.000000e-01 2.000000e-01 2.000000e-01 2.000000e-01 2.000000e-01 2.000000e-01 2.000000e-01 2.000000e-01 2.000000e-01 2.000000e-01 2.000000e-01 2.000000e-01 2.000000e-01 2.000000e-01 2.000000e-01 2.000000e-01 2.000000e-01 2.000000e-01 2.000000e-01 2.000000e-01 2.000000e-01 2.000000e-01 2.000000e-01 2.000000e-01 2.000000e-01 2.000000e-01 2.000000e-01 2.000000e-01 2.000000e-01 2.000000e-01 2.000000e-01 2.000000e-01 2.000000e-01 2.000000e-01 2.000000e-01 2.000000e-01 2.000000e-01 2.000000e-01 2.000000e-01 2.000000e-01 2.000000e-01 2.000000e-01 2.000000e-01 2.000000e-01 2.000000e-01 2.000000e-01 2.000000e-01 2.000000e-01 2.000000e-01 2.000000e-01 2.000000e-01 2.000000e-01 2.000000e-01 2.000000e-01 2.000000e-01 2.000000e-01 2.000000e-01 2.000000e-01
<GCONST> 3.243863e+01
<STATE> 3
<MEAN> 142
 4.737717e-01 4.054557e-01 3.150610e-01 3.858528e-01 3.816110e-01 2.548800e-01 3.349831e-01 2.768953e-01 4.090494e-01 4.411677e-01 4.953432e-01 4.804261e-01 4.321156e-01 4.897974e-01 3.855564e-01 3.167083e-01 4.100603e-01 4.489979e-01 3.094298e-01 3.650232e-01 3.791166e-01 3.301306e-01 3.557705e-01 4.071146e-01 4.891874e-01 4.299067e-01 4.041935e-01 4.795389e-01 4.624199e-01 4.962037e-01 4.814055e-01 4.091455e-01 3.333742e-01 4.357599e-01 4.259993e-01 3.853621e-01 3.808021e-01 4.547853e-01 4.130452e-01 3.725049e-01 4.182335e-01 4.652019e-01 4.274814e-01 2.790155e-01 2.966358e-01 4.319399e-01 4.017240e-01 4.002871e-01 3.400172e-01 3.522125e-01 5.183467e-01 4.394562e-01 4.361371e-01 3.440364e-01 4.214335e-01 4.809814e-01 3.770730e-01 2.972539e-01 3.696513e-01 2.929583e-01 3.873903e-01 4.672025e-01 4.071693e-01 4.583489e-01 5.239090e-01 4.222130e-01 3.785898e-01 3.492810e-01 4.092438e-01 4.915636e-01 4.539349e-01 3.470228e-01 3.838656e-01 3.681944e-01 2.723392e-01 3.748717e-01 4.121209e-01 4.430954e-01 4.415636e-01 3.817148e-01 5.437371e-01 3.601710e-01 4.086098e-01 3.559480e-01 3.761453e-01 3.459367e-01 4.023792e-01 4.500807e-01 4.463907e-01 3.556872e-01 4.059471e-01 3.010051e-01 4.916319e-01 5.023378e-01 4.553050e-01 4.863356e-01 4.525734e-01 4.122101e-01 4.614044e-01 4.324238e-01 4.428302e-01 4.266965e-01 3.724064e-01 5.207670e-01 3.127496e-01 3.131695e-01 4.196219e-01 4.763892e-01 3.622607e-01 3.016829e-01 4.421013e-01 4.152770e-01 3.962858e-01 4.123580e-01 4.178520e-01 4.711877e-01 4.231495e-01 4.118761e-01 5.051689e-01 3.989301e-01 4.259017e-01 4.425821e-01 4.306958e-01 4.204891e-01 3.615282e-01 4.005528e-01 4.663145e-01 4.553423e-01 5.065906e-01 3.512178e-01 3.779358e-01 4.715926e-01 3.995930e-01 4.825546e-01 4.421007e-01 4.363533e-01 3.925395e-01 4.430147e-01 3.756415e-01 3.957598e-01 4.883332e-01 3.893661e-01
<VARIANCE> 142
 2.000000e-01 2.000000e-01 2.000000e-01 2.000000e-01 2.000000e-01 2.000000e-01 2.000000e-01 2.000000e-01 2.000000e-01 2.000000e-01 2.000000e-01 2.000000e-01 2.000000e-01 2.000000e-01 2.000000e-01 2.000000e-01 2.000000e-01 2.000000e-01 2.000000e-01 2.000000e-01 2.000000e-01 2.000000e-01 2.000000e-01 2.000000e-01 2.000000e-01 2.000000e-01 2.000000e-01 2.000000e-01 2.000000e-01 2.000000e-01 2.000000e-01 2.000000e-01 2.000000e-01 2.000000e-01 2.000000e-01 2.000000e-01 2.000000e-01 2.000000e-01 2.000000e-01 2.000000e-01 2.000000e-01 2.000000e-01 2.000000e-01 2.000000e-01 2.000000e-01 2.000000e-01 2.000000e-01 2.000000e-01 2.000000e-01 2.000000e-01 2.000000e-01 2.000000e-01 2.000000e-01 2.000000e-01 2.000000e-01 2.000000e-01 2.000000e-01 2.000000e-01 2.000000e-01 2.000000e-01 2.000000e-01 2.000000e-01 2.000000e-01 2.000000e-01 2.000000e-01 2.000000e-01 2.000000e-01 2.000000e-01 2.000000e-01 2.000000e-01 2.000000e-01 2.000000e-01 2.000000e-01 2.000000e-01 2.000000e-01 2.000000e-01 2.000000e-01 2.000000e-01 2.000000e-01 2.000000e-01 2.000000e-01 2.000000e-01 2.000000e-01 2.000000e-01 2.000000e-01 2.000000e-01 2.000000e-01 2.000000e-01 2.000000e-01 2.000000e-01 2.000000e-01 2.000000e-01 2.000000e-01 2.000000e-01 2.000000e-01 2.000000e-01 2.000000e-01 2.000000e-01 2.000000e-01 2.000000e-01 2.000000e-01 2.000000e-01 2.000000e-01 2.000000e-01 2.000000e-01 2.000000e-01 2.000000e-01 2.000000e-01 2.000000e-01 2.000000e-01 2.000000e-01 2.000000e-01 2.000000e-01 2.000000e-01 2.000000e-01 2.000000e-01 2.000000e-01 2.000000e-01 2.000000e-01 2.000000e-01 2.000000e-01 2.000000e-01 2.000000e-01 2.000000e-01 2.000000e-01 2.000000e-01 2.000000e-01 2.000000e-01 2.000000e-01 2.000000e-01 2.000000e-01 2.000000e-01 2.000000e-01 2.000000e-01 2.000000e-01 2.000000e-01 2.000000e-01 2.000000e-01 2.000000e-01 2.000000e-01 2.000000e-01 2.000000e-01
<GCONST> 3.243863e+01
<TRANSP> 4
 0.000000e+00 1.000000e+00 0.000000e+00 0.000000e+00
 0.000000e+00 8.417172e-01 1.582829e-01 0.000000e+00
 0.000000e+00 0.000000e+00 8.880455e-01 1.119545e-01
 0.000000e+00 0.000000e+00 0.000000e+00 0.000000e+00
<ENDHMM>
