~o
<STREAMINFO> 1 142
<VECSIZE> 142<NULLD><USER><DIAGC>
~h "wife"
<BEGINHMM>
<NUMSTATES> 4
<STATE> 2
<MEAN> 142
 4.726289e-01 4.149041e-01 2.817756e-01 3.696542e-01 3.483458e-01 1.951398e-01 3.115283e-01 3.075196e-01 3.589553e-01 4.787849e-01 4.058395e-01 4.599045e-01 3.131295e-01 3.819357e-01 3.596005e-01 3.632372e-01 4.741298e-01 4.504004e-01 2.528273e-01 2.580561e-01 4.032925e-01 4.522060e-01 3.395789e-01 5.161189e-01 4.756661e-01 3.777919e-01 4.339657e-01 3.714367e-01 4.985599e-01 4.791956e-01 4.787322e-01 4.014712e-01 2.999879e-01 5.165480e-01 3.944580e-01 4.406343e-01 3.617462e-01 3.585773e-01 5.133666e-01 3.050747e-01 4.249310e-01 5.456446e-01 4.396028e-01 2.669611e-01 1.907955e-01 4.085913e-01 4.185740e-01 3.882340e-01 4.165238e-01 3.221649e-01 4.583045e-01 3.869302e-01 4.424844e-01 2.921992e-01 4.019933e-01 4.661345e-01 4.122967e-01 2.887175e-01 3.743389e-01 3.092815e-01 3.420823e-01 4.811465e-01 3.924142e-01 4.320579e-01 4.524066e-01 4.718530e-01 3.918305e-01 3.654287e-01 3.447146e-01 4.788658e-01 3.638541e-01 3.349691e-01 4.226092e-01 3.553998e-01 1.962149e-01 3.414632e-01 3.819351e-01 4.006808e-01 5.227082e-01 4.582320e-01 5.457485e-01 4.276169e-01 4.498420e-01 4.234618e-01 3.068198e-01 3.150391e-01 3.483156e-01 3.806801e-01 4.587348e-01 3.140947e-01 3.748184e-01 2.523446e-01 4.197878e-01 3.809628e-01 4.441034e-01 4.604174e-01 4.824472e-01 3.415646e-01 5.150068e-01 4.151445e-01 4.527664e-01 4.683581e-01 3.429255e-01 4.933074e-01 2.966713e-01 3.430757e-01 4.174095e-01 4.442318e-01 3.258593e-01 3.132948e-01 4.063332e-01 4.118983e-01 2.770112e-01 4.696223e-01 4.347634e-01 4.122619e-01 4.637423e-01 4.124144e-01 4.592588e-01 3.669352e-01 4.552228e-01 4.943988e-01 4.506116e-01 3.839390e-01 3.515295e-01 4.198900e-01 4.110334e-01 4.810361e-01 4.770266e-01 3.312546e-01 3.438385e-01 4.707944e-01 3.280595e-01 4.246159e-01 4.514734e-01 4.873908e-01 3.868799e-01 4.343557e-01 3.736144e-01 4.567915e-01 5.223247e-01 3.125360e-01
<VARIANCE> 142
 2.000000e-01 2.000000e-01 2.000000e-01 2.000000e-01 2.000000e-01 2.000000e-01 2.000000e-01 2.000000e-01 2.000000e-01 2.000000e-01 2.000000e-01 2.000000e-01 2.000000e-01 2.000000e-01 2.000000e-01 2.000000e-01 2.000000e-01 2.000000e-01 2.000000e-01 2.000000e-01 2.000000e-01 2.000000e-01 2.000000e-01 2.000000e-01 2.000000e-01 2.000000e-01 2.000000e-01 2.000000e-01 2.000000e-01 2.000000e-01 2.000000e-01 2.000000e-01 2.000000e-01 2.000000e-01 2.000000e-01 2.000000e-01 2.000000e-01 2.000000e-01 2.000000e-01 2.000000e-01 2.000000e-01 2.000000e-01 2.000000e-01 2.000000e-01 2.000000e-01 2.000000e-01 2.000000e-01 2.000000e-01 2.000000e-01 2.000000e-01 2.000000e-01 2.000000e-01 2.000000e-01 2.000000e-01 2.000000e-01 2.000000e-01 2.000000e-01 2.000000e-01 2.000000e-01 2.000000e-01 2.000000e-01 2.000000e-01 2.000000e-01 2.000000e-01 2.000000e-01 2.000000e-01 2.000000e-01 2.000000e-01 2.000000e-01 2.000000e-01 2.000000e-01 2.000000e-01 2.000000e-01 2.000000e-01 2.000000e-01 2.000000e-01 2.000000e-01 2.000000e-01 2.000000e-01 2.000000e-01 2.000000e-01 2.000000e-01 2.000000e-01 2.000000e-01 2.000000e-01 2.000000e-01 2.000000e-01 2.000000e-01 2.000000e-01 2.000000e-01 2.000000e-01 2.000000e-01 2.000000e-01 2.000000e-01 2.000000e-01 2.000000e-01 2.000000e-01 2.000000e-01 2.000000e-01 2.000000e-01 2.000000e-01 2.000000e-01 2.000000e-01 2.000000e-01 2.000000e-01 2.000000e-01 2.000000e-01 2.000000e-01 2.000000e-01 2.000000e-01 2.000000e-01 2.000000e-01 2.000000e-01 2.000000e-01 2.000000e-01 2.000000e-01 2.000000e-01 2.000000e-01 2.000000e-01 2.000000e-01 2.000000e-01 2.000000e-01 2.000000e-01 2.000000e-01 2.000000e-01 2.000000e-01 2.000000e-01 2.000000e-01 2.000000e-01 2.000000e-01 2.000000e-01 2.000000e-01 2.000000e-01 2.000000e-01 2.000000e-01 2.000000e-01 2.000000e-01 2.000000e-01 2.000000e-01 2.000000e-01 2.000000e-01 2.000000e-01
<GCONST> 3.243863e+01
<STATE> 3
<MEAN> 142
 6.953967e-01 4.132906e-01 4.056487e-01 3.354017e-01 2.519913e-01 4.065274e-01 4.335087e-01 4.025549e-01 3.732513e-01 3.992801e-01 4.619002e-01 4.745147e-01 4.200216e-01 4.583292e-01 3.123112e-01 3.700751e-01 4.272519e-01 4.148044e-01 3.366060e-01 4.193798e-01 5.176946e-01 5.113824e-01 4.666848e-01 4.359004e-01 4.423877e-01 4.698788e-01 4.390719e-01 3.699813e-01 4.221479e-01 4.158229e-01 4.898197e-01 5.037965e-01 4.981745e-01 4.590941e-01 4.291309e-01 4.267526e-01 3.266779e-01 3.428863e-01 3.426625e-01 3.067886e-01 3.463873e-01 4.322792e-01 3.335119e-01 3.585335e-01 2.868827e-01 4.372241e-01 4.352007e-01 3.931024e-01 4.214008e-01 3.429914e-01 4.438693e-01 4.094845e-01 4.797678e-01 3.206289e-01 4.698351e-01 3.751072e-01 4.712195e-01 3.627139e-01 3.836440e-01 3.593928e-01 4.727818e-01 5.025346e-01 4.294461e-01 4.727426e-01 4.078987e-01 4.994464e-01 3.572268e-01 3.956934e-01 4.835710e-01 4.391184e-01 4.804145e-01 5.356315e-01 4.470913e-01 4.299038e-01 4.114358e-01 4.406505e-01 4.578665e-01 3.860637e-01 4.648994e-01 4.075797e-01 4.186482e-01 3.843921e-01 3.795470e-01 4.393756e-01 3.274609e-01 5.117044e-01 4.032083e-01 4.157271e-01 4.294097e-01 3.900834e-01 4.216025e-01 4.794216e-01 3.761809e-01 3.966121e-01 4.036345e-01 4.642607e-01 4.085082e-01 3.588617e-01 3.933779e-01 4.831836e-01 3.532099e-01 5.200428e-01 3.797632e-01 3.784455e-01 3.582398e-01 4.017877e-01 4.306147e-01 3.793942e-01 4.212758e-01 3.813712e-01 4.540574e-01 4.158741e-01 2.990090e-01 3.302559e-01 4.308183e-01 4.698038e-01 4.277954e-01 4.122271e-01 4.312915e-01 4.359978e-01 4.448679e-01 5.505402e-01 4.962084e-01 4.914475e-01 4.335781e-01 4.214490e-01 3.850813e-01 3.772905e-01 3.869400e-01 4.225537e-01 3.713043e-01 3.648883e-01 4.612643e-01 4.324984e-01 3.164383e-01 3.382571e-01 4.933042e-01 3.872443e-01 3.073504e-01 4.003737e-01 5.416235e-01 4.569124e-01
<VARIANCE> 142
 2.000000e-01 2.000000e-01 2.000000e-01 2.000000e-01 2.000000e-01 2.000000e-01 2.000000e-01 2.000000e-01 2.000000e-01 2.000000e-01 2.000000e-01 2.000000e-01 2.000000e-01 2.000000e-01 2.000000e-01 2.000000e-01 2.000000e-01 2.000000e-01 2.000000e-01 2.000000e-01 2.000000e-01 2.000000e-01 2.000000e-01 2.000000e-01 2.000000e-01 2.000000e-01 2.000000e-01 2.000000e-01 2.000000e-01 2.000000e-01 2.000000e-01 2.000000e-01 2.000000e-01 2.000000e-01 2.000000e-01 2.000000e-01 2.000000e-01 2.000000e-01 2.000000e-01 2.000000e-01 2.000000e-01 2.000000e-01 2.000000e-01 2.000000e-01 2.000000e-01 2.000000e-01 2.000000e-01 2.000000e-01 2.000000e-01 2.000000e-01 2.000000e-01 2.000000e-01 2.000000e-01 2.000000e-01 2.000000e-01 2.000000e-01 2.000000e-01 2.000000e-01 2.000000e-01 2.000000e-01 2.000000e-01 2.000000e-01 2.000000e-01 2.000000e-01 2.000000e-01 2.000000e-01 2.000000e-01 2.000000e-01 2.000000e-01 2.000000e-01 2.000000e-01 2.000000e-01 2.000000e-01 2.000000e-01 2.000000e-01 2.000000e-01 2.000000e-01 2.000000e-01 2.000000e-01 2.000000e-01 2.000000e-01 2.000000e-01 2.000000e-01 2.000000e-01 2.000000e-01 2.000000e-01 2.000000e-01 2.000000e-01 2.000000e-01 2.000000e-01 2.000000e-01 2.000000e-01 2.000000e-01 2.000000e-01 2.000000e-01 2.000000e-01 2.000000e-01 2.000000e-01 2.000000e-01 2.000000e-01 2.000000e-01 2.000000e-01 2.000000e-01 2.000000e-01 2.000000e-01 2.000000e-01 2.000000e-01 2.000000e-01 2.000000e-01 2.000000e-01 2.000000e-01 2.000000e-01 2.000000e-01 2.000000e-01 2.000000e-01 2.000000e-01 2.000000e-01 2.000000e-01 2.000000e-01 2.000000e-01 2.000000e-01 2.000000e-01 2.000000e-01 2.000000e-01 2.000000e-01 2.000000e-01 2.000000e-01 2.000000e-01 2.000000e-01 2.000000e-01 2.000000e-01 2.000000e-01 2.000000e-01 2.000000e-01 2.000000e-01 2.000000e-01 2.000000e-01 2.000000e-01 2.000000e-01 2.000000e-01 2.000000e-01 2.000000e-01
<GCONST> 3.243863e+01
<TRANSP> 4
 0.000000e+00 1.000000e+00 0.000000e+00 0.000000e+00
 0.000000e+00 8.865174e-01 1.134826e-01 0.000000e+00
 0.000000e+00 0.000000e+00 8.405461e-01 1.594539e-01
 0.000000e+00 0.000000e+00 0.000000e+00 0.000000e+00
<ENDHMM>
