~o
<STREAMINFO> 1 142
<VECSIZE> 142<NULLD><USER><DIAGC>
~h "wrong"
<BEGINHMM>
<NUMSTATES> 4
<STATE> 2
<MEAN> 142
 5.219918e-01 4.040081e-01 3.176769e-01 3.186694e-01 2.969591e-01 2.357131e-01 2.834187e-01 2.340030e-01 4.055356e-01 3.909951e-01 4.898607e-01 5.106755e-01 4.180585e-01 5.156457e-01 3.049844e-01 2.483314e-01 4.322757e-01 4.608152e-01 3.571396e-01 3.656693e-01 3.860817e-01 3.891104e-01 3.708351e-01 4.481325e-01 4.539568e-01 4.615216e-01 3.799879e-01 4.598987e-01 5.214846e-01 5.216123e-01 4.552651e-01 4.005110e-01 2.833372e-01 4.746664e-01 4.436957e-01 3.278744e-01 3.136602e-01 4.708613e-01 4.244615e-01 2.842112e-01 4.519124e-01 4.798064e-01 4.304387e-01 2.573043e-01 2.455753e-01 4.132650e-01 3.581968e-01 3.434432e-01 3.220169e-01 4.225445e-01 4.824724e-01 4.124781e-01 4.681441e-01 3.464716e-01 4.492087e-01 4.829823e-01 3.437999e-01 2.279379e-01 3.417097e-01 2.545340e-01 3.766941e-01 4.541557e-01 3.994435e-01 5.021843e-01 4.604347e-01 3.878377e-01 3.761567e-01 3.072907e-01 3.472198e-01 4.753796e-01 4.445062e-01 4.734438e-01 3.305781e-01 3.981894e-01 3.236185e-01 4.538638e-01 3.842348e-01 3.653809e-01 4.570912e-01 3.345267e-01 5.197268e-01 3.926353e-01 4.152522e-01 3.712382e-01 3.159975e-01 3.523209e-01 4.406786e-01 4.905366e-01 4.489437e-01 3.559462e-01 4.748352e-01 2.544273e-01 4.426934e-01 5.080858e-01 4.025545e-01 4.345273e-01 4.259038e-01 4.763003e-01 3.981713e-01 4.351259e-01 4.179378e-01 4.164257e-01 4.309896e-01 4.729662e-01 2.752171e-01 2.963463e-01 4.331619e-01 4.827797e-01 3.668995e-01 2.631209e-01 4.761170e-01 5.256431e-01 2.649666e-01 3.381467e-01 4.259104e-01 4.727052e-01 4.933938e-01 3.462496e-01 5.160740e-01 3.733350e-01 4.024246e-01 4.517434e-01 4.945675e-01 4.707195e-01 3.081214e-01 4.180256e-01 5.095585e-01 4.779959e-01 5.337765e-01 3.160264e-01 2.728846e-01 4.253134e-01 3.959478e-01 4.696023e-01 3.954939e-01 3.553831e-01 3.858356e-01 3.787291e-01 2.644172e-01 3.747454e-01 4.293217e-01 4.005590e-01
<VARIANCE> 142
 2.000000e-01 2.000000e-01 2.000000e-01 2.000000e-01 2.000000e-01 2.000000e-01 2.000000e-01 2.000000e-01 2.000000e-01 2.000000e-01 2.000000e-01 2.000000e-01 2.000000e-01 2.000000e-01 2.000000e-01 2.000000e-01 2.000000e-01 2.000000e-01 2.000000e-01 2.000000e-01 2.000000e-01 2.000000e-01 2.000000e-01 2.000000e-01 2.000000e-01 2.000000e-01 2.000000e-01 2.000000e-01 2.000000e-01 2.000000e-01 2.000000e-01 2.000000e-01 2.000000e-01 2.000000e-01 2.000000e-01 2.000000e-01 2.000000e-01 2.000000e-01 2.000000e-01 2.000000e-01 2.000000e-01 2.000000e-01 2.000000e-01 2.000000e-01 2.000000e-01 2.000000e-01 2.000000e-01 2.000000e-01 2.000000e-01 2.000000e-01 2.000000e-01 2.000000e-01 2.000000e-01 2.000000e-01 2.000000e-01 2.000000e-01 2.000000e-01 2.000000e-01 2.000000e-01 2.000000e-01 2.000000e-01 2.000000e-01 2.000000e-01 2.000000e-01 2.000000e-01 2.000000e-01 2.000000e-01 2.000000e-01 2.000000e-01 2.000000e-01 2.000000e-01 2.000000e-01 2.000000e-01 2.000000e-01 2.000000e-01 2.000000e-01 2.000000e-01 2.000000e-01 2.000000e-01 2.000000e-01 2.000000e-01 2.000000e-01 2.000000e-01 2.000000e-01 2.000000e-01 2.000000e-01 2.000000e-01 2.000000e-01 2.000000e-01 2.000000e-01 2.000000e-01 2.000000e-01 2.000000e-01 2.000000e-01 2.000000e-01 2.000000e-01 2.000000e-01 2.000000e-01 2.000000e-01 2.000000e-01 2.000000e-01 2.000000e-01 2.000000e-01 2.000000e-01 2.000000e-01 2.000000e-01 2.000000e-01 2.000000e-01 2.000000e-01 2.000000e-01 2.000000e-01 2.000000e-01 2.000000e-01 2.000000e-01 2.000000e-01 2.000000e-01 2.000000e-01 2.000000e-01 2.000000e-01 2.000000e-01 2.000000e-01 2.000000e-01 2.000000e-01 2.000000e-01 2.000000e-01 2.000000e-01 2.000000e-01 2.000000e-01 2.000000e-01 2.000000e-01 2.000000e-01 2.000000e-01 2.000000e-01 2.000000e-01 2.000000e-01 2.000000e-01 2.000000e-01 2.000000e-01 2.000000e-01 2.000000e-01 2.000000e-01 2.000000e-01
<GCONST> 3.243863e+01
<STATE> 3
<MEAN> 142
 7.367498e-01 3.571308e-01 3.926784e-01 3.008839e-01 2.243327e-01 3.497689e-01 4.135213e-01 3.932456e-01 3.433541e-01 3.905513e-01 4.553057e-01 4.423388e-01 4.328449e-01 4.834837e-01 2.674131e-01 3.252313e-01 4.140289e-01 4.344774e-01 3.527220e-01 4.840355e-01 4.945526e-01 4.811861e-01 4.243405e-01 4.479318e-01 4.521519e-01 4.608626e-01 4.200529e-01 3.391166e-01 3.961861e-01 3.584094e-01 4.600057e-01 4.651922e-01 5.230891e-01 4.580112e-01 4.771512e-01 3.153103e-01 2.892200e-01 3.061566e-01 3.088589e-01 2.916689e-01 2.879017e-01 4.354463e-01 2.936787e-01 3.493519e-01 2.690640e-01 4.889788e-01 4.424931e-01 3.839059e-01 3.775505e-01 3.524552e-01 4.589902e-01 3.961852e-01 4.679956e-01 2.524997e-01 5.305890e-01 3.645378e-01 4.349124e-01 3.521647e-01 3.282330e-01 2.780754e-01 5.239677e-01 4.499756e-01 3.912850e-01 4.149777e-01 3.487696e-01 5.116100e-01 3.410438e-01 3.349258e-01 4.353768e-01 3.149810e-01 4.811397e-01 5.141755e-01 4.658373e-01 4.790012e-01 4.068036e-01 4.279018e-01 4.882110e-01 4.281690e-01 4.451664e-01 3.927691e-01 4.132088e-01 3.475723e-01 3.940213e-01 4.070178e-01 3.107055e-01 5.381332e-01 4.107362e-01 4.173855e-01 4.728647e-01 3.596425e-01 3.720027e-01 4.260457e-01 4.208131e-01 3.783838e-01 3.944121e-01 4.626381e-01 3.920662e-01 3.302107e-01 3.891160e-01 4.893975e-01 3.488716e-01 5.316792e-01 3.575732e-01 3.302696e-01 3.111780e-01 3.436920e-01 3.888085e-01 3.623917e-01 3.751262e-01 3.735677e-01 4.217538e-01 3.973900e-01 2.912580e-01 2.788095e-01 3.786905e-01 4.500246e-01 3.700138e-01 3.930973e-01 4.341497e-01 4.323190e-01 4.106039e-01 5.954043e-01 4.645810e-01 4.065571e-01 4.924993e-01 4.371442e-01 4.147198e-01 2.967333e-01 3.147111e-01 4.964187e-01 4.004391e-01 3.357104e-01 4.035456e-01 4.172176e-01 3.177345e-01 3.135332e-01 5.209477e-01 3.874181e-01 2.951426e-01 3.934724e-01 4.626524e-01 5.515358e-01
<VARIANCE> 142
 2.000000e-01 2.000000e-01 2.000000e-01 2.000000e-01 2.000000e-01 2.000000e-01 2.000000e-01 2.000000e-01 2.000000e-01 2.000000e-01 2.000000e-01 2.000000e-01 2.000000e-01 2.000000e-01 2.000000e-01 2.000000e-01 2.000000e-01 2.000000e-01 2.000000e-01 2.000000e-01 2.000000e-01 2.000000e-01 2.000000e-01 2.000000e-01 2.000000e-01 2.000000e-01 2.000000e-01 2.000000e-01 2.000000e-01 2.000000e-01 2.000000e-01 2.000000e-01 2.000000e-01 2.000000e-01 2.000000e-01 2.000000e-01 2.000000e-01 2.000000e-01 2.000000e-01 2.000000e-01 2.000000e-01 2.000000e-01 2.000000e-01 2.000000e-01 2.000000e-01 2.000000e-01 2.000000e-01 2.000000e-01 2.000000e-01 2.000000e-01 2.000000e-01 2.000000e-01 2.000000e-01 2.000000e-01 2.000000e-01 2.000000e-01 2.000000e-01 2.000000e-01 2.000000e-01 2.000000e-01 2.000000e-01 2.000000e-01 2.000000e-01 2.000000e-01 2.000000e-01 2.000000e-01 2.000000e-01 2.000000e-01 2.000000e-01 2.000000e-01 2.000000e-01 2.000000e-01 2.000000e-01 2.000000e-01 2.000000e-01 2.000000e-01 2.000000e-01 2.000000e-01 2.000000e-01 2.000000e-01 2.000000e-01 2.000000e-01 2.000000e-01 2.000000e-01 2.000000e-01 2.000000e-01 2.000000e-01 2.000000e-01 2.000000e-01 2.000000e-01 2.000000e-01 2.000000e-01 2.000000e-01 2.000000e-01 2.000000e-01 2.000000e-01 2.000000e-01 2.000000e-01 2.000000e-01 2.000000e-01 2.000000e-01 2.000000e-01 2.000000e-01 2.000000e-01 2.000000e-01 2.000000e-01 2.000000e-01 2.000000e-01 2.000000e-01 2.000000e-01 2.000000e-01 2.000000e-01 2.000000e-01 2.000000e-01 2.000000e-01 2.000000e-01 2.000000e-01 2.000000e-01 2.000000e-01 2.000000e-01 2.000000e-01 2.000000e-01 2.000000e-01 2.000000e-01 2.000000e-01 2.000000e-01 2.000000e-01 2.000000e-01 2.000000e-01 2.000000e-01 2.000000e-01 2.000000e-01 2.000000e-01 2.000000e-01 2.000000e-01 2.000000e-01 2.000000e-01 2.000000e-01 2.000000e-01 2.000000e-01 2.000000e-01 2.000000e-01
<GCONST> 3.243863e+01
<TRANSP> 4
 0.000000e+00 1.000000e+00 0.000000e+00 0.000000e+00
 0.000000e+00 8.612189e-01 1.387811e-01 0.000000e+00
 0.000000e+00 0.000000e+00 8.580434e-01 1.419566e-01
 0.000000e+00 0.000000e+00 0.000000e+00 0.000000e+00
<ENDHMM>
